12,09,2022,12,35,08,0.000,249.118,0.000,29.452,CW
12,09,2022,12,40,32,0.000,249.334,0.000,29.452,CW
12,09,2022,14,10,04,0.000,249.496,0.000,29.449,CW
12,09,2022,14,10,06,0.000,249.081,0.000,29.451,CW
12,09,2022,14,10,06,0.000,249.188,0.000,29.449,CW
12,09,2022,14,10,10,0.000,249.293,0.000,29.449,CW
12,09,2022,14,10,10,0.000,249.497,0.000,29.449,CW
12,09,2022,14,10,12,0.000,249.095,0.000,29.449,CW
12,09,2022,14,10,16,0.000,249.512,0.000,29.449,CW
12,09,2022,14,10,17,0.000,249.177,0.000,29.449,CW
12,09,2022,14,10,20,0.000,249.301,0.000,29.449,CW
12,09,2022,14,10,21,0.000,249.490,0.000,29.449,CW
12,09,2022,14,10,21,0.000,249.378,0.000,29.451,CW
12,09,2022,14,10,22,0.000,249.122,0.000,29.451,CW
12,09,2022,14,10,33,0.000,249.235,0.000,29.449,CW
12,09,2022,14,10,34,0.000,249.459,0.000,29.449,CW
12,09,2022,14,10,40,72.000,249.147,23.560,29.451,CW
12,09,2022,14,10,41,72.000,247.272,23.560,28.924,CW
12,09,2022,14,10,41,72.000,245.993,23.560,28.484,CW
12,09,2022,14,10,42,72.000,244.472,23.560,28.153,CW
12,09,2022,14,10,42,72.000,243.131,23.560,27.835,CW
12,09,2022,14,10,43,72.000,241.649,23.560,27.521,CW
12,09,2022,14,10,43,72.000,240.109,23.560,27.296,CW
12,09,2022,14,10,44,72.000,238.582,23.560,27.089,CW
12,09,2022,14,10,44,72.000,237.055,23.560,26.880,CW
12,09,2022,14,10,45,72.000,235.557,23.560,26.664,CW
12,09,2022,14,10,45,72.000,234.012,23.560,26.452,CW
12,09,2022,14,10,46,72.000,232.484,23.560,26.346,CW
12,09,2022,14,10,46,72.000,231.727,23.560,26.307,CW
12,09,2022,14,10,47,72.000,230.194,23.560,26.233,CW
12,09,2022,14,10,47,72.000,228.693,23.560,26.159,CW
12,09,2022,14,10,48,72.000,227.080,23.560,26.085,CW
12,09,2022,14,10,48,72.000,225.150,23.560,26.012,CW
12,09,2022,14,10,49,72.000,223.718,23.560,25.942,CW
12,09,2022,14,10,49,72.000,222.481,23.560,25.862,CW
12,09,2022,14,10,50,72.000,221.116,23.560,25.777,CW
12,09,2022,14,10,50,71.500,220.300,23.488,25.739,CW
12,09,2022,14,10,50,71.500,218.807,23.488,25.656,CW
12,09,2022,14,10,51,71.500,217.273,23.488,25.584,CW
12,09,2022,14,10,51,71.500,215.768,23.488,25.501,CW
12,09,2022,14,10,52,71.500,214.241,23.488,25.435,CW
12,09,2022,14,10,52,71.500,212.699,23.488,25.397,CW
12,09,2022,14,10,53,71.500,211.172,23.488,25.357,CW
12,09,2022,14,10,54,71.500,209.672,23.488,25.324,CW
12,09,2022,14,10,54,71.500,208.172,23.488,25.280,CW
12,09,2022,14,10,54,71.500,206.612,23.488,25.242,CW
12,09,2022,14,10,55,71.500,205.085,23.488,25.205,CW
12,09,2022,14,10,55,71.500,203.538,23.488,25.162,CW
12,09,2022,14,10,56,71.500,202.053,23.488,25.128,CW
12,09,2022,14,10,56,71.500,200.525,23.488,25.085,CW
12,09,2022,14,10,57,71.500,199.757,23.488,25.069,CW
12,09,2022,14,10,57,71.500,198.219,23.488,25.030,CW
12,09,2022,14,10,58,71.500,196.677,23.488,24.989,CW
12,09,2022,14,10,58,71.500,194.808,23.488,24.941,CW
12,09,2022,14,10,59,71.500,193.209,23.488,24.898,CW
12,09,2022,14,10,59,71.500,191.689,23.488,24.865,CW
12,09,2022,14,11,00,71.000,190.556,23.418,24.833,CW
12,09,2022,14,11,00,71.000,188.599,23.418,24.800,CW
12,09,2022,14,11,01,71.000,187.102,23.418,24.753,CW
12,09,2022,14,11,01,71.000,185.563,23.418,24.712,CW
12,09,2022,14,11,02,71.000,184.063,23.418,24.679,CW
12,09,2022,14,11,02,71.000,182.574,23.418,24.633,CW
12,09,2022,14,11,03,71.000,181.062,23.418,24.594,CW
12,09,2022,14,11,03,71.000,180.293,23.418,24.574,CW
12,09,2022,14,11,04,71.000,178.725,23.418,24.533,CW
12,09,2022,14,11,04,71.000,177.231,23.418,24.492,CW
12,09,2022,14,11,05,71.000,175.740,23.418,24.456,CW
12,09,2022,14,11,05,71.000,174.236,23.418,24.412,CW
12,09,2022,14,11,06,71.000,172.703,23.418,24.385,CW
12,09,2022,14,11,06,71.000,171.164,23.418,24.363,CW
12,09,2022,14,11,07,71.000,169.671,23.418,24.342,CW
12,09,2022,14,11,07,71.000,168.159,23.418,24.315,CW
12,09,2022,14,11,08,71.000,166.585,23.418,24.287,CW
12,09,2022,14,11,08,71.000,165.803,23.418,24.282,CW
12,09,2022,14,11,09,71.000,164.270,23.418,24.254,CW
12,09,2022,14,11,09,71.000,162.772,23.418,24.227,CW
12,09,2022,14,11,10,70.500,161.300,23.348,24.206,CW
12,09,2022,14,11,10,70.500,159.722,23.348,24.183,CW
12,09,2022,14,11,11,70.500,158.229,23.348,24.162,CW
12,09,2022,14,11,11,70.500,156.707,23.348,24.138,CW
12,09,2022,14,11,12,70.500,155.193,23.348,24.113,CW
12,09,2022,14,11,12,70.500,153.677,23.348,24.091,CW
12,09,2022,14,11,13,70.500,152.114,23.348,24.062,CW
12,09,2022,14,11,13,70.500,150.614,23.348,24.036,CW
12,09,2022,14,11,14,70.500,149.095,23.348,24.013,CW
12,09,2022,14,11,14,70.500,147.601,23.348,23.989,CW
12,09,2022,14,11,15,70.500,146.820,23.348,23.974,CW
12,09,2022,14,11,15,70.500,145.278,23.348,23.958,CW
12,09,2022,14,11,16,70.500,143.749,23.348,23.929,CW
12,09,2022,14,11,16,70.500,142.255,23.348,23.910,CW
12,09,2022,14,11,17,70.500,140.713,23.348,23.886,CW
12,09,2022,14,11,17,70.500,139.172,23.348,23.863,CW
12,09,2022,14,11,17,70.500,137.692,23.348,23.841,CW
12,09,2022,14,11,18,70.500,136.403,23.348,23.831,CW
12,09,2022,14,11,18,70.500,135.055,23.348,23.820,CW
12,09,2022,14,11,19,70.500,133.503,23.348,23.814,CW
12,09,2022,14,11,19,70.500,131.992,23.348,23.805,CW
12,09,2022,14,11,20,70.000,131.259,23.279,23.803,CW
12,09,2022,14,11,20,70.000,129.753,23.279,23.782,CW
12,09,2022,14,11,21,70.000,128.237,23.279,23.764,CW
12,09,2022,14,11,21,70.000,126.698,23.279,23.754,CW
12,09,2022,14,11,22,70.000,125.155,23.279,23.748,CW
12,09,2022,14,11,22,70.000,123.643,23.279,23.738,CW
12,09,2022,14,11,23,70.000,122.139,23.279,23.733,CW
12,09,2022,14,11,23,70.000,120.535,23.279,23.722,CW
12,09,2022,14,11,24,70.000,118.613,23.279,23.715,CW
12,09,2022,14,11,24,70.000,117.294,23.279,23.705,CW
12,09,2022,14,11,25,70.000,115.966,23.279,23.700,CW
12,09,2022,14,11,25,70.000,115.333,23.279,23.695,CW
12,09,2022,14,11,26,70.000,113.739,23.279,23.689,CW
12,09,2022,14,11,26,70.000,112.257,23.279,23.678,CW
12,09,2022,14,11,27,70.000,110.729,23.279,23.671,CW
12,09,2022,14,11,27,70.000,109.241,23.279,23.665,CW
12,09,2022,14,11,28,70.000,107.721,23.279,23.657,CW
12,09,2022,14,11,28,70.000,106.154,23.279,23.649,CW
12,09,2022,14,11,29,70.000,104.645,23.279,23.639,CW
12,09,2022,14,11,29,70.000,103.000,23.279,23.632,CW
12,09,2022,14,11,30,69.500,101.342,23.210,23.627,CW
12,09,2022,14,11,30,69.500,99.698,23.210,23.619,CW
12,09,2022,14,11,31,69.500,98.185,23.210,23.612,CW
12,09,2022,14,11,31,69.500,96.777,23.210,23.601,CW
12,09,2022,14,11,32,69.500,95.206,23.210,23.595,CW
12,09,2022,14,11,32,69.500,93.602,23.210,23.590,CW
12,09,2022,14,11,33,69.500,92.954,23.210,23.584,CW
12,09,2022,14,11,33,69.500,91.724,23.210,23.577,CW
12,09,2022,14,11,34,69.500,90.224,23.210,23.569,CW
12,09,2022,14,11,34,69.500,88.712,23.210,23.562,CW
12,09,2022,14,11,35,69.500,87.175,23.210,23.551,CW
12,09,2022,14,11,35,69.500,85.610,23.210,23.547,CW
12,09,2022,14,11,36,69.500,84.083,23.210,23.540,CW
12,09,2022,14,11,36,69.500,82.578,23.210,23.531,CW
12,09,2022,14,11,37,69.500,81.029,23.210,23.524,CW
12,09,2022,14,11,37,69.500,80.275,23.210,23.520,CW
12,09,2022,14,11,38,69.500,78.727,23.210,23.511,CW
12,09,2022,14,11,38,69.500,77.201,23.210,23.506,CW
12,09,2022,14,11,39,69.500,75.724,23.210,23.498,CW
12,09,2022,14,11,39,69.500,74.523,23.210,23.491,CW
12,09,2022,14,11,40,69.000,73.510,23.142,23.484,CW
12,09,2022,14,11,40,69.000,72.838,23.142,23.476,CW
12,09,2022,14,11,41,69.000,72.170,23.142,23.469,CW
12,09,2022,14,11,41,69.000,71.741,23.142,23.463,CW
12,09,2022,14,11,42,69.000,71.370,23.142,23.452,CW
12,09,2022,14,11,42,69.000,70.991,23.142,23.447,CW
12,09,2022,14,11,43,69.000,70.670,23.142,23.437,CW
12,09,2022,14,11,43,69.000,70.361,23.142,23.429,CW
12,09,2022,14,11,43,69.000,70.213,23.142,23.425,CW
12,09,2022,14,11,44,69.000,69.916,23.142,23.419,CW
12,09,2022,14,11,44,69.000,69.742,23.142,23.408,CW
12,09,2022,14,11,45,69.000,69.593,23.142,23.403,CW
12,09,2022,14,11,45,69.000,69.444,23.142,23.399,CW
12,09,2022,14,11,46,69.000,69.319,23.142,23.391,CW
12,09,2022,14,11,46,69.000,69.218,23.142,23.381,CW
12,09,2022,14,11,47,69.000,69.098,23.142,23.371,CW
12,09,2022,14,11,49,69.000,68.995,23.142,23.337,CW
12,09,2022,14,11,51,68.500,68.863,23.075,23.316,CW
12,09,2022,14,11,51,68.500,68.756,23.075,23.311,CW
12,09,2022,14,11,52,68.500,68.580,23.075,23.294,CW
12,09,2022,14,11,59,68.500,68.484,23.075,23.193,CW
12,09,2022,14,12,01,68.000,68.294,23.008,23.160,CW
12,09,2022,14,12,02,68.000,68.190,23.008,23.154,CW
12,09,2022,14,12,03,68.000,68.039,23.008,23.139,CW
12,09,2022,14,12,09,68.000,67.833,23.008,23.040,CW
12,09,2022,14,12,09,68.000,67.492,23.008,23.035,CW
12,09,2022,14,12,21,67.000,67.402,22.877,22.935,CW
12,09,2022,14,12,21,67.000,67.294,22.877,22.925,CW
12,09,2022,14,12,24,67.000,67.193,22.877,22.881,CW
12,09,2022,14,12,25,67.000,67.038,22.877,22.877,CW
12,09,2022,14,12,26,67.000,66.884,22.877,22.874,CW
12,09,2022,14,12,27,67.000,66.747,22.877,22.874,CW
12,09,2022,14,12,28,67.000,66.598,22.877,22.876,CW
12,09,2022,14,12,29,67.000,66.446,22.877,22.874,CW
12,09,2022,14,12,30,66.500,66.265,22.813,22.876,CW
12,09,2022,14,12,30,66.500,65.850,22.813,22.870,CW
12,09,2022,14,12,31,66.500,65.954,22.813,22.866,CW
12,09,2022,14,12,31,66.500,66.080,22.813,22.860,CW
12,09,2022,14,12,32,66.500,66.210,22.813,22.854,CW
12,09,2022,14,12,32,66.500,66.313,22.813,22.844,CW
12,09,2022,14,12,33,66.500,66.462,22.813,22.828,CW
12,09,2022,14,12,41,66.000,66.306,22.749,22.800,CW
12,09,2022,14,12,42,66.000,66.137,22.749,22.786,CW
12,09,2022,14,12,44,66.000,66.034,22.749,22.753,CW
12,09,2022,14,12,46,66.000,65.910,22.749,22.748,CW
12,09,2022,14,12,53,65.500,65.730,22.686,22.707,CW
12,09,2022,14,12,54,65.500,65.566,22.686,22.694,CW
12,09,2022,14,13,01,65.000,65.247,22.623,22.671,CW
12,09,2022,14,13,02,65.000,65.115,22.623,22.660,CW
12,09,2022,14,13,04,65.000,64.990,22.623,22.633,CW
12,09,2022,14,13,11,64.500,64.818,22.561,22.613,CW
12,09,2022,14,13,11,64.500,64.707,22.561,22.606,CW
12,09,2022,14,13,12,64.500,64.544,22.561,22.590,CW
12,09,2022,14,13,21,64.000,64.346,22.500,22.557,CW
12,09,2022,14,13,22,64.000,64.181,22.500,22.542,CW
12,09,2022,14,13,22,64.000,64.067,22.500,22.534,CW
12,09,2022,14,13,25,64.000,63.963,22.500,22.501,CW
12,09,2022,14,13,26,64.000,63.817,22.500,22.498,CW
12,09,2022,14,13,27,64.000,63.985,22.500,22.498,CW
12,09,2022,14,13,31,63.500,63.857,22.440,22.492,CW
12,09,2022,14,13,31,63.500,63.747,22.440,22.484,CW
12,09,2022,14,13,32,63.500,63.584,22.440,22.468,CW
12,09,2022,14,13,34,63.500,63.412,22.440,22.447,CW
12,09,2022,14,13,36,63.500,63.309,22.440,22.443,CW
12,09,2022,14,13,41,63.000,63.199,22.380,22.427,CW
12,09,2022,14,13,42,63.000,63.051,22.380,22.413,CW
12,09,2022,14,13,50,62.500,62.908,22.321,22.376,CW
12,09,2022,14,13,52,62.500,62.649,22.321,22.358,CW
12,09,2022,14,13,53,62.500,62.515,22.321,22.343,CW
12,09,2022,14,14,00,62.000,62.411,22.262,22.315,CW
12,09,2022,14,14,01,62.000,62.235,22.262,22.304,CW
12,09,2022,14,14,02,62.000,62.083,22.262,22.289,CW
12,09,2022,14,14,10,61.500,61.895,22.205,22.262,CW
12,09,2022,14,14,11,61.500,61.561,22.205,22.254,CW
12,09,2022,14,14,12,61.500,61.446,22.205,22.237,CW
12,09,2022,14,14,13,61.500,61.204,22.205,22.223,CW
12,09,2022,14,14,16,61.500,61.587,22.205,22.199,CW
12,09,2022,14,14,17,61.500,61.716,22.205,22.194,CW
12,09,2022,14,14,21,61.000,61.475,22.148,22.189,CW
12,09,2022,14,14,21,61.000,61.351,22.148,22.183,CW
12,09,2022,14,14,22,61.000,61.242,22.148,22.177,CW
12,09,2022,14,14,23,61.000,61.079,22.148,22.161,CW
12,09,2022,14,14,30,60.500,60.865,22.091,22.144,CW
12,09,2022,14,14,31,60.500,60.699,22.091,22.133,CW
12,09,2022,14,14,32,60.500,60.534,22.091,22.116,CW
12,09,2022,14,14,33,60.500,59.972,22.091,22.096,CW
12,09,2022,14,14,37,60.500,60.510,22.091,22.090,CW
12,09,2022,14,14,40,60.000,60.351,22.036,22.090,CW
12,09,2022,14,14,41,60.000,59.752,22.036,22.074,CW
12,09,2022,14,14,54,59.500,59.579,21.981,21.987,CW
12,09,2022,14,15,00,59.000,59.470,21.927,21.979,CW
12,09,2022,14,15,01,59.000,59.364,21.927,21.969,CW
12,09,2022,14,15,01,59.000,59.243,21.927,21.962,CW
12,09,2022,14,15,02,59.000,59.067,21.927,21.953,CW
12,09,2022,14,15,03,59.000,58.912,21.927,21.935,CW
12,09,2022,14,15,04,59.000,58.560,21.927,21.931,CW
12,09,2022,14,15,06,59.000,58.963,21.927,21.925,CW
12,09,2022,14,15,11,58.500,58.799,21.873,21.914,CW
12,09,2022,14,15,12,58.500,58.699,21.873,21.909,CW
12,09,2022,14,15,13,58.500,58.547,21.873,21.892,CW
12,09,2022,14,15,20,58.000,58.401,21.821,21.870,CW
12,09,2022,14,15,21,58.000,58.256,21.821,21.855,CW
12,09,2022,14,15,22,58.000,58.080,21.821,21.837,CW
12,09,2022,14,15,26,58.000,57.970,21.821,21.817,CW
12,09,2022,14,15,31,57.500,57.804,21.769,21.804,CW
12,09,2022,14,15,32,57.500,57.698,21.769,21.800,CW
12,09,2022,14,15,33,57.500,57.518,21.769,21.781,CW
12,09,2022,14,15,40,57.000,57.410,21.717,21.766,CW
12,09,2022,14,15,41,57.000,57.292,21.717,21.760,CW
12,09,2022,14,15,41,57.000,57.189,21.717,21.755,CW
12,09,2022,14,15,42,57.000,57.042,21.717,21.737,CW
12,09,2022,14,15,44,57.000,56.926,21.717,21.721,CW
12,09,2022,14,15,45,57.000,56.760,21.717,21.718,CW
12,09,2022,14,15,48,57.000,56.540,21.717,21.718,CW
12,09,2022,14,15,50,56.500,56.932,21.667,21.715,CW
12,09,2022,14,15,51,56.500,56.777,21.667,21.693,CW
12,09,2022,14,15,52,56.500,56.215,21.667,21.689,CW
12,09,2022,14,15,53,56.500,56.634,21.667,21.673,CW
12,09,2022,14,15,54,56.500,56.529,21.667,21.667,CW
12,09,2022,14,15,54,56.500,56.124,21.667,21.668,CW
12,09,2022,14,15,55,56.500,56.321,21.667,21.663,CW
12,09,2022,14,15,57,56.500,56.152,21.667,21.662,CW
12,09,2022,14,15,58,56.500,56.009,21.667,21.655,CW
12,09,2022,14,15,58,56.500,55.677,21.667,21.660,CW
12,09,2022,14,15,59,56.500,55.792,21.667,21.655,CW
12,09,2022,14,16,02,56.000,55.943,21.617,21.640,CW
12,09,2022,14,16,11,55.500,55.828,21.568,21.605,CW
12,09,2022,14,16,11,55.500,55.718,21.568,21.600,CW
12,09,2022,14,16,12,55.500,55.613,21.568,21.596,CW
12,09,2022,14,16,12,55.500,55.475,21.568,21.585,CW
12,09,2022,14,16,15,55.500,55.359,21.568,21.563,CW
12,09,2022,14,16,16,55.500,55.223,21.568,21.563,CW
12,09,2022,14,16,17,55.500,55.116,21.568,21.563,CW
12,09,2022,14,16,18,55.500,55.002,21.568,21.563,CW
12,09,2022,14,16,19,55.500,54.888,21.568,21.561,CW
12,09,2022,14,16,22,55.000,55.001,21.520,21.550,CW
12,09,2022,14,16,31,54.500,54.866,21.472,21.508,CW
12,09,2022,14,16,31,54.500,54.748,21.472,21.508,CW
12,09,2022,14,16,32,54.500,54.581,21.472,21.486,CW
12,09,2022,14,16,34,54.500,54.480,21.472,21.471,CW
12,09,2022,14,16,41,54.000,54.366,21.425,21.464,CW
12,09,2022,14,16,41,54.000,54.255,21.425,21.457,CW
12,09,2022,14,16,42,54.000,54.074,21.425,21.438,CW
12,09,2022,14,16,50,53.500,53.971,21.379,21.424,CW
12,09,2022,14,16,51,53.500,53.795,21.379,21.419,CW
12,09,2022,14,16,51,53.500,53.688,21.379,21.410,CW
12,09,2022,14,16,52,53.500,53.541,21.379,21.394,CW
12,09,2022,14,16,58,53.500,53.331,21.379,21.377,CW
12,09,2022,14,16,59,53.500,53.482,21.379,21.376,CW
12,09,2022,14,17,01,53.000,53.354,21.333,21.375,CW
12,09,2022,14,17,01,53.000,53.228,21.333,21.366,CW
12,09,2022,14,17,02,53.000,53.069,21.333,21.353,CW
12,09,2022,14,17,04,53.000,52.957,21.333,21.338,CW
12,09,2022,14,17,11,52.500,52.751,21.289,21.316,CW
12,09,2022,14,17,12,52.500,52.580,21.289,21.299,CW
12,09,2022,14,17,17,52.500,52.463,21.289,21.289,CW
12,09,2022,14,17,21,52.000,52.188,21.245,21.273,CW
12,09,2022,14,17,22,52.000,52.068,21.245,21.262,CW
12,09,2022,14,17,26,52.000,51.690,21.245,21.240,CW
12,09,2022,14,17,30,51.500,51.981,21.201,21.239,CW
12,09,2022,14,17,31,51.500,51.779,21.201,21.232,CW
12,09,2022,14,17,32,51.500,51.608,21.201,21.211,CW
12,09,2022,14,17,34,51.500,51.496,21.201,21.204,CW
12,09,2022,14,17,39,51.500,50.965,21.201,21.200,CW
12,09,2022,14,17,40,51.000,51.091,21.159,21.200,CW
12,09,2022,14,17,40,51.000,50.963,21.159,21.200,CW
12,09,2022,14,17,43,51.000,51.334,21.159,21.156,CW
12,09,2022,14,17,44,51.000,51.554,21.159,21.151,CW
12,09,2022,14,17,51,50.500,51.294,21.117,21.149,CW
12,09,2022,14,17,52,50.500,51.060,21.117,21.138,CW
12,09,2022,14,17,52,50.500,50.915,21.117,21.133,CW
12,09,2022,14,17,53,50.500,50.755,21.117,21.122,CW
12,09,2022,14,17,54,50.500,50.615,21.117,21.118,CW
12,09,2022,14,17,55,50.500,50.507,21.117,21.119,CW
12,09,2022,14,17,59,50.500,50.383,21.117,21.118,CW
12,09,2022,14,18,01,50.000,50.201,21.076,21.101,CW
12,09,2022,14,18,02,50.000,50.075,21.076,21.090,CW
12,09,2022,14,18,03,50.000,49.760,21.076,21.083,CW
12,09,2022,14,18,03,50.000,49.542,21.076,21.081,CW
12,09,2022,14,18,05,50.000,49.998,21.076,21.075,CW
12,09,2022,14,18,08,50.000,49.894,21.076,21.070,CW
12,09,2022,14,18,08,50.000,50.054,21.076,21.070,CW
12,09,2022,14,18,11,49.500,49.905,21.036,21.068,CW
12,09,2022,14,18,11,49.500,49.795,21.036,21.057,CW
12,09,2022,14,18,12,49.500,49.686,21.036,21.052,CW
12,09,2022,14,18,13,49.500,49.509,21.036,21.040,CW
12,09,2022,14,18,21,49.000,49.305,20.996,21.031,CW
12,09,2022,14,18,22,49.000,49.195,20.996,21.024,CW
12,09,2022,14,18,23,49.000,49.049,20.996,21.009,CW
12,09,2022,14,18,31,48.500,48.812,20.958,20.985,CW
12,09,2022,14,18,31,48.500,48.702,20.958,20.975,CW
12,09,2022,14,18,32,48.500,48.570,20.958,20.963,CW
12,09,2022,14,18,34,48.500,48.268,20.958,20.959,CW
12,09,2022,14,18,34,48.500,48.119,20.958,20.957,CW
12,09,2022,14,18,35,48.500,48.465,20.958,20.954,CW
12,09,2022,14,18,41,48.000,48.357,20.920,20.952,CW
12,09,2022,14,18,41,48.000,48.247,20.920,20.941,CW
12,09,2022,14,18,42,48.000,48.119,20.920,20.920,CW
12,09,2022,14,18,44,48.000,48.005,20.920,20.919,CW
12,09,2022,14,18,51,47.500,47.801,20.882,20.913,CW
12,09,2022,14,18,51,47.500,47.696,20.882,20.905,CW
12,09,2022,14,18,52,47.500,47.549,20.882,20.887,CW
12,09,2022,14,19,00,47.000,47.411,20.846,20.880,CW
12,09,2022,14,19,01,47.000,47.300,20.846,20.875,CW
12,09,2022,14,19,01,47.000,47.186,20.846,20.869,CW
12,09,2022,14,19,03,47.000,47.043,20.846,20.853,CW
12,09,2022,14,19,10,46.500,46.918,20.810,20.834,CW
12,09,2022,14,19,11,46.500,46.757,20.810,20.821,CW
12,09,2022,14,19,12,46.500,46.654,20.810,20.809,CW
12,09,2022,14,19,13,46.500,46.526,20.810,20.812,CW
12,09,2022,14,19,21,46.000,46.355,20.775,20.803,CW
12,09,2022,14,19,21,46.000,46.191,20.775,20.787,CW
12,09,2022,14,19,22,46.000,46.037,20.775,20.783,CW
12,09,2022,14,19,30,45.500,45.906,20.741,20.772,CW
12,09,2022,14,19,31,45.500,45.790,20.741,20.772,CW
12,09,2022,14,19,32,45.500,45.641,20.741,20.762,CW
12,09,2022,14,19,33,45.500,45.516,20.741,20.746,CW
12,09,2022,14,19,41,45.000,45.356,20.707,20.737,CW
12,09,2022,14,19,41,45.000,45.248,20.707,20.733,CW
12,09,2022,14,19,42,45.000,45.119,20.707,20.721,CW
12,09,2022,14,19,43,45.000,45.006,20.707,20.713,CW
12,09,2022,14,19,51,44.500,44.806,20.675,20.700,CW
12,09,2022,14,19,51,44.500,44.699,20.675,20.693,CW
12,09,2022,14,19,52,44.500,44.550,20.675,20.680,CW
12,09,2022,14,20,01,44.000,44.363,20.643,20.662,CW
12,09,2022,14,20,01,44.000,44.248,20.643,20.656,CW
12,09,2022,14,20,02,44.000,44.076,20.643,20.647,CW
12,09,2022,14,20,10,43.500,43.960,20.611,20.636,CW
12,09,2022,14,20,11,43.500,43.847,20.611,20.634,CW
12,09,2022,14,20,11,43.500,43.740,20.611,20.629,CW
12,09,2022,14,20,12,43.500,43.577,20.611,20.584,CW
12,09,2022,14,20,20,43.000,43.417,20.581,20.573,CW
12,09,2022,14,20,21,43.000,43.248,20.581,20.574,CW
12,09,2022,14,20,22,43.000,43.078,20.581,20.575,CW
12,09,2022,14,20,30,42.500,42.912,20.551,20.574,CW
12,09,2022,14,20,31,42.500,42.753,20.551,20.563,CW
12,09,2022,14,20,32,42.500,42.581,20.551,20.556,CW
12,09,2022,14,20,41,42.000,42.361,20.522,20.547,CW
12,09,2022,14,20,42,42.000,42.155,20.522,20.534,CW
12,09,2022,14,20,43,42.000,42.001,20.522,20.523,CW
12,09,2022,14,20,51,41.500,41.853,20.494,20.514,CW
12,09,2022,14,20,51,41.500,41.743,20.494,20.514,CW
12,09,2022,14,20,52,41.500,41.576,20.494,20.501,CW
12,09,2022,14,21,01,41.000,41.408,20.467,20.496,CW
12,09,2022,14,21,01,41.000,41.293,20.467,20.492,CW
12,09,2022,14,21,01,41.000,41.191,20.467,20.482,CW
12,09,2022,14,21,02,41.000,41.037,20.467,20.475,CW
12,09,2022,14,21,08,41.000,40.837,20.467,20.470,CW
12,09,2022,14,21,09,41.000,40.612,20.467,20.468,CW
12,09,2022,14,21,09,41.000,40.434,20.467,20.468,CW
12,09,2022,14,21,11,40.500,40.665,20.440,20.460,CW
12,09,2022,14,21,11,40.500,41.015,20.440,20.442,CW
12,09,2022,14,21,21,40.000,40.848,20.414,20.441,CW
12,09,2022,14,21,21,40.000,40.697,20.414,20.437,CW
12,09,2022,14,21,21,40.000,40.535,20.414,20.430,CW
12,09,2022,14,21,22,40.000,40.389,20.414,20.422,CW
12,09,2022,14,21,22,40.000,40.274,20.414,20.415,CW
12,09,2022,14,21,23,40.000,40.171,20.414,20.415,CW
12,09,2022,14,21,24,40.000,40.029,20.414,20.415,CW
12,09,2022,14,21,30,39.500,39.907,20.389,20.404,CW
12,09,2022,14,21,31,39.500,39.793,20.389,20.402,CW
12,09,2022,14,21,32,39.500,39.347,20.389,20.394,CW
12,09,2022,14,21,32,39.500,39.089,20.389,20.391,CW
12,09,2022,14,21,37,39.500,39.266,20.389,20.389,CW
12,09,2022,14,21,38,39.500,39.506,20.389,20.386,CW
12,09,2022,14,21,39,39.500,39.623,20.389,20.383,CW
12,09,2022,14,21,41,39.000,39.516,20.365,20.382,CW
12,09,2022,14,21,41,39.000,39.376,20.365,20.376,CW
12,09,2022,14,21,41,39.000,39.264,20.365,20.371,CW
12,09,2022,14,21,42,39.000,39.161,20.365,20.369,CW
12,09,2022,14,21,43,39.000,39.030,20.365,20.372,CW
12,09,2022,14,21,49,39.000,38.847,20.365,20.369,CW
12,09,2022,14,21,51,38.500,38.703,20.342,20.347,CW
12,09,2022,14,21,52,38.500,38.538,20.342,20.345,CW
12,09,2022,14,22,01,38.000,38.347,20.319,20.339,CW
12,09,2022,14,22,01,38.000,38.241,20.319,20.331,CW
12,09,2022,14,22,02,38.000,38.067,20.319,20.327,CW
12,09,2022,14,22,10,37.500,37.912,20.297,20.321,CW
12,09,2022,14,22,11,37.500,37.737,20.297,20.316,CW
12,09,2022,14,22,12,37.500,37.604,20.297,20.299,CW
12,09,2022,14,22,13,37.500,37.485,20.297,20.301,CW
12,09,2022,14,22,13,37.500,37.261,20.297,20.298,CW
12,09,2022,14,22,14,37.500,37.001,20.297,20.298,CW
12,09,2022,14,22,18,37.500,37.302,20.297,20.295,CW
12,09,2022,14,22,18,37.500,37.489,20.297,20.295,CW
12,09,2022,14,22,21,37.000,37.343,20.276,20.260,CW
12,09,2022,14,22,21,37.000,37.206,20.276,20.261,CW
12,09,2022,14,22,22,37.000,36.934,20.276,20.257,CW
12,09,2022,14,22,22,37.000,36.753,20.276,20.255,CW
12,09,2022,14,22,23,37.000,36.640,20.276,20.257,CW
12,09,2022,14,22,30,36.500,36.744,20.255,20.257,CW
12,09,2022,14,22,33,36.500,36.604,20.255,20.255,CW
12,09,2022,14,22,35,36.500,36.501,20.255,20.257,CW
12,09,2022,14,22,41,36.000,36.313,20.236,20.194,CW
12,09,2022,14,22,42,36.000,36.212,20.236,20.191,CW
12,09,2022,14,22,43,36.000,36.050,20.236,20.191,CW
12,09,2022,14,22,50,35.500,35.914,20.217,20.189,CW
12,09,2022,14,22,51,35.500,35.808,20.217,20.191,CW
12,09,2022,14,22,52,35.500,35.655,20.217,20.189,CW
12,09,2022,14,22,53,35.500,35.528,20.217,20.200,CW
12,09,2022,14,23,01,35.000,35.401,20.199,20.191,CW
12,09,2022,14,23,01,35.000,35.289,20.199,20.174,CW
12,09,2022,14,23,02,35.000,35.187,20.199,20.173,CW
12,09,2022,14,23,03,35.000,35.039,20.199,20.172,CW
12,09,2022,14,23,10,34.500,34.910,20.182,20.172,CW
12,09,2022,14,23,11,34.500,34.742,20.182,20.172,CW
12,09,2022,14,23,12,34.500,34.573,20.182,20.173,CW
12,09,2022,14,23,20,34.000,34.469,20.165,20.173,CW
12,09,2022,14,23,21,34.000,34.359,20.165,20.173,CW
12,09,2022,14,23,22,34.000,34.194,20.165,20.173,CW
12,09,2022,14,23,23,34.000,34.042,20.165,20.172,CW
12,09,2022,14,23,30,33.500,33.907,20.149,20.129,CW
12,09,2022,14,23,31,33.500,33.797,20.149,20.111,CW
12,09,2022,14,23,32,33.500,33.649,20.149,20.108,CW
12,09,2022,14,23,33,33.500,33.517,20.149,20.107,CW
12,09,2022,14,23,41,33.000,33.250,20.134,20.103,CW
12,09,2022,14,23,42,33.000,33.114,20.134,20.102,CW
12,09,2022,14,23,43,33.000,33.001,20.134,20.119,CW
12,09,2022,14,23,51,32.500,32.792,20.120,20.129,CW
12,09,2022,14,23,51,32.500,32.689,20.120,20.129,CW
12,09,2022,14,23,52,32.500,32.578,20.120,20.128,CW
12,09,2022,14,24,00,32.000,32.413,20.107,20.106,CW
12,09,2022,14,24,01,32.000,32.250,20.107,20.092,CW
12,09,2022,14,24,02,32.000,32.079,20.107,20.092,CW
12,09,2022,14,24,10,31.500,31.968,20.094,20.089,CW
12,09,2022,14,24,11,31.500,31.854,20.094,20.091,CW
12,09,2022,14,24,11,31.500,31.750,20.094,20.089,CW
12,09,2022,14,24,12,31.500,31.580,20.094,20.089,CW
12,09,2022,14,24,20,31.000,31.409,20.083,20.067,CW
12,09,2022,14,24,21,31.000,31.299,20.083,20.063,CW
12,09,2022,14,24,21,31.000,31.195,20.083,20.063,CW
12,09,2022,14,24,22,31.000,31.051,20.083,20.062,CW
12,09,2022,14,24,31,30.500,30.860,20.072,20.056,CW
12,09,2022,14,24,31,30.500,30.754,20.072,20.058,CW
12,09,2022,14,24,32,30.500,30.650,20.072,20.056,CW
12,09,2022,14,24,33,30.500,30.530,20.072,20.062,CW
12,09,2022,14,24,41,30.000,30.415,20.061,20.062,CW
12,09,2022,14,24,41,30.000,30.304,20.061,20.063,CW
12,09,2022,14,24,42,30.000,30.197,20.061,20.062,CW
12,09,2022,14,24,43,30.000,30.025,20.061,20.062,CW
12,09,2022,14,24,46,30.000,29.772,20.061,20.062,CW
12,09,2022,14,24,46,30.000,29.458,20.061,20.062,CW
12,09,2022,14,24,48,30.000,29.617,20.061,20.063,CW
12,09,2022,14,24,49,30.000,29.944,20.061,20.064,CW
12,09,2022,14,24,51,29.500,29.809,20.052,20.026,CW
12,09,2022,14,24,52,29.500,29.705,20.052,20.025,CW
12,09,2022,14,24,52,29.500,29.602,20.052,20.025,CW
12,09,2022,14,24,54,29.500,29.499,20.052,20.025,CW
12,09,2022,14,25,01,29.000,29.305,20.043,20.021,CW
12,09,2022,14,25,02,29.000,29.120,20.043,20.019,CW
12,09,2022,14,25,03,29.000,28.998,20.043,20.037,CW
12,09,2022,14,25,11,28.500,28.870,20.035,20.045,CW
12,09,2022,14,25,12,28.500,28.692,20.035,20.047,CW
12,09,2022,14,25,13,28.500,28.234,20.035,20.045,CW
12,09,2022,14,25,14,28.500,28.340,20.035,20.045,CW
12,09,2022,14,25,14,28.500,28.587,20.035,20.045,CW
12,09,2022,14,25,21,28.000,28.315,20.028,20.010,CW
12,09,2022,14,25,22,28.000,28.207,20.028,20.008,CW
12,09,2022,14,25,23,28.000,28.082,20.028,20.010,CW
12,09,2022,14,25,31,27.500,27.925,20.022,20.007,CW
12,09,2022,14,25,32,27.500,27.651,20.022,20.007,CW
12,09,2022,14,25,32,27.500,27.537,20.022,20.012,CW
12,09,2022,14,25,41,27.000,27.355,20.017,20.019,CW
12,09,2022,14,25,42,27.000,27.192,20.017,20.018,CW
12,09,2022,14,25,43,27.000,27.026,20.017,20.019,CW
12,09,2022,14,25,51,26.500,26.857,20.012,20.018,CW
12,09,2022,14,25,52,26.500,26.700,20.012,20.018,CW
12,09,2022,14,25,53,26.500,26.538,20.012,20.019,CW
12,09,2022,14,26,00,26.000,26.395,20.008,20.001,CW
12,09,2022,14,26,01,26.000,26.222,20.008,19.986,CW
12,09,2022,14,26,02,26.000,26.058,20.008,19.981,CW
12,09,2022,14,26,11,25.500,25.915,20.005,19.981,CW
12,09,2022,14,26,11,25.500,25.799,20.005,19.981,CW
12,09,2022,14,26,12,25.500,25.696,20.005,19.982,CW
12,09,2022,14,26,13,25.500,25.547,20.005,19.988,CW
12,09,2022,14,26,20,25.000,25.416,20.002,20.003,CW
12,09,2022,14,26,21,25.000,25.301,20.002,20.003,CW
12,09,2022,14,26,21,25.000,25.197,20.002,20.001,CW
12,09,2022,14,26,22,25.000,25.087,20.002,20.001,CW
12,09,2022,14,26,30,24.500,24.971,20.001,20.001,CW
12,09,2022,14,26,31,24.500,24.860,20.001,20.003,CW
12,09,2022,14,26,31,24.500,24.750,20.001,20.003,CW
12,09,2022,14,26,32,24.500,24.569,20.001,20.001,CW
12,09,2022,14,26,41,24.000,24.400,20.000,20.003,CW
12,09,2022,14,26,41,24.000,24.289,20.000,20.001,CW
12,09,2022,14,26,42,24.000,24.182,20.000,20.001,CW
12,09,2022,14,26,43,24.000,24.033,20.000,20.003,CW
12,09,2022,14,26,51,23.500,23.849,20.000,20.001,CW
12,09,2022,14,26,51,23.500,23.741,20.000,20.003,CW
12,09,2022,14,26,52,23.500,23.571,20.000,20.001,CW
12,09,2022,14,27,00,23.000,23.465,20.001,20.003,CW
12,09,2022,14,27,01,23.000,23.358,20.001,20.001,CW
12,09,2022,14,27,01,23.000,23.248,20.001,20.003,CW
12,09,2022,14,27,02,23.000,23.080,20.001,19.997,CW
12,09,2022,14,27,10,22.500,22.907,20.003,20.003,CW
12,09,2022,14,27,11,22.500,22.806,20.003,20.001,CW
12,09,2022,14,27,11,22.500,22.703,20.003,20.003,CW
12,09,2022,14,27,12,22.500,22.543,20.003,20.001,CW
12,09,2022,14,27,21,22.000,22.300,20.005,20.001,CW
12,09,2022,14,27,22,22.000,22.153,20.005,20.003,CW
12,09,2022,14,27,23,22.000,22.031,20.005,20.001,CW
12,09,2022,14,27,31,21.500,21.921,20.008,19.997,CW
12,09,2022,14,27,31,21.500,21.814,20.008,20.001,CW
12,09,2022,14,27,32,21.500,21.658,20.008,20.003,CW
12,09,2022,14,27,33,21.500,21.531,20.008,20.003,CW
12,09,2022,14,27,41,21.000,21.408,20.012,20.004,CW
12,09,2022,14,27,41,21.000,21.296,20.012,20.003,CW
12,09,2022,14,27,42,21.000,21.111,20.012,20.004,CW
12,09,2022,14,27,43,21.000,21.009,20.012,20.007,CW
12,09,2022,14,27,51,20.500,20.776,20.017,20.007,CW
12,09,2022,14,27,52,20.500,20.632,20.017,20.007,CW
12,09,2022,14,27,53,20.500,20.515,20.017,20.004,CW
12,09,2022,14,28,01,20.000,20.346,20.022,20.012,CW
12,09,2022,14,28,01,20.000,20.231,20.022,20.018,CW
12,09,2022,14,28,02,20.000,20.067,20.022,20.018,CW
12,09,2022,14,28,11,19.500,19.850,20.029,20.019,CW
12,09,2022,14,28,12,19.500,19.650,20.029,20.019,CW
12,09,2022,14,28,13,19.500,19.540,20.029,20.019,CW
12,09,2022,14,28,21,19.000,19.407,20.036,20.023,CW
12,09,2022,14,28,21,19.000,19.291,20.036,20.026,CW
12,09,2022,14,28,21,19.000,19.186,20.036,20.030,CW
12,09,2022,14,28,22,19.000,19.072,20.036,20.030,CW
12,09,2022,14,28,31,18.500,18.907,20.044,20.029,CW
12,09,2022,14,28,31,18.500,18.798,20.044,20.036,CW
12,09,2022,14,28,32,18.500,18.694,20.044,20.037,CW
12,09,2022,14,28,33,18.500,18.544,20.044,20.037,CW
12,09,2022,14,28,40,18.000,18.408,20.052,20.043,CW
12,09,2022,14,28,41,18.000,18.296,20.052,20.043,CW
12,09,2022,14,28,41,18.000,18.193,20.052,20.043,CW
12,09,2022,14,28,42,18.000,18.076,20.052,20.043,CW
12,09,2022,14,28,50,17.500,17.958,20.062,20.043,CW
12,09,2022,14,28,51,17.500,17.748,20.062,20.058,CW
12,09,2022,14,28,52,17.500,17.574,20.062,20.059,CW
12,09,2022,14,29,01,17.000,17.418,20.072,20.059,CW
12,09,2022,14,29,01,17.000,17.307,20.072,20.063,CW
12,09,2022,14,29,01,17.000,17.204,20.072,20.069,CW
12,09,2022,14,29,02,17.000,17.041,20.072,20.069,CW
12,09,2022,14,29,10,16.500,16.896,20.083,20.073,CW
12,09,2022,14,29,11,16.500,16.787,20.083,20.073,CW
12,09,2022,14,29,12,16.500,16.645,20.083,20.073,CW
12,09,2022,14,29,12,16.500,16.533,20.083,20.074,CW
12,09,2022,14,29,21,16.000,16.287,20.095,20.081,CW
12,09,2022,14,29,22,16.000,16.112,20.095,20.089,CW
12,09,2022,14,29,24,16.000,16.005,20.095,20.091,CW
12,09,2022,14,29,31,15.500,15.799,20.108,20.106,CW
12,09,2022,14,29,32,15.500,15.621,20.108,20.108,CW
12,09,2022,14,29,34,15.500,15.494,20.108,20.108,CW
12,09,2022,14,29,41,15.000,15.299,20.121,20.118,CW
12,09,2022,14,29,42,15.000,15.121,20.121,20.119,CW
12,09,2022,14,29,43,15.000,15.012,20.121,20.119,CW
12,09,2022,14,29,50,14.500,14.891,20.135,20.124,CW
12,09,2022,14,29,51,14.500,14.782,20.135,20.133,CW
12,09,2022,14,29,51,14.500,14.670,20.135,20.135,CW
12,09,2022,14,29,52,14.500,14.540,20.135,20.133,CW
12,09,2022,14,30,01,14.000,14.352,20.150,20.141,CW
12,09,2022,14,30,01,14.000,14.245,20.150,20.144,CW
12,09,2022,14,30,02,14.000,14.111,20.150,20.144,CW
12,09,2022,14,30,04,14.000,14.002,20.150,20.146,CW
12,09,2022,14,30,11,13.500,13.783,20.166,20.155,CW
12,09,2022,14,30,12,13.500,13.672,20.166,20.158,CW
12,09,2022,14,30,13,13.500,13.529,20.166,20.161,CW
12,09,2022,14,30,21,13.000,13.337,20.182,20.166,CW
12,09,2022,14,30,21,13.000,13.222,20.182,20.173,CW
12,09,2022,14,30,22,13.000,13.057,20.182,20.174,CW
12,09,2022,14,30,31,12.500,12.897,20.200,20.178,CW
12,09,2022,14,30,31,12.500,12.792,20.200,20.189,CW
12,09,2022,14,30,32,12.500,12.687,20.200,20.195,CW
12,09,2022,14,30,33,12.500,12.535,20.200,20.194,CW
12,09,2022,14,30,40,12.000,12.413,20.218,20.200,CW
12,09,2022,14,30,41,12.000,12.234,20.218,20.213,CW
12,09,2022,14,30,42,12.000,12.122,20.218,20.213,CW
12,09,2022,14,30,43,12.000,12.001,20.218,20.211,CW
12,09,2022,14,30,51,11.500,11.855,20.237,20.221,CW
12,09,2022,14,30,51,11.500,11.745,20.237,20.228,CW
12,09,2022,14,30,52,11.500,11.579,20.237,20.233,CW
12,09,2022,14,31,01,11.000,11.420,20.256,20.235,CW
12,09,2022,14,31,01,11.000,11.304,20.256,20.240,CW
12,09,2022,14,31,02,11.000,11.188,20.256,20.250,CW
12,09,2022,14,31,03,11.000,11.030,20.256,20.250,CW
12,09,2022,14,31,11,10.500,10.858,20.277,20.261,CW
12,09,2022,14,31,11,10.500,10.748,20.277,20.270,CW
12,09,2022,14,31,12,10.500,10.581,20.277,20.270,CW
12,09,2022,14,31,20,10.000,10.453,20.298,20.276,CW
12,09,2022,14,31,21,10.000,10.345,20.298,20.281,CW
12,09,2022,14,31,21,10.000,10.240,20.298,20.290,CW
12,09,2022,14,31,22,10.000,10.111,20.298,20.288,CW
12,09,2022,14,31,24,10.000,10.001,20.298,20.288,CW
12,09,2022,14,31,31,9.500,9.809,20.320,20.301,CW
12,09,2022,14,31,32,9.500,9.694,20.320,20.309,CW
12,09,2022,14,31,33,9.500,9.552,20.320,20.321,CW
12,09,2022,14,31,40,9.000,9.416,20.343,20.323,CW
12,09,2022,14,31,41,9.000,9.312,20.343,20.328,CW
12,09,2022,14,31,41,9.000,9.206,20.343,20.332,CW
12,09,2022,14,31,42,9.000,9.081,20.343,20.336,CW
12,09,2022,14,31,51,8.500,8.920,20.366,20.342,CW
12,09,2022,14,31,51,8.500,8.812,20.366,20.350,CW
12,09,2022,14,31,52,8.500,8.705,20.366,20.360,CW
12,09,2022,14,31,53,8.500,8.543,20.366,20.361,CW
12,09,2022,14,32,00,8.000,8.411,20.391,20.367,CW
12,09,2022,14,32,01,8.000,8.239,20.391,20.380,CW
12,09,2022,14,32,02,8.000,8.068,20.391,20.387,CW
12,09,2022,14,32,11,7.500,7.926,20.416,20.386,CW
12,09,2022,14,32,11,7.500,7.811,20.416,20.393,CW
12,09,2022,14,32,12,7.500,7.697,20.416,20.400,CW
12,09,2022,14,32,13,7.500,7.547,20.416,20.409,CW
12,09,2022,14,32,21,7.000,7.343,20.442,20.422,CW
12,09,2022,14,32,21,7.000,7.234,20.442,20.430,CW
12,09,2022,14,32,22,7.000,7.064,20.442,20.438,CW
12,09,2022,14,32,31,6.500,6.922,20.468,20.441,CW
12,09,2022,14,32,31,6.500,6.817,20.468,20.448,CW
12,09,2022,14,32,31,6.500,6.705,20.468,20.459,CW
12,09,2022,14,32,32,6.500,6.574,20.468,20.464,CW
12,09,2022,14,32,40,6.000,6.469,20.496,20.463,CW
12,09,2022,14,32,41,6.000,6.313,20.496,20.471,CW
12,09,2022,14,32,42,6.000,6.203,20.496,20.481,CW
12,09,2022,14,32,43,6.000,6.038,20.496,20.487,CW
12,09,2022,14,32,51,5.500,5.844,20.524,20.497,CW
12,09,2022,14,32,51,5.500,5.734,20.524,20.504,CW
12,09,2022,14,32,52,5.500,5.564,20.524,20.514,CW
12,09,2022,14,33,00,5.000,5.456,20.553,20.518,CW
12,09,2022,14,33,01,5.000,5.290,20.553,20.525,CW
12,09,2022,14,33,02,5.000,5.185,20.553,20.534,CW
12,09,2022,14,33,03,5.000,5.037,20.553,20.548,CW
12,09,2022,14,33,10,4.500,4.916,20.583,20.552,CW
12,09,2022,14,33,11,4.500,4.742,20.583,20.562,CW
12,09,2022,14,33,12,4.500,4.571,20.583,20.578,CW
12,09,2022,14,33,20,4.000,4.467,20.613,20.581,CW
12,09,2022,14,33,21,4.000,4.356,20.613,20.590,CW
12,09,2022,14,33,21,4.000,4.251,20.613,20.595,CW
12,09,2022,14,33,22,4.000,4.096,20.613,20.607,CW
12,09,2022,14,33,28,4.000,3.992,20.613,20.611,CW
12,09,2022,14,33,31,3.500,3.806,20.644,20.619,CW
12,09,2022,14,33,32,3.500,3.653,20.644,20.623,CW
12,09,2022,14,33,33,3.500,3.547,20.644,20.636,CW
12,09,2022,14,33,41,3.000,3.416,20.676,20.645,CW
12,09,2022,14,33,41,3.000,3.312,20.676,20.652,CW
12,09,2022,14,33,42,3.000,3.208,20.676,20.658,CW
12,09,2022,14,33,43,3.000,3.054,20.676,20.671,CW
12,09,2022,14,33,50,2.500,2.896,20.709,20.678,CW
12,09,2022,14,33,51,2.500,2.731,20.709,20.689,CW
12,09,2022,14,33,52,2.500,2.603,20.709,20.700,CW
12,09,2022,14,33,54,2.500,2.498,20.709,20.702,CW
12,09,2022,14,34,01,2.000,2.352,20.743,20.713,CW
12,09,2022,14,34,02,2.000,2.153,20.743,20.729,CW
12,09,2022,14,34,03,2.000,2.044,20.743,20.737,CW
12,09,2022,14,34,11,1.500,1.866,20.777,20.739,CW
12,09,2022,14,34,11,1.500,1.752,20.777,20.748,CW
12,09,2022,14,34,12,1.500,1.649,20.777,20.755,CW
12,09,2022,14,34,13,1.500,1.521,20.777,20.772,CW
12,09,2022,14,34,21,1.000,1.410,20.812,20.783,CW
12,09,2022,14,34,21,1.000,1.296,20.812,20.790,CW
12,09,2022,14,34,22,1.000,1.115,20.812,20.805,CW
12,09,2022,14,34,24,1.000,1.001,20.812,20.809,CW
12,09,2022,14,34,31,0.500,0.858,20.848,20.817,CW
12,09,2022,14,34,32,0.500,0.690,20.848,20.827,CW
12,09,2022,14,34,32,0.500,0.539,20.848,20.843,CW
12,09,2022,14,34,40,0.000,0.413,20.884,20.847,CW
12,09,2022,14,34,42,0.000,0.042,20.884,20.875,CW
12,09,2022,14,34,44,0.000,359.998,20.884,20.880,CW
12,09,2022,14,42,18,358.500,359.750,20.998,20.886,CW
12,09,2022,14,42,19,358.500,359.877,20.998,20.886,CW
12,09,2022,14,42,20,358.500,359.982,20.998,20.886,CW
12,09,2022,14,43,28,358.500,359.865,20.998,20.886,CW
12,09,2022,14,43,47,358.500,359.986,20.998,20.886,CW
12,09,2022,14,56,28,358.500,359.865,20.998,20.891,CCW
12,09,2022,14,56,28,358.500,359.420,20.998,20.893,CCW
12,09,2022,14,56,29,358.500,359.876,20.998,20.891,CCW
12,09,2022,14,56,30,358.500,359.991,20.998,20.888,CCW
12,09,2022,14,59,46,358.500,359.826,20.998,20.891,CCW
12,09,2022,14,59,47,358.500,359.954,20.998,20.893,CCW
12,09,2022,15,00,00,358.500,359.817,20.998,20.891,CCW
12,09,2022,15,00,03,358.500,359.951,20.998,20.891,CCW
12,09,2022,15,01,10,358.500,359.524,20.998,20.891,CCW
12,09,2022,15,01,11,358.500,359.832,20.998,20.898,CCW
12,09,2022,15,01,12,358.500,359.971,20.998,20.897,CCW
12,09,2022,15,01,14,358.500,359.783,20.998,20.893,CCW
12,09,2022,15,01,14,358.500,359.609,20.998,20.893,CCW
12,09,2022,15,01,15,358.500,359.847,20.998,20.899,CCW
12,09,2022,15,01,15,358.500,359.960,20.998,20.891,CCW
12,09,2022,15,01,29,358.500,359.460,20.998,20.894,CCW
12,09,2022,15,01,30,358.500,359.592,20.998,20.894,CCW
12,09,2022,15,01,30,358.500,359.454,20.998,20.893,CCW
12,09,2022,15,01,31,358.500,359.980,20.998,20.899,CCW
12,09,2022,15,03,31,358.500,359.870,20.998,20.891,CCW
12,09,2022,15,03,32,358.500,359.980,20.998,20.893,CCW
12,09,2022,15,03,35,358.500,359.539,20.998,20.893,CCW
12,09,2022,15,03,36,358.500,359.960,20.998,20.891,CCW
12,09,2022,15,03,37,358.500,359.721,20.998,20.891,CCW
12,09,2022,15,03,37,358.500,359.485,20.998,20.893,CCW
12,09,2022,15,03,38,358.500,359.909,20.998,20.891,CCW
12,09,2022,15,03,42,358.500,359.678,20.998,20.891,CCW
12,09,2022,15,03,43,358.500,359.449,20.998,20.893,CCW
12,09,2022,15,03,47,358.500,359.748,20.998,20.893,CCW
12,09,2022,15,03,47,358.500,359.921,20.998,20.891,CCW
12,09,2022,15,04,26,358.500,359.800,20.998,20.891,CCW
12,09,2022,15,04,26,358.500,359.770,20.998,20.590,CCW
12,09,2022,15,04,27,358.500,359.891,20.998,20.891,CCW
12,09,2022,15,04,29,358.500,359.739,20.998,20.891,CCW
12,09,2022,15,04,30,358.500,359.528,20.998,20.893,CCW
12,09,2022,15,04,31,358.500,359.425,20.998,20.893,CCW
12,09,2022,15,04,32,358.500,359.729,20.998,20.893,CCW
12,09,2022,15,04,33,358.500,359.936,20.998,20.891,CCW
12,09,2022,15,06,14,358.500,359.702,20.998,20.888,CCW
12,09,2022,15,06,14,358.500,359.552,20.998,20.888,CCW
12,09,2022,15,06,16,358.500,359.925,20.998,20.887,CCW
12,09,2022,15,08,25,358.500,359.468,20.998,20.888,CCW
12,09,2022,15,08,26,358.500,359.629,20.998,20.888,CCW
12,09,2022,15,08,27,358.500,359.853,20.998,20.887,CCW
12,09,2022,15,08,28,358.500,359.980,20.998,20.887,CCW
12,09,2022,15,08,57,358.500,359.770,20.998,20.887,CCW
12,09,2022,15,08,58,358.500,359.435,20.998,20.888,CCW
12,09,2022,15,09,00,358.500,359.693,20.998,20.888,CCW
12,09,2022,15,09,00,358.500,359.980,20.998,20.894,CCW
12,09,2022,15,09,08,358.500,359.592,20.998,20.888,CCW
12,09,2022,15,09,09,358.500,359.965,20.998,20.886,CCW
12,09,2022,15,09,29,358.500,359.987,20.998,21.300,CCW
12,09,2022,15,09,30,358.500,359.987,20.998,20.886,CCW
12,09,2022,15,11,54,358.500,359.486,20.998,20.887,CCW
12,09,2022,15,11,59,358.500,359.750,20.998,20.887,CCW
12,09,2022,15,11,59,358.500,359.903,20.998,20.888,CCW
12,09,2022,15,16,49,358.500,359.975,20.998,21.300,CCW
12,09,2022,15,16,49,358.500,359.976,20.998,20.882,CCW
12,09,2022,15,18,29,358.500,359.980,20.998,21.304,CCW
12,09,2022,15,18,29,358.500,359.980,20.998,20.883,CCW
12,09,2022,15,23,14,358.500,359.986,20.998,21.309,CCW
12,09,2022,15,23,15,358.500,359.984,20.998,20.877,CCW
12,09,2022,15,24,51,358.500,359.658,20.998,20.882,CCW
12,09,2022,15,24,52,358.500,359.441,20.998,20.880,CCW
12,09,2022,15,24,53,358.500,359.898,20.998,20.880,CCW
12,09,2022,15,26,11,358.500,359.479,20.998,20.882,CCW
12,09,2022,15,26,12,358.500,359.903,20.998,20.882,CCW
12,09,2022,15,33,08,358.500,359.696,20.998,20.882,CCW
12,09,2022,15,33,09,358.500,359.971,20.998,20.882,CCW
12,09,2022,15,37,36,358.500,359.870,20.998,20.877,CCW
12,09,2022,15,37,36,358.500,359.979,20.998,20.876,CCW
12,09,2022,15,38,40,358.500,359.783,20.998,20.876,CCW
12,09,2022,15,38,42,358.500,359.976,20.998,20.875,CCW
12,09,2022,15,39,15,358.500,359.842,20.998,20.877,CCW
12,09,2022,15,39,17,358.500,359.973,20.998,20.875,CCW
12,09,2022,15,40,01,358.500,359.979,20.998,21.310,CCW
12,09,2022,15,40,01,358.500,359.980,20.998,20.875,CCW
12,09,2022,15,40,30,358.500,359.695,20.998,20.877,CCW
12,09,2022,15,40,31,358.500,359.528,20.998,20.877,CCW
12,09,2022,15,40,31,358.500,359.914,20.998,20.876,CCW
12,09,2022,15,40,32,358.500,359.685,20.998,20.876,CCW
12,09,2022,15,40,33,358.500,359.979,20.998,20.877,CCW
12,09,2022,15,40,33,358.500,359.820,20.998,12.871,CCW
12,09,2022,15,40,34,358.500,359.960,20.998,20.877,CCW
12,09,2022,15,41,21,358.500,359.737,20.998,20.875,CCW
12,09,2022,15,41,22,358.500,359.520,20.998,20.875,CCW
12,09,2022,15,41,23,358.500,359.667,20.998,20.875,CCW
12,09,2022,15,41,24,358.500,359.909,20.998,20.875,CCW
12,09,2022,15,41,51,358.500,359.699,20.998,20.876,CCW
12,09,2022,15,41,52,358.500,359.991,20.998,20.876,CCW
12,09,2022,15,55,20,358.500,359.809,20.998,20.875,CCW
12,09,2022,15,55,20,358.500,359.916,20.998,20.875,CCW
12,09,2022,15,56,53,358.500,359.733,20.998,20.876,CCW
12,09,2022,15,56,54,358.500,359.975,20.998,20.875,CCW
12,09,2022,16,04,37,358.500,359.783,20.998,20.875,CCW
12,09,2022,16,04,37,358.500,359.563,20.998,20.876,CCW
12,09,2022,16,04,38,358.500,359.673,20.998,20.875,CCW
12,09,2022,16,04,38,358.500,359.938,20.998,20.875,CCW
12,09,2022,16,04,40,358.500,359.718,20.998,20.875,CCW
12,09,2022,16,04,40,358.500,359.986,20.998,20.875,CCW
12,09,2022,16,06,21,358.500,359.649,20.998,20.875,CCW
12,09,2022,16,06,21,358.500,359.471,20.998,20.876,CCW
12,09,2022,16,06,22,358.500,359.947,20.998,20.875,CCW
12,09,2022,16,09,04,358.500,359.693,20.998,20.875,CCW
12,09,2022,16,09,05,358.500,359.831,20.998,20.876,CCW
12,09,2022,16,09,05,358.500,359.979,20.998,20.877,CCW
12,09,2022,16,09,15,358.500,359.474,20.998,20.875,CCW
12,09,2022,16,09,18,358.500,359.976,20.998,20.877,CCW
12,09,2022,16,12,51,358.500,359.982,20.998,21.310,CCW
12,09,2022,16,12,51,358.500,359.982,20.998,20.875,CCW
12,09,2022,16,12,59,358.500,359.634,20.998,20.875,CCW
12,09,2022,16,13,00,358.500,359.457,20.998,20.875,CCW
12,09,2022,16,13,53,358.500,359.564,20.998,20.876,CCW
12,09,2022,16,14,03,358.500,359.666,20.998,20.871,CCW
12,09,2022,16,14,04,358.500,359.880,20.998,20.875,CCW
12,09,2022,16,15,15,358.500,359.980,20.998,20.876,CCW
12,09,2022,16,15,17,358.500,359.677,20.998,20.876,CCW
12,09,2022,16,15,18,358.500,359.987,20.998,20.871,CCW
12,09,2022,16,15,41,358.500,359.776,20.998,20.877,CCW
12,09,2022,16,15,41,358.500,359.519,20.998,20.877,CCW
12,09,2022,16,15,42,358.500,359.958,20.998,20.876,CCW
12,09,2022,16,15,44,358.500,359.980,20.998,21.309,CCW
12,09,2022,16,15,45,358.500,359.979,20.998,20.877,CCW
12,09,2022,16,15,53,358.500,359.844,20.998,20.876,CCW
12,09,2022,16,15,54,358.500,359.973,20.998,20.876,CCW
12,09,2022,16,16,38,358.500,359.751,20.998,20.876,CCW
12,09,2022,16,16,38,358.500,359.524,20.998,20.876,CCW
12,09,2022,16,16,39,358.500,359.715,20.998,20.876,CCW
12,09,2022,16,16,39,358.500,359.954,20.998,20.877,CCW
12,09,2022,16,17,11,358.500,359.660,20.998,20.877,CCW
12,09,2022,16,17,12,358.500,359.905,20.998,20.876,CCW
12,09,2022,16,19,50,358.500,359.416,20.998,20.876,CCW
12,09,2022,16,19,52,358.500,359.925,20.998,20.880,CCW
12,09,2022,16,21,04,358.500,359.792,20.998,20.875,CCW
12,09,2022,16,21,06,358.500,359.784,20.998,20.608,CCW
12,09,2022,16,21,07,358.500,359.783,20.998,20.875,CCW
12,09,2022,16,21,08,358.500,359.965,20.998,20.875,CCW
12,09,2022,16,23,31,358.500,359.979,20.998,1.624,CCW
12,09,2022,16,23,32,358.500,359.980,20.998,20.876,CCW
12,09,2022,16,24,08,358.500,359.842,20.998,20.877,CCW
12,09,2022,16,24,09,358.500,359.625,20.998,20.876,CCW
12,09,2022,16,24,10,358.500,359.949,20.998,20.877,CCW
12,09,2022,16,24,10,358.500,359.828,20.998,20.877,CCW
12,09,2022,16,24,11,358.500,359.964,20.998,20.876,CCW
12,09,2022,16,25,03,358.500,359.721,20.998,20.876,CCW
12,09,2022,16,25,04,358.500,359.931,20.998,20.880,CCW
12,09,2022,16,29,53,358.500,359.706,20.998,20.877,CCW
12,09,2022,16,29,54,358.500,359.436,20.998,20.877,CCW
12,09,2022,16,30,01,358.500,359.548,20.998,20.876,CCW
12,09,2022,16,30,04,358.500,359.658,20.998,20.877,CCW
12,09,2022,16,30,05,358.500,359.931,20.998,20.877,CCW
12,09,2022,16,30,18,358.500,359.811,20.998,20.877,CCW
12,09,2022,16,30,19,358.500,359.962,20.998,20.877,CCW
12,09,2022,16,30,39,358.500,359.715,20.998,20.876,CCW
12,09,2022,16,30,40,358.500,359.460,20.998,20.876,CCW
12,09,2022,16,30,41,358.500,359.942,20.998,20.877,CCW
12,09,2022,16,33,42,358.500,359.649,20.998,20.882,CCW
12,09,2022,16,33,43,358.500,359.496,20.998,20.877,CCW
12,09,2022,16,33,44,358.500,359.596,20.998,20.877,CCW
12,09,2022,16,33,45,358.500,359.965,20.998,20.876,CCW
12,09,2022,16,35,57,358.500,359.636,20.998,20.880,CCW
12,09,2022,16,35,57,358.500,359.464,20.998,20.880,CCW
12,09,2022,16,36,00,358.500,359.914,20.998,20.880,CCW
12,09,2022,16,36,20,358.500,359.607,20.998,20.883,CCW
12,09,2022,16,36,21,358.500,359.870,20.998,20.880,CCW
12,09,2022,16,36,21,358.500,359.723,20.998,20.882,CCW
12,09,2022,16,36,22,358.500,359.975,20.998,20.882,CCW
12,09,2022,16,36,23,358.500,359.869,20.998,20.883,CCW
12,09,2022,16,36,26,358.500,359.482,20.998,20.883,CCW
12,09,2022,16,36,29,358.500,359.991,20.998,20.880,CCW
12,09,2022,16,36,57,358.500,359.843,20.998,20.880,CCW
12,09,2022,16,36,58,358.500,359.968,20.998,20.880,CCW
12,09,2022,16,37,07,358.500,359.755,20.998,20.880,CCW
12,09,2022,16,37,08,358.500,359.441,20.998,20.880,CCW
12,09,2022,16,37,09,358.500,359.597,20.998,20.880,CCW
12,09,2022,16,37,10,358.500,359.935,20.998,20.880,CCW
12,09,2022,16,38,05,358.500,359.806,20.998,20.880,CCW
12,09,2022,16,38,06,358.500,359.655,20.998,20.880,CCW
12,09,2022,16,38,08,358.500,359.865,20.998,20.880,CCW
12,09,2022,16,38,09,358.500,359.667,20.998,20.882,CCW
12,09,2022,16,38,09,358.500,359.457,20.998,20.880,CCW
12,09,2022,16,38,18,358.500,359.567,20.998,20.882,CCW
12,09,2022,16,38,19,358.500,359.984,20.998,20.880,CCW
12,09,2022,16,38,41,358.500,359.707,20.998,20.882,CCW
12,09,2022,16,38,41,358.500,359.568,20.998,20.883,CCW
12,09,2022,16,38,42,358.500,359.442,20.998,20.883,CCW
12,09,2022,16,38,50,358.500,359.902,20.998,20.883,CCW
12,09,2022,16,38,52,358.500,359.517,20.998,20.886,CCW
12,09,2022,16,38,57,358.500,359.984,20.998,20.883,CCW
12,09,2022,16,39,09,358.500,359.630,20.998,20.883,CCW
12,09,2022,16,39,10,358.500,359.964,20.998,20.882,CCW
12,09,2022,16,39,30,358.500,359.564,20.998,20.883,CCW
12,09,2022,16,39,31,358.500,359.931,20.998,20.882,CCW
12,09,2022,16,39,34,358.500,359.629,20.998,20.882,CCW
12,09,2022,16,39,35,358.500,359.493,20.998,20.882,CCW
12,09,2022,16,39,35,358.500,359.848,20.998,20.883,CCW
12,09,2022,16,39,36,358.500,359.982,20.998,20.883,CCW
12,09,2022,16,39,51,358.500,359.833,20.998,20.882,CCW
12,09,2022,16,39,51,358.500,359.990,20.998,20.880,CCW
12,09,2022,16,40,23,358.500,359.722,20.998,20.882,CCW
12,09,2022,16,40,24,358.500,359.519,20.998,20.880,CCW
12,09,2022,16,40,25,358.500,359.640,20.998,20.880,CCW
12,09,2022,16,40,26,358.500,359.951,20.998,20.880,CCW
12,09,2022,16,40,31,358.500,359.447,20.998,20.882,CCW
12,09,2022,16,40,35,358.500,359.563,20.998,20.880,CCW
12,09,2022,16,40,35,358.500,359.865,20.998,20.880,CCW
12,09,2022,16,40,39,358.500,359.969,20.998,20.882,CCW
12,09,2022,16,41,55,358.500,359.836,20.998,20.882,CCW
12,09,2022,16,41,55,358.500,359.452,20.998,20.880,CCW
12,09,2022,16,41,56,358.500,359.995,20.998,20.876,CCW
12,09,2022,16,41,57,358.500,359.806,20.998,20.882,CCW
12,09,2022,16,41,58,358.500,359.954,20.998,20.877,CCW
12,09,2022,16,42,26,358.500,359.781,20.998,20.876,CCW
12,09,2022,16,42,26,358.500,359.997,20.998,20.875,CCW
12,09,2022,16,46,01,358.500,359.693,20.998,20.880,CCW
12,09,2022,16,46,01,358.500,359.951,20.998,20.880,CCW
12,09,2022,16,46,38,358.500,359.737,20.998,20.876,CCW
12,09,2022,16,46,40,358.500,359.864,20.998,20.877,CCW
12,09,2022,16,46,41,358.500,359.971,20.998,20.876,CCW
12,09,2022,16,47,56,358.500,359.869,20.998,20.876,CCW
12,09,2022,16,47,57,358.500,359.567,20.998,20.877,CCW
12,09,2022,16,47,59,358.500,359.778,20.998,20.877,CCW
12,09,2022,16,48,03,358.500,359.976,20.998,20.876,CCW
12,09,2022,16,48,08,358.500,359.761,20.998,20.876,CCW
12,09,2022,16,48,08,358.500,359.541,20.998,20.876,CCW
12,09,2022,16,48,10,358.500,359.784,20.998,20.877,CCW
12,09,2022,16,48,12,358.500,359.586,20.998,20.882,CCW
12,09,2022,16,48,12,358.500,359.399,20.998,20.882,CCW
12,09,2022,16,48,13,358.500,359.596,20.998,20.876,CCW
12,09,2022,16,48,14,358.500,359.447,20.998,20.877,CCW
12,09,2022,16,48,18,358.500,359.706,20.998,20.877,CCW
12,09,2022,16,48,19,358.500,359.916,20.998,20.877,CCW
12,09,2022,16,48,45,358.500,359.803,20.998,20.876,CCW
12,09,2022,16,48,46,358.500,359.464,20.998,20.877,CCW
12,09,2022,16,48,46,358.500,359.986,20.998,20.887,CCW
12,09,2022,16,49,14,358.500,359.986,20.998,21.310,CCW
12,09,2022,16,49,15,358.500,359.986,20.998,20.877,CCW
12,09,2022,16,49,24,358.500,359.810,20.998,20.876,CCW
12,09,2022,16,49,25,358.500,359.474,20.998,20.876,CCW
12,09,2022,16,49,27,358.500,359.892,20.998,20.876,CCW
12,09,2022,16,50,22,358.500,359.682,20.998,20.877,CCW
12,09,2022,16,50,23,358.500,359.788,20.998,20.877,CCW
12,09,2022,16,50,24,358.500,359.940,20.998,20.877,CCW
12,09,2022,16,51,17,358.500,359.803,20.998,20.876,CCW
12,09,2022,16,51,17,358.500,359.454,20.998,20.877,CCW
12,09,2022,16,51,18,358.500,359.691,20.998,20.876,CCW
12,09,2022,16,51,19,358.500,359.947,20.998,20.876,CCW
12,09,2022,16,53,07,358.500,359.409,20.998,20.877,CCW
12,09,2022,16,53,08,358.500,359.561,20.998,20.877,CCW
12,09,2022,16,53,09,358.500,359.449,20.998,20.876,CCW
12,09,2022,16,53,09,358.500,359.630,20.998,20.876,CCW
12,09,2022,16,53,10,358.500,359.949,20.998,20.877,CCW
12,09,2022,16,53,10,358.500,359.784,20.998,20.877,CCW
12,09,2022,16,53,12,358.500,359.964,20.998,20.877,CCW
12,09,2022,16,53,58,358.500,359.427,20.998,20.877,CCW
12,09,2022,16,53,59,358.500,359.809,20.998,20.877,CCW
12,09,2022,16,54,00,358.500,359.625,20.998,20.876,CCW
12,09,2022,16,54,00,358.500,359.443,20.998,20.877,CCW
12,09,2022,16,54,01,358.500,359.980,20.998,20.876,CCW
12,09,2022,16,54,07,358.500,359.877,20.998,20.876,CCW
12,09,2022,16,54,08,358.500,359.729,20.998,20.877,CCW
12,09,2022,16,54,09,358.500,359.968,20.998,20.875,CCW
12,09,2022,16,54,15,358.500,359.750,20.998,20.875,CCW
12,09,2022,16,54,16,358.500,359.480,20.998,20.875,CCW
12,09,2022,16,54,19,358.500,359.618,20.998,20.876,CCW
12,09,2022,16,54,19,358.500,359.954,20.998,20.876,CCW
12,09,2022,16,54,20,358.500,359.766,20.998,20.876,CCW
12,09,2022,16,54,20,358.500,359.662,20.998,20.877,CCW
12,09,2022,16,54,21,358.500,359.980,20.998,20.876,CCW
12,09,2022,16,54,26,358.500,359.413,20.998,20.877,CCW
12,09,2022,16,54,26,358.500,359.570,20.998,20.877,CCW
12,09,2022,16,54,27,358.500,359.449,20.998,20.877,CCW
12,09,2022,16,54,29,358.500,359.640,20.998,20.876,CCW
12,09,2022,16,54,29,358.500,359.976,20.998,20.876,CCW
12,09,2022,16,54,50,358.500,359.848,20.998,20.876,CCW
12,09,2022,16,54,50,358.500,359.446,20.998,20.875,CCW
12,09,2022,16,54,51,358.500,359.957,20.998,20.876,CCW
12,09,2022,16,54,51,358.500,359.524,20.998,20.876,CCW
12,09,2022,16,54,54,358.500,359.723,20.998,20.877,CCW
12,09,2022,16,54,54,358.500,359.839,20.998,20.875,CCW
12,09,2022,16,54,56,358.500,359.979,20.998,20.877,CCW
12,09,2022,16,54,58,358.500,359.858,20.998,20.876,CCW
12,09,2022,16,54,59,358.500,359.575,20.998,20.875,CCW
12,09,2022,16,54,59,358.500,359.902,20.998,20.876,CCW
12,09,2022,16,55,35,358.500,359.696,20.998,20.876,CCW
12,09,2022,16,55,35,358.500,359.550,20.998,20.875,CCW
12,09,2022,16,55,36,358.500,359.979,20.998,20.876,CCW
12,09,2022,16,55,57,358.500,359.765,20.998,20.876,CCW
12,09,2022,16,55,58,358.500,359.436,20.998,20.876,CCW
12,09,2022,16,56,01,358.500,359.578,20.998,20.875,CCW
12,09,2022,16,56,02,358.500,359.924,20.998,20.875,CCW
12,09,2022,16,59,11,358.500,359.822,20.998,20.875,CCW
12,09,2022,16,59,13,358.500,359.976,20.998,20.876,CCW
12,09,2022,16,59,50,358.500,359.850,20.998,20.875,CCW
12,09,2022,16,59,51,358.500,359.568,20.998,20.876,CCW
12,09,2022,16,59,51,358.500,359.447,20.998,20.876,CCW
12,09,2022,17,00,01,358.500,359.721,20.998,20.875,CCW
12,09,2022,17,00,01,358.500,359.953,20.998,20.875,CCW
12,09,2022,17,00,03,358.500,359.847,20.998,20.875,CCW
12,09,2022,17,00,22,358.500,359.951,20.998,20.876,CCW
12,09,2022,17,00,52,358.500,359.788,20.998,20.876,CCW
12,09,2022,17,00,53,358.500,359.940,20.998,20.876,CCW
12,09,2022,17,01,43,358.500,359.979,20.998,21.311,CCW
12,09,2022,17,01,44,358.500,359.980,20.998,20.875,CCW
12,09,2022,17,03,09,358.500,359.410,20.998,20.875,CCW
12,09,2022,17,03,10,358.500,359.531,20.998,20.875,CCW
12,09,2022,17,03,10,358.500,359.427,20.998,20.876,CCW
12,09,2022,17,03,16,358.500,359.539,20.998,20.876,CCW
12,09,2022,17,03,17,358.500,359.436,20.998,20.875,CCW
12,09,2022,17,03,19,358.500,359.743,20.998,20.875,CCW
12,09,2022,17,03,20,358.500,359.903,20.998,20.876,CCW
12,09,2022,17,03,42,358.500,359.750,20.998,20.876,CCW
12,09,2022,17,03,42,358.500,359.458,20.998,20.876,CCW
12,09,2022,17,03,43,358.500,359.625,20.998,20.876,CCW
12,09,2022,17,03,43,358.500,359.881,20.998,20.876,CCW
12,09,2022,17,04,19,358.500,359.777,20.998,20.876,CCW
12,09,2022,17,04,20,358.500,359.480,20.998,20.875,CCW
12,09,2022,17,04,23,358.500,359.794,20.998,20.876,CCW
12,09,2022,17,04,23,358.500,359.931,20.998,20.876,CCW
12,09,2022,17,04,28,358.500,359.452,20.998,20.876,CCW
12,09,2022,17,04,28,358.500,359.586,20.998,20.876,CCW
12,09,2022,17,04,29,358.500,359.986,20.998,20.875,CCW
12,09,2022,17,04,35,358.500,359.548,20.998,20.875,CCW
12,09,2022,17,04,38,358.500,359.435,20.998,20.876,CCW
12,09,2022,17,04,39,358.500,359.625,20.998,20.875,CCW
12,09,2022,17,04,41,358.500,359.457,20.998,20.875,CCW
12,09,2022,17,04,42,358.500,359.583,20.998,20.875,CCW
12,09,2022,17,04,42,358.500,359.942,20.998,20.875,CCW
12,09,2022,17,04,44,358.500,359.787,20.998,20.875,CCW
12,09,2022,17,04,45,358.500,359.671,20.998,20.875,CCW
12,09,2022,17,04,45,358.500,359.480,20.998,20.875,CCW
12,09,2022,17,04,46,358.500,359.680,20.998,20.875,CCW
12,09,2022,17,04,47,358.500,359.914,20.998,20.875,CCW
12,09,2022,17,04,59,358.500,359.707,20.998,20.875,CCW
12,09,2022,17,05,03,358.500,359.887,20.998,20.876,CCW
12,09,2022,17,06,25,358.500,359.530,20.998,20.876,CCW
12,09,2022,17,06,27,358.500,359.722,20.998,20.875,CCW
12,09,2022,17,06,27,358.500,359.953,20.998,20.876,CCW
12,09,2022,17,06,32,358.500,359.837,20.998,20.875,CCW
12,09,2022,17,06,32,358.500,359.452,20.998,20.875,CCW
12,09,2022,17,06,36,358.500,359.734,20.998,20.876,CCW
12,09,2022,17,06,36,358.500,359.965,20.998,20.876,CCW
12,09,2022,17,06,39,358.500,359.662,20.998,20.875,CCW
12,09,2022,17,06,40,358.500,359.498,20.998,20.875,CCW
12,09,2022,17,06,48,358.500,359.817,20.998,20.876,CCW
12,09,2022,17,06,48,358.500,359.951,20.998,20.876,CCW
12,09,2022,17,07,44,358.500,359.969,20.998,21.310,CCW
12,09,2022,17,07,45,358.500,359.971,20.998,20.875,CCW
12,09,2022,17,07,54,358.500,359.971,20.998,21.311,CCW
12,09,2022,17,07,54,358.500,359.971,20.998,20.875,CCW
12,09,2022,17,09,09,358.500,359.673,20.998,20.875,CCW
12,09,2022,17,09,10,358.500,359.526,20.998,20.875,CCW
12,09,2022,17,09,10,358.500,359.903,20.998,20.875,CCW
12,09,2022,17,09,12,358.500,359.965,20.998,21.310,CCW
12,09,2022,17,09,12,358.500,359.964,20.998,20.876,CCW
12,09,2022,17,10,14,358.500,359.854,20.998,20.876,CCW
12,09,2022,17,10,15,358.500,359.965,20.998,20.876,CCW
12,09,2022,17,13,13,358.500,359.787,20.998,20.875,CCW
12,09,2022,17,13,13,358.500,359.603,20.998,20.876,CCW
12,09,2022,17,13,14,358.500,359.913,20.998,20.875,CCW
12,09,2022,17,14,25,358.500,359.711,20.998,20.875,CCW
12,09,2022,17,14,26,358.500,359.465,20.998,20.875,CCW
12,09,2022,17,14,26,358.500,359.745,20.998,20.875,CCW
12,09,2022,17,14,27,358.500,359.920,20.998,20.875,CCW
12,09,2022,17,14,30,358.500,359.649,20.998,20.875,CCW
12,09,2022,17,14,31,358.500,359.517,20.998,20.876,CCW
12,09,2022,17,14,32,358.500,359.984,20.998,20.876,CCW
12,09,2022,17,20,39,358.500,359.973,20.998,21.310,CCW
12,09,2022,17,20,40,358.500,359.973,20.998,20.875,CCW
12,09,2022,17,21,45,358.500,359.975,20.998,21.311,CCW
12,09,2022,17,21,46,358.500,359.975,20.998,20.875,CCW
12,09,2022,17,22,47,358.500,359.975,20.998,21.311,CCW
12,09,2022,17,22,48,358.500,359.975,20.998,20.876,CCW
12,09,2022,17,24,21,358.500,359.799,20.998,20.876,CCW
12,09,2022,17,24,22,358.500,359.627,20.998,20.875,CCW
12,09,2022,17,24,22,358.500,359.480,20.998,20.876,CCW
12,09,2022,17,24,25,358.500,359.596,20.998,20.875,CCW
12,09,2022,17,24,26,358.500,359.702,20.998,20.875,CCW
12,09,2022,17,25,11,358.500,359.969,20.998,20.875,CCW
12,09,2022,17,25,13,358.500,359.833,20.998,20.875,CCW
12,09,2022,17,25,13,358.500,359.691,20.998,20.875,CCW
12,09,2022,17,25,14,358.500,359.535,20.998,20.876,CCW
12,09,2022,17,25,20,358.500,359.898,20.998,20.876,CCW
12,09,2022,17,25,38,358.500,359.794,20.998,20.875,CCW
12,09,2022,17,25,38,358.500,359.578,20.998,20.876,CCW
12,09,2022,17,25,39,358.500,359.458,20.998,20.876,CCW
12,09,2022,17,25,51,358.500,359.634,20.998,20.875,CCW
12,09,2022,17,25,52,358.500,359.853,20.998,20.875,CCW
12,09,2022,17,25,53,358.500,359.962,20.998,20.875,CCW
12,09,2022,17,28,40,358.500,359.821,20.998,20.875,CCW
12,09,2022,17,28,41,358.500,359.431,20.998,20.875,CCW
12,09,2022,17,28,45,358.500,359.618,20.998,20.875,CCW
12,09,2022,17,28,45,358.500,359.832,20.998,20.875,CCW
12,09,2022,17,28,46,358.500,359.962,20.998,20.875,CCW
12,09,2022,17,34,14,358.500,359.761,20.998,20.876,CCW
12,09,2022,17,34,15,358.500,359.656,20.998,20.875,CCW
12,09,2022,17,34,16,358.500,359.789,20.998,20.876,CCW
12,09,2022,17,34,16,358.500,359.932,20.998,20.875,CCW
12,09,2022,17,35,51,358.500,359.579,20.998,20.876,CCW
12,09,2022,17,35,52,358.500,359.772,20.998,20.876,CCW
12,09,2022,17,35,52,358.500,359.940,20.998,20.875,CCW
12,09,2022,17,37,47,358.500,359.761,20.998,20.875,CCW
12,09,2022,17,37,47,358.500,359.519,20.998,20.876,CCW
12,09,2022,17,38,03,358.500,359.700,20.998,20.875,CCW
12,09,2022,17,38,04,358.500,359.902,20.998,20.875,CCW
12,09,2022,17,40,32,358.500,359.783,20.998,20.876,CCW
12,09,2022,17,40,33,358.500,359.892,20.998,20.876,CCW
12,09,2022,17,42,05,358.500,359.421,20.998,20.876,CCW
12,09,2022,17,42,06,358.500,359.699,20.998,20.876,CCW
12,09,2022,17,42,06,358.500,359.929,20.998,20.876,CCW
