23,03,2023,12,52,41,99.248,99.248,0.000,20.095,21.094,0.000,CCW
23,03,2023,12,52,51,91.733,91.732,0.000,21.043,22.042,0.000,CCW
23,03,2023,12,53,01,84.218,84.216,0.000,21.991,22.989,0.000,CCW
23,03,2023,12,53,11,76.703,76.701,0.000,22.939,23.937,0.000,CCW
23,03,2023,12,54,09,99.248,99.248,0.000,20.095,21.094,0.000,CCW
23,03,2023,12,54,09,91.733,91.732,0.000,21.043,22.042,0.000,CCW
23,03,2023,12,54,09,84.218,84.216,0.000,21.991,22.989,0.000,CCW
23,03,2023,12,54,09,76.703,76.701,0.000,22.939,23.937,0.000,CCW
23,03,2023,12,54,09,69.187,69.187,0.000,23.887,24.885,0.000,CCW
23,03,2023,12,54,09,61.672,61.671,0.000,24.834,25.833,0.000,CCW
23,03,2023,12,54,09,54.157,91.671,0.000,25.782,26.782,0.000,CCW
23,03,2023,12,54,10,46.641,121.671,0.000,26.730,27.730,0.000,CCW
23,03,2023,12,54,10,39.126,151.671,0.000,27.678,28.678,0.000,CCW
23,03,2023,12,54,10,31.611,181.671,0.000,28.626,29.626,0.000,CCW
23,03,2023,12,54,10,24.095,211.671,0.000,29.574,30.574,0.000,CCW
23,03,2023,12,54,10,16.580,241.671,0.000,30.522,31.521,0.000,CCW
23,03,2023,12,54,10,9.065,271.671,0.000,31.470,32.469,0.000,CCW
23,03,2023,12,54,10,1.549,301.671,0.000,32.418,33.417,0.000,CCW
23,03,2023,12,54,10,354.034,331.671,0.000,33.366,34.365,0.000,CCW
23,03,2023,12,54,10,346.519,346.517,0.000,34.314,35.313,0.000,CCW
23,03,2023,12,54,11,339.755,339.754,0.000,35.167,36.167,0.000,CCW
23,03,2023,12,54,11,339.755,339.754,0.000,35.167,36.167,0.000,CCW
23,03,2023,12,54,11,339.823,339.822,0.000,35.173,36.173,0.000,CCW
23,03,2023,12,54,11,339.891,339.891,0.000,35.179,36.179,0.000,CCW
23,03,2023,12,54,11,339.959,339.959,0.000,35.186,36.185,0.000,CCW
23,03,2023,12,54,11,340.027,340.026,0.000,35.192,36.192,0.000,CCW
23,03,2023,12,54,11,340.095,340.095,0.000,35.199,36.198,0.000,CCW
23,03,2023,12,54,11,340.163,340.163,0.000,35.205,36.204,0.000,CCW
23,03,2023,12,54,11,340.231,340.230,0.000,35.212,36.212,0.000,CCW
23,03,2023,12,54,12,340.298,340.298,0.000,35.218,36.218,0.000,CCW
23,03,2023,12,54,12,340.366,340.365,0.000,35.225,36.225,0.000,CCW
23,03,2023,12,54,12,340.434,340.434,0.000,35.231,36.231,0.000,CCW
23,03,2023,12,54,12,340.502,340.502,0.000,35.238,36.237,0.000,CCW
23,03,2023,12,54,12,340.570,340.569,0.000,35.244,36.243,0.000,CCW
23,03,2023,12,54,12,340.638,340.637,0.000,35.251,36.250,0.000,CCW
23,03,2023,12,54,12,340.706,340.706,0.000,35.258,36.258,0.000,CCW
23,03,2023,12,54,12,340.773,340.773,0.000,35.265,36.265,0.000,CCW
23,03,2023,12,54,12,340.841,340.841,0.000,35.271,36.271,0.000,CCW
23,03,2023,12,54,12,340.909,340.908,0.000,35.278,36.277,0.000,CCW
23,03,2023,12,54,13,340.977,340.975,0.000,35.285,36.283,0.000,CCW
23,03,2023,12,54,13,341.045,341.045,0.000,35.292,36.292,0.000,CCW
23,03,2023,12,54,13,341.112,341.112,0.000,35.299,36.298,0.000,CCW
23,03,2023,12,54,13,341.180,341.180,0.000,35.306,36.304,0.000,CCW
23,03,2023,12,54,13,341.248,341.247,0.000,35.313,36.313,0.000,CCW
23,03,2023,12,54,13,341.316,341.314,0.000,35.320,36.320,0.000,CCW
23,03,2023,12,54,13,341.383,341.382,0.000,35.327,36.326,0.000,CCW
23,03,2023,12,54,13,341.451,341.451,0.000,35.334,36.334,0.000,CCW
23,03,2023,12,54,13,341.519,341.519,0.000,35.341,36.341,0.000,CCW
23,03,2023,12,54,13,341.587,341.586,0.000,35.348,36.347,0.000,CCW
23,03,2023,12,54,14,341.654,341.653,0.000,35.355,36.353,0.000,CCW
23,03,2023,12,54,14,341.722,341.721,0.000,35.362,36.362,0.000,CCW
23,03,2023,12,54,14,341.790,341.790,0.000,35.370,36.368,0.000,CCW
23,03,2023,12,54,14,341.858,341.858,0.000,35.377,36.377,0.000,CCW
23,03,2023,12,54,14,341.925,341.925,0.000,35.384,36.384,0.000,CCW
23,03,2023,12,54,14,341.993,341.992,0.000,35.391,36.390,0.000,CCW
23,03,2023,12,54,14,342.061,342.060,0.000,35.399,36.399,0.000,CCW
23,03,2023,12,54,14,342.128,342.127,0.000,35.406,36.405,0.000,CCW
23,03,2023,12,54,14,342.196,342.196,0.000,35.414,36.414,0.000,CCW
23,03,2023,12,54,15,342.264,342.264,0.000,35.421,36.420,0.000,CCW
23,03,2023,12,54,15,342.331,342.331,0.000,35.429,36.429,0.000,CCW
23,03,2023,12,54,15,342.399,342.399,0.000,35.436,36.435,0.000,CCW
23,03,2023,12,54,15,342.467,342.466,0.000,35.444,36.444,0.000,CCW
23,03,2023,12,54,15,342.534,342.533,0.000,35.451,36.451,0.000,CCW
23,03,2023,12,54,15,342.602,342.600,0.000,35.459,36.459,0.000,CCW
23,03,2023,12,54,15,342.670,342.670,0.000,35.467,36.466,0.000,CCW
23,03,2023,12,54,15,342.737,342.737,0.000,35.474,36.472,0.000,CCW
23,03,2023,12,54,15,342.805,342.805,0.000,35.482,36.481,0.000,CCW
23,03,2023,12,54,15,342.873,342.872,0.000,35.490,36.490,0.000,CCW
23,03,2023,12,54,16,342.940,342.939,0.000,35.497,36.496,0.000,CCW
23,03,2023,12,54,16,343.008,343.007,0.000,35.505,36.505,0.000,CCW
23,03,2023,12,54,16,343.075,343.074,0.000,35.513,36.512,0.000,CCW
23,03,2023,12,54,16,343.143,343.141,0.000,35.521,36.521,0.000,CCW
23,03,2023,12,54,16,343.211,343.211,0.000,35.529,36.529,0.000,CCW
23,03,2023,12,54,16,343.278,343.278,0.000,35.537,36.536,0.000,CCW
23,03,2023,12,54,16,343.346,343.346,0.000,35.545,36.545,0.000,CCW
23,03,2023,12,54,16,343.413,343.413,0.000,35.553,36.551,0.000,CCW
23,03,2023,12,54,16,343.481,343.480,0.000,35.561,36.561,0.000,CCW
23,03,2023,12,54,17,343.549,343.548,0.000,35.569,36.569,0.000,CCW
23,03,2023,12,54,17,343.616,343.615,0.000,35.577,36.576,0.000,CCW
23,03,2023,12,54,17,343.684,343.684,0.000,35.585,36.585,0.000,CCW
23,03,2023,12,54,17,343.751,343.750,0.000,35.594,36.594,0.000,CCW
23,03,2023,12,54,17,343.819,343.819,0.000,35.602,36.600,0.000,CCW
23,03,2023,12,54,17,343.886,343.886,0.000,35.610,36.609,0.000,CCW
23,03,2023,12,54,17,343.954,343.954,0.000,35.618,36.618,0.000,CCW
23,03,2023,12,54,17,344.021,344.021,0.000,35.627,36.627,0.000,CCW
23,03,2023,12,54,17,344.089,344.088,0.000,35.635,36.634,0.000,CCW
23,03,2023,12,54,17,344.156,344.156,0.000,35.643,36.643,0.000,CCW
23,03,2023,12,54,18,344.224,344.223,0.000,35.652,36.652,0.000,CCW
23,03,2023,12,54,18,344.292,344.290,0.000,35.660,36.658,0.000,CCW
23,03,2023,12,54,18,344.359,344.358,0.000,35.669,36.667,0.000,CCW
23,03,2023,12,54,18,344.427,344.427,0.000,35.677,36.676,0.000,CCW
23,03,2023,12,54,18,344.494,344.494,0.000,35.686,36.686,0.000,CCW
23,03,2023,12,54,18,344.562,344.562,0.000,35.694,36.694,0.000,CCW
23,03,2023,12,54,18,344.873,344.872,0.000,36.605,37.603,0.000,CCW
23,03,2023,12,54,18,347.982,347.982,0.000,35.714,36.713,0.000,CCW
23,03,2023,12,54,18,351.091,351.091,0.000,34.824,35.823,0.000,CCW
23,03,2023,12,54,19,354.200,354.199,0.000,33.933,34.932,0.000,CCW
23,03,2023,12,54,19,357.310,357.309,0.000,33.043,34.042,0.000,CCW
23,03,2023,12,54,19,0.419,0.418,0.000,32.152,33.152,0.000,CW
23,03,2023,12,54,19,3.528,3.526,0.000,31.262,32.261,0.000,CW
23,03,2023,12,54,19,6.637,6.637,0.000,30.371,31.370,0.000,CW
23,03,2023,12,54,19,9.746,9.745,0.000,29.481,30.480,0.000,CW
23,03,2023,12,54,19,12.856,12.855,0.000,28.590,29.589,0.000,CW
23,03,2023,12,54,19,15.965,15.963,0.000,27.700,28.699,0.000,CW
23,03,2023,12,54,19,19.074,19.072,0.000,26.809,27.809,0.000,CW
23,03,2023,12,54,19,22.183,22.182,0.000,25.919,26.917,0.000,CW
23,03,2023,12,54,20,25.292,25.292,0.000,25.028,26.027,0.000,CW
23,03,2023,12,54,20,28.401,28.401,0.000,24.138,25.137,0.000,CW
23,03,2023,12,54,20,31.511,31.509,0.000,23.247,24.246,0.000,CW
23,03,2023,12,54,20,34.620,34.619,0.000,22.356,23.356,0.000,CW
23,03,2023,12,54,20,37.418,37.418,0.000,21.555,22.553,0.000,CW
23,03,2023,12,54,20,37.418,37.417,0.000,21.555,22.553,0.000,CW
23,03,2023,12,54,20,37.437,37.435,0.000,21.476,22.475,0.000,CW
23,03,2023,12,54,20,37.456,37.456,0.000,21.397,22.396,0.000,CW
23,03,2023,12,54,20,37.475,37.475,0.000,21.317,22.317,0.000,CW
23,03,2023,12,54,21,37.494,37.492,0.000,21.238,22.236,0.000,CW
23,03,2023,12,54,21,37.513,37.512,0.000,21.159,22.158,0.000,CW
23,03,2023,12,54,21,37.532,37.531,0.000,21.080,22.079,0.000,CW
23,03,2023,12,54,21,37.551,37.550,0.000,21.001,22.001,0.000,CW
23,03,2023,12,54,21,37.570,37.569,0.000,20.922,21.922,0.000,CW
23,03,2023,12,54,21,37.590,37.590,0.000,20.843,21.843,0.000,CW
23,03,2023,12,54,21,37.609,37.608,0.000,20.764,21.763,0.000,CW
23,03,2023,12,54,21,37.629,37.627,0.000,20.684,21.684,0.000,CW
23,03,2023,12,54,21,37.649,37.649,0.000,20.605,21.605,0.000,CW
23,03,2023,12,54,21,37.668,37.667,0.000,20.526,21.524,0.000,CW
23,03,2023,12,54,22,37.688,37.687,0.000,20.447,21.446,0.000,CW
23,03,2023,12,54,22,37.708,37.706,0.000,20.368,21.367,0.000,CW
23,03,2023,12,54,22,37.728,37.728,0.000,20.289,21.289,0.000,CW
23,03,2023,12,54,22,37.748,37.747,0.000,20.210,21.210,0.000,CW
23,03,2023,12,54,22,37.769,37.768,0.000,20.131,21.131,0.000,CW
23,03,2023,12,54,22,37.789,37.788,0.000,20.052,21.050,0.000,CW
23,03,2023,12,54,22,37.809,37.807,0.000,19.973,20.972,0.000,CW
23,03,2023,12,54,22,37.830,37.829,0.000,19.894,20.893,0.000,CW
23,03,2023,12,54,22,37.850,37.850,0.000,19.816,20.815,0.000,CW
23,03,2023,12,54,23,37.871,37.870,0.000,19.737,20.736,0.000,CW
23,03,2023,12,54,23,37.892,37.891,0.000,19.658,20.658,0.000,CW
23,03,2023,12,54,23,37.913,37.911,0.000,19.579,20.579,0.000,CW
23,03,2023,12,54,23,37.934,37.932,0.000,19.500,20.500,0.000,CW
23,03,2023,12,54,23,37.955,37.954,0.000,19.421,20.420,0.000,CW
23,03,2023,12,54,23,37.976,37.975,0.000,19.342,20.341,0.000,CW
23,03,2023,12,54,23,37.997,37.995,0.000,19.263,20.263,0.000,CW
23,03,2023,12,54,23,38.018,38.018,0.000,19.185,20.184,0.000,CW
23,03,2023,12,54,23,38.040,38.038,0.000,19.106,20.106,0.000,CW
23,03,2023,12,54,23,38.061,38.060,0.000,19.027,20.027,0.000,CW
23,03,2023,12,54,24,38.083,38.081,0.000,18.948,19.948,0.000,CW
23,03,2023,12,54,24,38.104,38.103,0.000,18.870,19.870,0.000,CW
23,03,2023,12,54,24,38.126,38.125,0.000,18.791,19.791,0.000,CW
23,03,2023,12,54,24,38.148,38.148,0.000,18.712,19.710,0.000,CW
23,03,2023,12,54,24,38.170,38.170,0.000,18.633,19.632,0.000,CW
23,03,2023,12,54,24,38.192,38.192,0.000,18.555,19.553,0.000,CW
23,03,2023,12,54,24,38.214,38.213,0.000,18.476,19.475,0.000,CW
23,03,2023,12,54,24,38.236,38.235,0.000,18.397,19.396,0.000,CW
23,03,2023,12,54,24,38.258,38.257,0.000,18.319,19.318,0.000,CW
23,03,2023,12,54,25,38.281,38.279,0.000,18.240,19.239,0.000,CW
23,03,2023,12,54,25,38.303,38.302,0.000,18.161,19.161,0.000,CW
23,03,2023,12,54,25,38.326,38.326,0.000,18.083,19.082,0.000,CW
23,03,2023,12,54,25,38.348,38.346,0.000,18.004,19.004,0.000,CW
23,03,2023,12,54,25,38.371,38.370,0.000,17.926,18.925,0.000,CW
23,03,2023,12,54,25,38.394,38.393,0.000,17.847,18.847,0.000,CW
23,03,2023,12,54,25,38.416,38.415,0.000,17.769,18.768,0.000,CW
23,03,2023,12,54,25,38.439,38.439,0.000,17.690,18.690,0.000,CW
23,03,2023,12,54,25,38.462,38.461,0.000,17.612,18.611,0.000,CW
23,03,2023,12,54,25,38.485,38.483,0.000,17.533,18.533,0.000,CW
23,03,2023,12,54,26,38.509,38.509,0.000,17.455,18.454,0.000,CW
23,03,2023,12,54,26,38.532,38.531,0.000,17.376,18.376,0.000,CW
23,03,2023,12,54,26,38.555,38.553,0.000,17.298,18.297,0.000,CW
23,03,2023,12,54,26,38.579,38.579,0.000,17.219,18.219,0.000,CW
23,03,2023,12,54,26,38.602,38.600,0.000,17.141,18.140,0.000,CW
23,03,2023,12,54,26,38.626,38.625,0.000,17.063,18.062,0.000,CW
23,03,2023,12,54,26,38.650,38.649,0.000,16.984,17.984,0.000,CW
23,03,2023,12,54,26,38.673,38.673,0.000,16.906,17.905,0.000,CW
23,03,2023,12,54,26,38.697,38.697,0.000,16.828,17.827,0.000,CW
23,03,2023,12,54,27,38.721,38.720,0.000,16.749,17.748,0.000,CW
23,03,2023,12,54,27,38.745,38.744,0.000,16.671,17.670,0.000,CW
23,03,2023,12,54,27,38.769,38.768,0.000,16.593,17.593,0.000,CW
23,03,2023,12,54,27,38.794,38.793,0.000,16.515,17.515,0.000,CW
23,03,2023,12,54,27,38.818,38.817,0.000,16.436,17.434,0.000,CW
23,03,2023,12,54,27,38.842,38.841,0.000,16.358,17.358,0.000,CW
23,03,2023,12,54,27,38.867,38.865,0.000,16.280,17.280,0.000,CW
23,03,2023,12,54,27,38.891,38.889,0.000,16.202,17.202,0.000,CW
23,03,2023,12,54,27,38.916,38.915,0.000,16.124,17.123,0.000,CW
23,03,2023,12,54,27,38.941,38.941,0.000,16.046,17.045,0.000,CW
23,03,2023,12,54,28,38.965,38.965,0.000,15.967,16.966,0.000,CW
23,03,2023,12,54,28,38.990,38.990,0.000,15.889,16.888,0.000,CW
23,03,2023,12,54,28,39.015,39.014,0.000,15.811,16.811,0.000,CW
23,03,2023,12,54,28,39.040,39.038,0.000,15.733,16.733,0.000,CW
23,03,2023,12,54,28,39.065,39.064,0.000,15.655,16.655,0.000,CW
23,03,2023,12,54,28,39.091,39.091,0.000,15.577,16.576,0.000,CW
23,03,2023,12,54,28,39.116,39.115,0.000,15.499,16.498,0.000,CW
23,03,2023,12,54,28,39.141,39.139,0.000,15.421,16.420,0.000,CW
23,03,2023,12,54,28,39.167,39.167,0.000,15.343,16.343,0.000,CW
23,03,2023,12,54,28,39.192,39.192,0.000,15.266,16.265,0.000,CW
23,03,2023,12,54,29,39.218,39.218,0.000,15.188,16.187,0.000,CW
23,03,2023,12,54,29,39.244,39.242,0.000,15.110,16.109,0.000,CW
23,03,2023,12,54,29,39.270,39.269,0.000,15.032,16.032,0.000,CW
23,03,2023,12,54,29,39.295,39.295,0.000,14.954,15.954,0.000,CW
23,03,2023,12,54,29,39.321,39.319,0.000,14.876,15.875,0.000,CW
23,03,2023,12,54,29,39.347,39.346,0.000,14.798,15.798,0.000,CW
23,03,2023,12,54,29,39.374,39.374,0.000,14.721,15.721,0.000,CW
23,03,2023,12,54,29,39.400,39.399,0.000,14.643,15.643,0.000,CW
23,03,2023,12,54,29,39.426,39.425,0.000,14.565,15.564,0.000,CW
23,03,2023,12,54,30,39.452,39.451,0.000,14.488,15.487,0.000,CW
23,03,2023,12,54,30,39.479,39.478,0.000,14.410,15.410,0.000,CW
23,03,2023,12,54,30,39.505,39.504,0.000,14.332,15.332,0.000,CW
23,03,2023,12,54,30,39.532,39.531,0.000,14.255,15.255,0.000,CW
23,03,2023,12,54,30,39.559,39.557,0.000,14.177,15.176,0.000,CW
23,03,2023,12,54,30,39.586,39.584,0.000,14.099,15.099,0.000,CW
23,03,2023,12,54,30,39.612,39.612,0.000,14.022,15.022,0.000,CW
23,03,2023,12,54,30,39.639,39.639,0.000,13.944,14.944,0.000,CW
23,03,2023,12,54,30,39.666,39.665,0.000,13.867,14.867,0.000,CW
23,03,2023,12,54,30,39.693,39.692,0.000,13.789,14.788,0.000,CW
23,03,2023,12,54,31,39.721,39.720,0.000,13.712,14.711,0.000,CW
23,03,2023,12,54,31,39.748,39.747,0.000,13.634,14.634,0.000,CW
23,03,2023,12,54,31,39.775,39.774,0.000,13.557,14.557,0.000,CW
23,03,2023,12,54,31,39.803,39.802,0.000,13.480,14.480,0.000,CW
23,03,2023,12,54,31,39.830,39.829,0.000,13.402,14.400,0.000,CW
23,03,2023,12,54,31,39.858,39.856,0.000,13.325,14.323,0.000,CW
23,03,2023,12,54,31,39.885,39.884,0.000,13.248,14.246,0.000,CW
23,03,2023,12,54,31,39.913,39.911,0.000,13.170,14.169,0.000,CW
23,03,2023,12,54,31,39.941,39.941,0.000,13.093,14.092,0.000,CW
23,03,2023,12,54,31,39.969,39.968,0.000,13.016,14.016,0.000,CW
23,03,2023,12,54,32,39.997,39.995,0.000,12.939,13.939,0.000,CW
23,03,2023,12,54,32,40.025,40.024,0.000,12.861,13.861,0.000,CW
23,03,2023,12,54,32,40.053,40.052,0.000,12.784,13.784,0.000,CW
23,03,2023,12,54,32,40.081,40.081,0.000,12.707,13.707,0.000,CW
23,03,2023,12,54,32,40.110,40.108,0.000,12.630,13.630,0.000,CW
23,03,2023,12,54,32,40.138,40.137,0.000,12.553,13.553,0.000,CW
23,03,2023,12,54,32,40.167,40.167,0.000,12.476,13.476,0.000,CW
23,03,2023,12,54,32,40.195,40.194,0.000,12.399,13.397,0.000,CW
23,03,2023,12,54,32,40.224,40.223,0.000,12.322,13.320,0.000,CW
23,03,2023,12,54,33,40.253,40.252,0.000,12.245,13.243,0.000,CW
23,03,2023,12,54,33,40.281,40.279,0.000,12.168,13.166,0.000,CW
23,03,2023,12,54,33,40.310,40.310,0.000,12.091,13.089,0.000,CW
23,03,2023,12,54,33,40.339,40.338,0.000,12.014,13.012,0.000,CW
23,03,2023,12,54,33,40.368,40.367,0.000,11.937,12.936,0.000,CW
23,03,2023,12,54,33,40.397,40.396,0.000,11.860,12.859,0.000,CW
23,03,2023,12,54,33,40.426,40.425,0.000,11.783,12.782,0.000,CW
23,03,2023,12,54,33,40.456,40.456,0.000,11.707,12.707,0.000,CW
23,03,2023,12,54,33,40.485,40.483,0.000,11.630,12.630,0.000,CW
23,03,2023,12,54,33,40.515,40.514,0.000,11.553,12.553,0.000,CW
23,03,2023,12,54,34,40.544,40.543,0.000,11.476,12.476,0.000,CW
23,03,2023,12,54,34,40.574,40.572,0.000,11.400,12.400,0.000,CW
23,03,2023,12,54,34,40.603,40.603,0.000,11.323,12.323,0.000,CW
23,03,2023,12,54,34,40.633,40.632,0.000,11.246,12.246,0.000,CW
23,03,2023,12,54,34,40.663,40.661,0.000,11.170,12.169,0.000,CW
23,03,2023,12,54,34,40.693,40.692,0.000,11.093,12.092,0.000,CW
23,03,2023,12,54,34,40.723,40.721,0.000,11.017,12.016,0.000,CW
23,03,2023,12,54,34,40.753,40.752,0.000,10.940,11.939,0.000,CW
23,03,2023,12,54,34,40.783,40.783,0.000,10.864,11.864,0.000,CW
23,03,2023,12,54,34,40.813,40.812,0.000,10.787,11.787,0.000,CW
23,03,2023,12,54,35,40.843,40.843,0.000,10.711,11.711,0.000,CW
23,03,2023,12,54,35,40.874,40.874,0.000,10.634,11.634,0.000,CW
23,03,2023,12,54,35,40.904,40.903,0.000,10.558,11.557,0.000,CW
23,03,2023,12,54,35,40.935,40.935,0.000,10.481,11.480,0.000,CW
23,03,2023,12,54,35,40.965,40.965,0.000,10.405,11.403,0.000,CW
23,03,2023,12,54,35,40.970,40.968,0.000,11.422,12.420,0.000,CW
23,03,2023,12,54,35,41.016,41.014,0.000,11.611,12.611,0.000,CW
23,03,2023,12,54,35,41.062,41.060,0.000,11.800,12.800,0.000,CW
23,03,2023,12,54,35,41.108,41.106,0.000,11.990,12.989,0.000,CW
23,03,2023,12,54,36,41.154,41.153,0.000,12.179,13.178,0.000,CW
23,03,2023,12,54,36,41.200,41.199,0.000,12.368,13.368,0.000,CW
23,03,2023,12,54,36,41.246,41.245,0.000,12.557,13.557,0.000,CW
23,03,2023,12,54,36,41.292,41.290,0.000,12.747,13.746,0.000,CW
23,03,2023,12,54,36,41.338,41.336,0.000,12.936,13.935,0.000,CW
23,03,2023,12,54,36,41.384,41.382,0.000,13.125,14.125,0.000,CW
23,03,2023,12,54,36,41.430,41.428,0.000,13.314,14.314,0.000,CW
23,03,2023,12,54,36,41.476,41.475,0.000,13.504,14.503,0.000,CW
23,03,2023,12,54,36,41.522,41.521,0.000,13.693,14.692,0.000,CW
23,03,2023,12,54,37,41.568,41.567,0.000,13.882,14.881,0.000,CW
23,03,2023,12,54,37,41.614,41.612,0.000,14.071,15.070,0.000,CW
23,03,2023,12,54,37,41.660,41.658,0.000,14.260,15.259,0.000,CW
23,03,2023,12,54,37,41.706,41.704,0.000,14.450,15.448,0.000,CW
23,03,2023,12,54,37,41.747,41.747,0.000,14.620,15.618,0.000,CW
23,03,2023,12,54,37,41.747,41.745,0.000,14.620,15.618,0.000,CW
23,03,2023,12,54,37,41.709,41.709,0.000,14.580,15.580,0.000,CW
23,03,2023,12,54,37,41.671,41.670,0.000,14.540,15.538,0.000,CW
23,03,2023,12,54,37,41.632,41.630,0.000,14.500,15.500,0.000,CW
23,03,2023,12,54,37,41.594,41.593,0.000,14.460,15.460,0.000,CW
23,03,2023,12,54,38,41.556,41.555,0.000,14.420,15.419,0.000,CW
23,03,2023,12,54,38,41.518,41.518,0.000,14.380,15.380,0.000,CW
23,03,2023,12,54,38,41.480,41.478,0.000,14.340,15.339,0.000,CW
23,03,2023,12,54,38,41.443,41.442,0.000,14.299,15.298,0.000,CW
23,03,2023,12,54,38,41.405,41.404,0.000,14.259,15.259,0.000,CW
23,03,2023,12,54,38,41.367,41.365,0.000,14.219,15.217,0.000,CW
23,03,2023,12,54,38,41.330,41.329,0.000,14.179,15.179,0.000,CW
23,03,2023,12,54,38,41.292,41.292,0.000,14.138,15.137,0.000,CW
23,03,2023,12,54,38,41.255,41.254,0.000,14.098,15.098,0.000,CW
23,03,2023,12,54,39,41.218,41.218,0.000,14.057,15.057,0.000,CW
23,03,2023,12,54,39,41.181,41.180,0.000,14.017,15.016,0.000,CW
23,03,2023,12,54,39,41.144,41.143,0.000,13.977,14.977,0.000,CW
23,03,2023,12,54,39,41.107,41.105,0.000,13.936,14.936,0.000,CW
23,03,2023,12,54,39,41.070,41.069,0.000,13.895,14.894,0.000,CW
23,03,2023,12,54,39,41.033,41.033,0.000,13.855,14.855,0.000,CW
23,03,2023,12,54,39,40.996,40.995,0.000,13.814,14.814,0.000,CW
23,03,2023,12,54,39,40.960,40.959,0.000,13.773,14.772,0.000,CW
23,03,2023,12,54,39,40.923,40.923,0.000,13.733,14.733,0.000,CW
23,03,2023,12,54,39,40.887,40.887,0.000,13.692,14.692,0.000,CW
23,03,2023,12,54,40,40.850,40.850,0.000,13.651,14.650,0.000,CW
23,03,2023,12,54,40,40.814,40.814,0.000,13.610,14.609,0.000,CW
23,03,2023,12,54,40,40.778,40.776,0.000,13.569,14.569,0.000,CW
23,03,2023,12,54,40,40.742,40.740,0.000,13.528,14.528,0.000,CW
23,03,2023,12,54,40,40.706,40.706,0.000,13.488,14.487,0.000,CW
23,03,2023,12,54,40,40.670,40.670,0.000,13.447,14.445,0.000,CW
23,03,2023,12,54,40,40.634,40.634,0.000,13.405,14.403,0.000,CW
23,03,2023,12,54,40,40.598,40.596,0.000,13.364,14.364,0.000,CW
23,03,2023,12,54,40,40.563,40.562,0.000,13.323,14.323,0.000,CW
23,03,2023,12,54,41,40.527,40.526,0.000,13.282,14.282,0.000,CW
23,03,2023,12,54,41,40.492,40.490,0.000,13.241,14.240,0.000,CW
23,03,2023,12,54,41,40.456,40.456,0.000,13.200,14.198,0.000,CW
23,03,2023,12,54,41,40.421,40.420,0.000,13.158,14.157,0.000,CW
23,03,2023,12,54,41,40.386,40.386,0.000,13.117,14.117,0.000,CW
23,03,2023,12,54,41,40.350,40.350,0.000,13.076,14.076,0.000,CW
23,03,2023,12,54,41,40.315,40.314,0.000,13.034,14.034,0.000,CW
23,03,2023,12,54,41,40.280,40.279,0.000,12.993,13.993,0.000,CW
23,03,2023,12,54,41,40.246,40.245,0.000,12.952,13.952,0.000,CW
23,03,2023,12,54,41,40.211,40.209,0.000,12.910,13.910,0.000,CW
23,03,2023,12,54,42,40.176,40.175,0.000,12.869,13.868,0.000,CW
23,03,2023,12,54,42,40.142,40.141,0.000,12.827,13.827,0.000,CW
23,03,2023,12,54,42,40.107,40.105,0.000,12.785,13.785,0.000,CW
23,03,2023,12,54,42,40.073,40.072,0.000,12.744,13.743,0.000,CW
23,03,2023,12,54,42,40.038,40.036,0.000,12.702,13.702,0.000,CW
23,03,2023,12,54,42,40.004,40.002,0.000,12.661,13.660,0.000,CW
23,03,2023,12,54,42,39.970,39.968,0.000,12.619,13.618,0.000,CW
23,03,2023,12,54,42,39.936,39.935,0.000,12.577,13.577,0.000,CW
23,03,2023,12,54,42,39.902,39.901,0.000,12.535,13.535,0.000,CW
23,03,2023,12,54,42,39.868,39.867,0.000,12.493,13.493,0.000,CW
23,03,2023,12,54,43,39.834,39.834,0.000,12.452,13.451,0.000,CW
23,03,2023,12,54,43,39.800,39.798,0.000,12.410,13.410,0.000,CW
23,03,2023,12,54,43,39.767,39.766,0.000,12.368,13.368,0.000,CW
23,03,2023,12,54,43,39.733,39.731,0.000,12.326,13.326,0.000,CW
23,03,2023,12,54,43,39.700,39.699,0.000,12.284,13.284,0.000,CW
23,03,2023,12,54,43,39.666,39.665,0.000,12.242,13.242,0.000,CW
23,03,2023,12,54,43,39.633,39.632,0.000,12.200,13.198,0.000,CW
23,03,2023,12,54,43,39.600,39.600,0.000,12.157,13.157,0.000,CW
23,03,2023,12,54,43,39.567,39.567,0.000,12.115,13.115,0.000,CW
23,03,2023,12,54,44,39.534,39.533,0.000,12.073,13.073,0.000,CW
23,03,2023,12,54,44,39.501,39.500,0.000,12.031,13.031,0.000,CW
23,03,2023,12,54,44,39.468,39.468,0.000,11.989,12.989,0.000,CW
23,03,2023,12,54,44,39.435,39.435,0.000,11.946,12.945,0.000,CW
23,03,2023,12,54,44,39.402,39.401,0.000,11.904,12.903,0.000,CW
23,03,2023,12,54,44,39.370,39.369,0.000,11.862,12.862,0.000,CW
23,03,2023,12,54,44,39.337,39.336,0.000,11.819,12.819,0.000,CW
23,03,2023,12,54,44,39.305,39.303,0.000,11.777,12.775,0.000,CW
23,03,2023,12,54,44,39.272,39.271,0.000,11.735,12.734,0.000,CW
23,03,2023,12,54,44,39.240,39.240,0.000,11.692,12.692,0.000,CW
23,03,2023,12,54,45,39.208,39.206,0.000,11.650,12.650,0.000,CW
23,03,2023,12,54,45,39.176,39.175,0.000,11.607,12.605,0.000,CW
23,03,2023,12,54,45,39.144,39.143,0.000,11.564,12.564,0.000,CW
23,03,2023,12,54,45,39.112,39.112,0.000,11.522,12.522,0.000,CW
23,03,2023,12,54,45,39.080,39.079,0.000,11.479,12.477,0.000,CW
23,03,2023,12,54,45,39.048,39.048,0.000,11.437,12.435,0.000,CW
23,03,2023,12,54,45,39.017,39.016,0.000,11.394,12.394,0.000,CW
23,03,2023,12,54,45,38.985,38.983,0.000,11.351,12.351,0.000,CW
23,03,2023,12,54,45,38.954,38.954,0.000,11.308,12.307,0.000,CW
23,03,2023,12,54,45,38.922,38.920,0.000,11.266,12.266,0.000,CW
23,03,2023,12,54,46,38.891,38.889,0.000,11.223,12.223,0.000,CW
23,03,2023,12,54,46,38.860,38.858,0.000,11.180,12.179,0.000,CW
23,03,2023,12,54,46,38.829,38.829,0.000,11.137,12.137,0.000,CW
23,03,2023,12,54,46,38.798,38.798,0.000,11.094,12.092,0.000,CW
23,03,2023,12,54,46,38.767,38.766,0.000,11.051,12.051,0.000,CW
23,03,2023,12,54,46,38.736,38.735,0.000,11.008,12.006,0.000,CW
23,03,2023,12,54,46,38.705,38.704,0.000,10.965,11.964,0.000,CW
23,03,2023,12,54,46,38.674,38.673,0.000,10.922,11.922,0.000,CW
23,03,2023,12,54,46,38.644,38.643,0.000,10.879,11.878,0.000,CW
23,03,2023,12,54,47,38.613,38.612,0.000,10.836,11.836,0.000,CW
23,03,2023,12,54,47,38.583,38.581,0.000,10.793,11.791,0.000,CW
23,03,2023,12,54,47,38.552,38.550,0.000,10.750,11.750,0.000,CW
23,03,2023,12,54,47,38.522,38.521,0.000,10.706,11.705,0.000,CW
23,03,2023,12,54,47,38.492,38.490,0.000,10.663,11.663,0.000,CW
23,03,2023,12,54,47,38.462,38.461,0.000,10.620,11.618,0.000,CW
23,03,2023,12,54,47,38.432,38.432,0.000,10.577,11.577,0.000,CW
23,03,2023,12,54,47,38.402,38.401,0.000,10.533,11.532,0.000,CW
23,03,2023,12,54,47,38.372,38.370,0.000,10.490,11.490,0.000,CW
23,03,2023,12,54,47,38.342,38.341,0.000,10.447,11.445,0.000,CW
23,03,2023,12,54,48,38.313,38.312,0.000,10.403,11.403,0.000,CW
23,03,2023,12,54,48,38.283,38.283,0.000,10.360,11.359,0.000,CW
23,03,2023,12,54,48,38.254,38.252,0.000,10.316,11.316,0.000,CW
23,03,2023,12,54,48,38.224,38.223,0.000,10.273,11.272,0.000,CW
23,03,2023,12,54,48,38.195,38.194,0.000,10.229,11.227,0.000,CW
23,03,2023,12,54,48,38.166,38.165,0.000,10.186,11.185,0.000,CW
23,03,2023,12,54,48,38.137,38.137,0.000,10.142,11.141,0.000,CW
23,03,2023,12,54,48,38.108,38.106,0.000,10.099,11.099,0.000,CW
23,03,2023,12,54,48,38.079,38.079,0.000,10.055,11.054,0.000,CW
23,03,2023,12,54,49,38.050,38.048,0.000,10.011,11.009,0.000,CW
23,03,2023,12,54,49,38.021,38.021,0.000,9.968,10.968,0.000,CW
23,03,2023,12,54,49,37.992,37.990,0.000,9.924,10.923,0.000,CW
23,03,2023,12,54,49,37.964,37.963,0.000,9.880,10.880,0.000,CW
23,03,2023,12,54,49,37.935,37.935,0.000,9.836,10.836,0.000,CW
23,03,2023,12,54,49,37.907,37.906,0.000,9.793,10.791,0.000,CW
23,03,2023,12,54,49,37.878,37.877,0.000,9.749,10.749,0.000,CW
23,03,2023,12,54,49,37.850,37.850,0.000,9.705,10.705,0.000,CW
23,03,2023,12,54,49,37.822,37.822,0.000,9.661,10.660,0.000,CW
23,03,2023,12,54,49,37.794,37.793,0.000,9.617,10.617,0.000,CW
23,03,2023,12,54,50,37.765,37.764,0.000,9.573,10.573,0.000,CW
23,03,2023,12,54,50,37.738,37.737,0.000,9.529,10.528,0.000,CW
23,03,2023,12,54,50,37.710,37.709,0.000,9.485,10.484,0.000,CW
23,03,2023,12,54,50,37.682,37.682,0.000,9.441,10.441,0.000,CW
23,03,2023,12,54,50,37.654,37.653,0.000,9.397,10.397,0.000,CW
23,03,2023,12,54,50,37.627,37.627,0.000,9.353,10.352,0.000,CW
23,03,2023,12,54,50,37.599,37.598,0.000,9.309,10.307,0.000,CW
23,03,2023,12,54,50,37.572,37.572,0.000,9.265,10.265,0.000,CW
23,03,2023,12,54,50,37.544,37.543,0.000,9.221,10.221,0.000,CW
23,03,2023,12,54,51,37.517,37.516,0.000,9.177,10.176,0.000,CW
23,03,2023,12,54,51,37.490,37.490,0.000,9.133,10.131,0.000,CW
23,03,2023,12,54,51,37.463,37.463,0.000,9.088,10.086,0.000,CW
23,03,2023,12,54,51,37.436,37.435,0.000,9.044,10.044,0.000,CW
23,03,2023,12,54,51,37.409,37.408,0.000,9.000,10.000,0.000,CW
23,03,2023,12,54,51,37.382,37.380,0.000,8.956,9.955,0.000,CW
23,03,2023,12,54,51,37.355,37.353,0.000,8.911,9.910,0.000,CW
23,03,2023,12,54,51,37.329,37.329,0.000,8.867,9.867,0.000,CW
23,03,2023,12,54,51,37.302,37.300,0.000,8.823,9.823,0.000,CW
23,03,2023,12,54,51,37.275,37.274,0.000,8.778,9.778,0.000,CW
23,03,2023,12,54,52,37.249,37.249,0.000,8.734,9.734,0.000,CW
23,03,2023,12,54,52,37.223,37.221,0.000,8.689,9.689,0.000,CW
23,03,2023,12,54,52,37.196,37.194,0.000,8.645,9.644,0.000,CW
23,03,2023,12,54,52,37.170,37.170,0.000,8.600,9.599,0.000,CW
23,03,2023,12,54,52,37.144,37.143,0.000,8.556,9.554,0.000,CW
23,03,2023,12,54,52,37.118,37.117,0.000,8.511,9.509,0.000,CW
23,03,2023,12,54,52,37.092,37.091,0.000,8.467,9.467,0.000,CW
23,03,2023,12,54,52,37.067,37.067,0.000,8.422,9.422,0.000,CW
23,03,2023,12,54,52,37.041,37.040,0.000,8.378,9.378,0.000,CW
23,03,2023,12,54,53,37.015,37.014,0.000,8.333,9.333,0.000,CW
23,03,2023,12,54,53,36.990,36.990,0.000,8.288,9.288,0.000,CW
23,03,2023,12,54,53,36.964,36.963,0.000,8.244,9.243,0.000,CW
23,03,2023,12,54,53,36.939,36.939,0.000,8.199,9.198,0.000,CW
23,03,2023,12,54,53,36.913,36.911,0.000,8.154,9.153,0.000,CW
23,03,2023,12,54,53,36.888,36.887,0.000,8.109,9.108,0.000,CW
23,03,2023,12,54,53,36.863,36.862,0.000,8.065,9.064,0.000,CW
23,03,2023,12,54,53,36.838,36.838,0.000,8.020,9.019,0.000,CW
23,03,2023,12,54,53,36.813,36.812,0.000,7.975,8.974,0.000,CW
23,03,2023,12,54,53,36.788,36.786,0.000,7.930,8.929,0.000,CW
23,03,2023,12,54,54,36.763,36.762,0.000,7.885,8.884,0.000,CW
23,03,2023,12,54,54,36.738,36.737,0.000,7.840,8.839,0.000,CW
23,03,2023,12,54,54,36.714,36.713,0.000,7.795,8.794,0.000,CW
23,03,2023,12,54,54,36.689,36.689,0.000,7.751,8.750,0.000,CW
23,03,2023,12,54,54,36.665,36.663,0.000,7.706,8.705,0.000,CW
23,03,2023,12,54,54,36.640,36.639,0.000,7.661,8.660,0.000,CW
23,03,2023,12,54,54,36.616,36.615,0.000,7.616,8.615,0.000,CW
23,03,2023,12,54,54,36.592,36.591,0.000,7.571,8.570,0.000,CW
23,03,2023,12,54,54,36.568,36.567,0.000,7.526,8.525,0.000,CW
23,03,2023,12,54,54,36.544,36.543,0.000,7.481,8.480,0.000,CW
23,03,2023,12,54,55,36.520,36.519,0.000,7.435,8.433,0.000,CW
23,03,2023,12,54,55,36.496,36.495,0.000,7.390,8.390,0.000,CW
23,03,2023,12,54,55,36.472,36.471,0.000,7.345,8.343,0.000,CW
23,03,2023,12,54,55,36.448,36.447,0.000,7.300,8.300,0.000,CW
23,03,2023,12,54,55,36.425,36.423,0.000,7.255,8.253,0.000,CW
23,03,2023,12,54,55,36.401,36.401,0.000,7.210,8.210,0.000,CW
23,03,2023,12,54,55,36.378,36.377,0.000,7.164,8.163,0.000,CW
23,03,2023,12,54,55,36.354,36.353,0.000,7.119,8.118,0.000,CW
23,03,2023,12,54,55,36.331,36.331,0.000,7.074,8.073,0.000,CW
23,03,2023,12,54,56,36.308,36.307,0.000,7.029,8.028,0.000,CW
23,03,2023,12,54,56,36.285,36.283,0.000,6.983,7.982,0.000,CW
23,03,2023,12,54,56,36.261,36.261,0.000,6.938,7.937,0.000,CW
23,03,2023,12,54,56,37.190,37.189,0.000,8.031,9.031,0.000,CW
23,03,2023,12,54,56,46.481,46.480,0.000,8.973,9.973,0.000,CW
23,03,2023,12,54,56,55.771,55.771,0.000,9.916,10.914,0.000,CW
23,03,2023,12,54,56,65.062,65.062,0.000,10.858,11.856,0.000,CW
23,03,2023,12,54,56,74.353,74.351,0.000,11.800,12.798,0.000,CW
23,03,2023,12,54,56,83.644,83.643,0.000,12.742,13.742,0.000,CW
23,03,2023,12,54,56,92.934,92.933,0.000,13.684,14.683,0.000,CW
23,03,2023,12,54,57,102.225,102.225,0.000,14.626,15.625,0.000,CW
23,03,2023,12,54,57,111.516,111.514,0.000,15.569,16.568,0.000,CW
23,03,2023,12,54,57,120.806,120.805,0.000,16.511,17.510,0.000,CW
23,03,2023,12,54,57,130.097,130.097,0.000,17.453,18.452,0.000,CW
23,03,2023,12,54,57,139.388,139.387,0.000,18.395,19.394,0.000,CW
23,03,2023,12,54,57,148.679,148.677,0.000,19.337,20.336,0.000,CW
23,03,2023,12,54,57,157.969,157.968,0.000,20.280,21.278,0.000,CW
23,03,2023,12,54,57,167.260,167.258,0.000,21.222,22.221,0.000,CW
23,03,2023,12,54,57,176.551,176.550,0.000,22.164,23.163,0.000,CW
23,03,2023,12,54,58,185.841,185.841,0.000,23.106,24.106,0.000,CW
23,03,2023,12,54,58,194.203,194.203,0.000,23.954,24.954,0.000,CW
23,03,2023,12,54,58,194.203,194.203,0.000,23.954,24.954,0.000,CW
23,03,2023,12,54,58,194.161,194.161,0.000,23.912,24.911,0.000,CW
23,03,2023,12,54,58,194.119,194.117,0.000,23.869,24.867,0.000,CW
23,03,2023,12,54,58,194.076,194.074,0.000,23.827,24.827,0.000,CW
23,03,2023,12,54,58,194.034,194.032,0.000,23.784,24.783,0.000,CW
23,03,2023,12,54,58,193.992,193.991,0.000,23.742,24.742,0.000,CW
23,03,2023,12,54,58,193.950,193.949,0.000,23.699,24.699,0.000,CW
23,03,2023,12,54,59,193.908,193.907,0.000,23.657,24.657,0.000,CW
23,03,2023,12,54,59,193.865,193.865,0.000,23.615,24.614,0.000,CW
23,03,2023,12,54,59,193.823,193.823,0.000,23.573,24.573,0.000,CW
23,03,2023,12,54,59,193.781,193.781,0.000,23.530,24.530,0.000,CW
23,03,2023,12,54,59,193.739,193.739,0.000,23.488,24.486,0.000,CW
23,03,2023,12,54,59,193.696,193.694,0.000,23.446,24.446,0.000,CW
23,03,2023,12,54,59,193.654,193.652,0.000,23.404,24.402,0.000,CW
23,03,2023,12,54,59,193.612,193.610,0.000,23.362,24.361,0.000,CW
23,03,2023,12,54,59,193.570,193.568,0.000,23.320,24.320,0.000,CW
23,03,2023,12,54,59,193.527,193.526,0.000,23.278,24.277,0.000,CW
23,03,2023,12,55,00,193.485,193.485,0.000,23.236,24.236,0.000,CW
23,03,2023,12,55,00,193.443,193.443,0.000,23.194,24.193,0.000,CW
23,03,2023,12,55,00,193.401,193.401,0.000,23.152,24.152,0.000,CW
23,03,2023,12,55,00,193.359,193.359,0.000,23.111,24.111,0.000,CW
23,03,2023,12,55,00,193.316,193.316,0.000,23.069,24.068,0.000,CW
23,03,2023,12,55,00,193.274,193.274,0.000,23.027,24.027,0.000,CW
23,03,2023,12,55,00,193.232,193.230,0.000,22.986,23.986,0.000,CW
23,03,2023,12,55,00,193.190,193.188,0.000,22.944,23.943,0.000,CW
23,03,2023,12,55,00,193.147,193.145,0.000,22.902,23.902,0.000,CW
23,03,2023,12,55,00,193.105,193.104,0.000,22.861,23.861,0.000,CW
23,03,2023,12,55,01,193.063,193.062,0.000,22.819,23.818,0.000,CW
23,03,2023,12,55,01,193.021,193.020,0.000,22.778,23.777,0.000,CW
23,03,2023,12,55,01,192.979,192.979,0.000,22.737,23.736,0.000,CW
23,03,2023,12,55,01,192.936,192.936,0.000,22.695,23.695,0.000,CW
23,03,2023,12,55,01,192.894,192.894,0.000,22.654,23.652,0.000,CW
23,03,2023,12,55,01,192.852,192.852,0.000,22.613,23.611,0.000,CW
23,03,2023,12,55,01,192.810,192.810,0.000,22.571,23.571,0.000,CW
23,03,2023,12,55,01,192.767,192.765,0.000,22.530,23.530,0.000,CW
23,03,2023,12,55,01,192.725,192.723,0.000,22.489,23.489,0.000,CW
23,03,2023,12,55,02,192.683,192.681,0.000,22.448,23.448,0.000,CW
23,03,2023,12,55,02,192.641,192.639,0.000,22.407,23.407,0.000,CW
23,03,2023,12,55,02,192.598,192.598,0.000,22.366,23.364,0.000,CW
23,03,2023,12,55,02,192.556,192.556,0.000,22.325,23.324,0.000,CW
23,03,2023,12,55,02,192.514,192.514,0.000,22.284,23.283,0.000,CW
23,03,2023,12,55,02,192.472,192.472,0.000,22.243,23.242,0.000,CW
23,03,2023,12,55,02,192.430,192.430,0.000,22.202,23.202,0.000,CW
23,03,2023,12,55,02,192.387,192.387,0.000,22.162,23.161,0.000,CW
23,03,2023,12,55,02,192.345,192.343,0.000,22.121,23.120,0.000,CW
23,03,2023,12,55,02,192.303,192.301,0.000,22.080,23.079,0.000,CW
23,03,2023,12,55,03,192.261,192.259,0.000,22.039,23.039,0.000,CW
23,03,2023,12,55,03,192.218,192.217,0.000,21.999,22.998,0.000,CW
23,03,2023,12,55,03,192.176,192.175,0.000,21.958,22.957,0.000,CW
23,03,2023,12,55,03,192.134,192.133,0.000,21.918,22.917,0.000,CW
23,03,2023,12,55,03,192.091,192.091,0.000,21.877,22.876,0.000,CW
23,03,2023,12,55,03,192.049,192.049,0.000,21.837,22.835,0.000,CW
23,03,2023,12,55,03,192.007,192.007,0.000,21.796,22.795,0.000,CW
23,03,2023,12,55,03,191.965,191.965,0.000,21.756,22.756,0.000,CW
23,03,2023,12,55,03,191.922,191.920,0.000,21.716,22.716,0.000,CW
23,03,2023,12,55,03,191.880,191.878,0.000,21.676,22.675,0.000,CW
23,03,2023,12,55,04,191.838,191.836,0.000,21.635,22.635,0.000,CW
23,03,2023,12,55,04,191.796,191.794,0.000,21.595,22.594,0.000,CW
23,03,2023,12,55,04,191.753,191.752,0.000,21.555,22.553,0.000,CW
23,03,2023,12,55,04,191.711,191.711,0.000,21.515,22.515,0.000,CW
23,03,2023,12,55,04,191.669,191.669,0.000,21.475,22.475,0.000,CW
23,03,2023,12,55,04,191.626,191.626,0.000,21.435,22.434,0.000,CW
23,03,2023,12,55,04,191.584,191.584,0.000,21.395,22.393,0.000,CW
23,03,2023,12,55,04,191.542,191.542,0.000,21.355,22.355,0.000,CW
23,03,2023,12,55,04,191.500,191.500,0.000,21.315,22.315,0.000,CW
23,03,2023,12,55,04,191.457,191.455,0.000,21.275,22.274,0.000,CW
