15,09,2022,09,24,45,0,0,15,16
15,09,2022,09,24,46,183,362,15,16
15,09,2022,09,24,47,183,362,750,499
15,09,2022,09,24,47,166,361,750,499
15,09,2022,09,24,52,155,336,751,499
15,09,2022,09,25,00,155,322,750,497
15,09,2022,09,25,00,155,322,750,502
15,09,2022,09,25,02,155,323,750,498
15,09,2022,09,25,03,155,308,750,498
15,09,2022,09,25,04,158,322,750,500
15,09,2022,09,25,05,158,322,749,497
15,09,2022,09,25,06,157,307,749,497
15,09,2022,09,25,14,154,290,751,499
15,09,2022,09,25,18,153,270,750,499
15,09,2022,09,25,19,153,270,750,336
15,09,2022,09,25,20,152,242,750,336
15,09,2022,09,25,20,152,242,750,249
15,09,2022,09,25,21,151,208,750,249
15,09,2022,09,25,22,151,208,751,169
15,09,2022,09,25,23,153,190,751,169
15,09,2022,09,25,24,153,190,746,164
15,09,2022,09,25,24,152,175,746,164
15,09,2022,09,25,25,152,175,750,61
15,09,2022,09,25,26,151,140,750,61
15,09,2022,09,25,32,150,120,749,60
15,09,2022,09,25,33,150,120,749,29
15,09,2022,09,25,33,152,106,749,29
15,09,2022,09,25,41,151,118,751,30
15,09,2022,09,25,47,147,114,751,18
15,09,2022,09,25,47,148,98,751,18
15,09,2022,09,25,49,137,98,751,17
15,09,2022,09,25,49,137,98,384,16
15,09,2022,09,25,50,86,92,384,16
15,09,2022,09,25,51,86,92,224,17
15,09,2022,09,25,52,74,97,224,17
15,09,2022,09,25,53,74,97,152,18
15,09,2022,09,25,54,70,90,79,16
15,09,2022,09,25,55,52,85,79,16
15,09,2022,09,25,59,55,94,76,5
15,09,2022,09,26,00,55,82,76,5
15,09,2022,09,26,06,90,88,75,5
15,09,2022,09,26,06,90,88,243,5
15,09,2022,09,26,07,76,93,243,5
15,09,2022,09,26,08,76,93,151,5
15,09,2022,09,26,09,62,95,151,5
15,09,2022,09,26,10,62,95,76,5
15,09,2022,09,26,10,46,95,76,5
15,09,2022,09,26,11,46,95,48,5
15,09,2022,09,26,13,45,96,14,5
15,09,2022,09,26,13,25,99,14,5
15,09,2022,09,26,14,25,99,0,5
15,09,2022,09,26,16,22,101,54,5
15,09,2022,09,26,17,48,97,54,5
15,09,2022,09,26,17,48,97,37,5
15,09,2022,09,26,18,30,94,37,5
15,09,2022,09,26,19,30,94,0,5
15,09,2022,09,26,20,8,98,0,5
15,09,2022,09,26,26,49,76,0,5
15,09,2022,09,26,26,49,76,52,5
15,09,2022,09,26,28,49,66,57,0
15,09,2022,09,26,36,51,61,135,5
15,09,2022,09,26,36,54,113,135,5
15,09,2022,09,26,37,54,113,73,6
15,09,2022,09,26,39,48,109,43,6
15,09,2022,09,26,39,36,81,43,6
15,09,2022,09,26,40,36,81,8,0
15,09,2022,09,26,42,26,70,0,0
15,09,2022,09,26,46,50,115,0,0
15,09,2022,09,26,46,50,115,56,6
15,09,2022,09,26,49,38,112,50,6
15,09,2022,09,26,49,38,112,0,5
15,09,2022,09,26,50,22,86,0,5
15,09,2022,09,26,51,22,86,0,0
15,09,2022,09,26,56,22,77,53,7
15,09,2022,09,26,56,42,115,53,7
15,09,2022,09,26,57,42,115,10,7
15,09,2022,09,26,58,26,113,10,7
15,09,2022,09,27,00,23,104,0,0
15,09,2022,09,27,02,23,71,0,0
15,09,2022,09,27,06,51,114,0,0
15,09,2022,09,27,06,51,114,55,6
15,09,2022,09,27,09,53,104,55,1
15,09,2022,09,27,10,42,80,55,1
15,09,2022,09,27,11,42,80,5,0
15,09,2022,09,27,12,27,80,5,0
15,09,2022,09,27,16,26,73,36,7
15,09,2022,09,27,16,41,103,36,7
15,09,2022,09,27,17,41,103,10,7
15,09,2022,09,27,18,10,102,10,7
15,09,2022,09,27,19,9,91,0,6
15,09,2022,09,27,20,9,91,0,0
15,09,2022,09,27,21,9,59,0,0
15,09,2022,09,27,26,55,91,0,0
15,09,2022,09,27,26,55,91,50,6
15,09,2022,09,27,27,43,98,50,6
15,09,2022,09,27,28,43,98,20,6
15,09,2022,09,27,29,24,92,20,6
15,09,2022,09,27,29,24,92,0,1
15,09,2022,09,27,30,22,59,0,1
15,09,2022,09,27,36,22,55,53,6
15,09,2022,09,27,36,50,84,53,6
15,09,2022,09,27,37,50,84,36,6
15,09,2022,09,27,38,32,89,36,6
15,09,2022,09,27,39,32,89,0,6
15,09,2022,09,27,39,20,82,0,6
15,09,2022,09,27,40,20,82,0,0
15,09,2022,09,27,41,19,61,0,0
15,09,2022,09,27,46,50,82,0,0
15,09,2022,09,27,46,50,82,52,6
15,09,2022,09,27,49,23,89,52,6
15,09,2022,09,27,49,23,89,0,6
15,09,2022,09,27,50,15,69,0,6
15,09,2022,09,27,51,15,69,0,0
15,09,2022,09,27,55,13,59,56,6
15,09,2022,09,27,56,49,84,56,6
15,09,2022,09,27,58,47,85,2,6
15,09,2022,09,28,00,47,87,0,1
15,09,2022,09,28,01,24,63,0,1
15,09,2022,09,28,05,51,90,0,0
15,09,2022,09,28,06,51,90,48,6
15,09,2022,09,28,07,34,86,48,6
15,09,2022,09,28,08,34,86,0,5
15,09,2022,09,28,08,11,86,0,5
15,09,2022,09,28,10,11,61,0,6
15,09,2022,09,28,11,11,61,0,0
15,09,2022,09,28,15,11,51,51,5
15,09,2022,09,28,16,50,82,51,5
15,09,2022,09,28,18,43,80,0,6
15,09,2022,09,28,19,19,86,0,6
15,09,2022,09,28,21,19,69,0,5
15,09,2022,09,28,22,19,69,0,0
15,09,2022,09,28,25,50,86,0,0
15,09,2022,09,28,26,50,86,54,6
15,09,2022,09,28,31,45,83,9,0
15,09,2022,09,28,32,30,62,9,0
15,09,2022,09,28,35,29,57,51,6
15,09,2022,09,28,36,48,86,51,6
15,09,2022,09,28,37,48,86,36,6
15,09,2022,09,28,38,40,92,0,5
15,09,2022,09,28,40,31,85,0,1
15,09,2022,09,28,41,30,69,0,1
15,09,2022,09,28,45,52,97,0,0
15,09,2022,09,28,46,52,97,54,6
15,09,2022,09,28,48,45,97,24,5
15,09,2022,09,28,48,26,87,24,5
15,09,2022,09,28,49,26,87,0,6
15,09,2022,09,28,50,7,87,0,6
15,09,2022,09,28,51,7,87,0,0
15,09,2022,09,28,51,7,60,0,0
15,09,2022,09,28,55,7,57,47,6
15,09,2022,09,28,56,7,90,47,6
15,09,2022,09,28,57,7,90,9,6
15,09,2022,09,28,58,18,90,9,6
15,09,2022,09,29,01,16,68,0,6
15,09,2022,09,29,01,16,68,0,0
15,09,2022,09,29,05,59,100,0,0
15,09,2022,09,29,06,59,100,52,6
15,09,2022,09,29,07,46,97,52,6
15,09,2022,09,29,08,46,97,28,6
15,09,2022,09,29,08,30,97,28,6
15,09,2022,09,29,09,30,97,0,6
15,09,2022,09,29,10,16,92,0,6
15,09,2022,09,29,11,16,92,0,0
15,09,2022,09,29,11,16,65,0,0
15,09,2022,09,29,15,16,61,55,5
15,09,2022,09,29,16,54,100,55,5
15,09,2022,09,29,21,39,77,52,6
15,09,2022,09,29,21,39,77,10,0
15,09,2022,09,29,22,22,72,10,0
15,09,2022,09,29,25,15,108,0,0
15,09,2022,09,29,26,15,108,37,6
15,09,2022,09,29,27,27,101,37,6
15,09,2022,09,29,28,27,101,0,6
15,09,2022,09,29,31,24,91,0,0
15,09,2022,09,29,31,25,68,0,0
15,09,2022,09,29,35,24,65,61,5
15,09,2022,09,29,36,51,104,61,5
15,09,2022,09,29,40,51,94,46,6
15,09,2022,09,29,41,43,77,46,6
15,09,2022,09,29,41,43,77,7,6
15,09,2022,09,29,42,31,68,7,6
15,09,2022,09,29,43,31,68,0,0
15,09,2022,09,29,45,57,109,0,0
15,09,2022,09,29,46,57,109,53,6
15,09,2022,09,29,47,44,100,53,6
15,09,2022,09,29,48,44,100,26,6
15,09,2022,09,29,49,34,97,0,7
15,09,2022,09,29,50,19,97,0,7
15,09,2022,09,29,51,19,97,0,0
15,09,2022,09,29,51,18,71,0,0
15,09,2022,09,29,55,18,67,50,5
15,09,2022,09,29,56,50,91,50,5
15,09,2022,09,29,57,50,91,36,6
15,09,2022,09,29,58,39,96,36,6
15,09,2022,09,29,58,39,96,0,6
15,09,2022,09,29,59,21,98,0,6
15,09,2022,09,30,01,21,78,0,6
15,09,2022,09,30,01,21,78,0,0
15,09,2022,09,30,05,48,109,0,0
15,09,2022,09,30,06,48,109,56,0
15,09,2022,09,30,07,45,95,56,0
15,09,2022,09,30,08,45,95,18,6
15,09,2022,09,30,08,25,95,18,6
15,09,2022,09,30,09,25,95,0,6
15,09,2022,09,30,11,25,94,0,0
15,09,2022,09,30,11,25,70,0,0
15,09,2022,09,30,15,25,67,46,5
15,09,2022,09,30,16,49,93,46,5
15,09,2022,09,30,18,40,99,5,6
15,09,2022,09,30,19,26,93,5,6
15,09,2022,09,30,22,26,62,0,6
15,09,2022,09,30,23,26,62,0,0
15,09,2022,09,30,26,28,64,39,6
15,09,2022,09,30,27,42,87,39,6
15,09,2022,09,30,27,42,87,7,6
15,09,2022,09,30,28,23,82,7,6
15,09,2022,09,30,31,22,82,0,1
15,09,2022,09,30,33,23,58,0,0
15,09,2022,09,30,35,23,57,21,0
15,09,2022,09,30,36,52,80,21,0
15,09,2022,09,30,37,52,80,21,6
15,09,2022,09,30,38,40,79,21,6
15,09,2022,09,30,38,40,79,9,6
15,09,2022,09,30,39,7,83,9,6
15,09,2022,09,30,41,8,83,0,0
15,09,2022,09,30,42,7,55,0,0
15,09,2022,09,30,45,27,55,0,0
15,09,2022,09,30,46,27,55,54,5
15,09,2022,09,30,47,47,74,54,5
15,09,2022,09,30,47,47,74,33,6
15,09,2022,09,30,48,28,76,33,6
15,09,2022,09,30,49,28,76,0,7
15,09,2022,09,30,50,12,84,0,7
15,09,2022,09,30,51,11,53,0,6
15,09,2022,09,30,52,11,53,0,0
15,09,2022,09,30,56,48,90,5,0
15,09,2022,09,30,57,48,90,46,6
15,09,2022,09,30,57,38,78,46,6
15,09,2022,09,30,58,38,78,0,6
15,09,2022,09,30,59,25,72,0,6
15,09,2022,09,31,01,24,60,0,7
15,09,2022,09,31,01,24,60,0,0
15,09,2022,09,31,06,32,55,53,7
15,09,2022,09,31,07,48,80,53,7
15,09,2022,09,31,07,48,80,34,7
15,09,2022,09,31,08,31,89,34,7
15,09,2022,09,31,09,31,89,0,5
15,09,2022,09,31,10,30,75,0,5
15,09,2022,09,31,11,29,63,0,5
15,09,2022,09,31,12,29,63,0,0
15,09,2022,09,31,14,29,51,0,0
15,09,2022,09,31,16,54,85,4,0
15,09,2022,09,31,17,54,85,49,6
15,09,2022,09,31,18,44,91,0,6
15,09,2022,09,31,19,9,79,0,6
15,09,2022,09,31,21,9,78,0,0
15,09,2022,09,31,22,9,54,0,0
15,09,2022,09,31,25,27,57,0,0
15,09,2022,09,31,26,27,57,53,6
15,09,2022,09,31,27,52,90,53,6
15,09,2022,09,31,28,9,85,43,5
15,09,2022,09,31,29,9,85,0,5
15,09,2022,09,31,31,7,60,0,5
15,09,2022,09,31,32,7,60,0,0
15,09,2022,09,31,35,8,51,16,0
15,09,2022,09,31,36,51,89,16,0
15,09,2022,09,31,37,51,89,55,5
15,09,2022,09,31,37,39,86,55,5
15,09,2022,09,31,38,39,86,10,6
15,09,2022,09,31,39,9,83,10,6
15,09,2022,09,31,42,7,62,0,6
15,09,2022,09,31,43,7,62,0,0
15,09,2022,09,31,45,19,58,0,0
15,09,2022,09,31,46,19,58,73,5
15,09,2022,09,31,47,19,84,73,5
15,09,2022,09,31,48,51,86,74,6
15,09,2022,09,31,49,51,86,51,6
15,09,2022,09,31,50,39,95,51,6
15,09,2022,09,31,50,39,95,6,6
15,09,2022,09,31,51,12,72,6,6
15,09,2022,09,31,52,12,72,0,0
15,09,2022,09,31,56,47,91,2,0
15,09,2022,09,31,57,47,91,25,6
15,09,2022,09,31,57,36,87,25,6
15,09,2022,09,31,58,36,87,0,6
15,09,2022,09,31,59,33,99,0,6
15,09,2022,09,32,01,33,94,0,0
15,09,2022,09,32,02,33,64,0,0
15,09,2022,09,32,06,36,61,53,6
15,09,2022,09,32,07,51,90,53,6
15,09,2022,09,32,07,51,90,36,6
15,09,2022,09,32,08,38,91,36,6
15,09,2022,09,32,09,38,91,11,7
15,09,2022,09,32,11,41,75,8,6
15,09,2022,09,32,12,41,75,31,6
15,09,2022,09,32,13,47,66,37,0
15,09,2022,09,32,15,43,64,16,0
15,09,2022,09,32,16,50,90,16,0
15,09,2022,09,32,17,50,90,46,6
15,09,2022,09,32,18,44,98,9,6
15,09,2022,09,32,19,23,96,9,6
15,09,2022,09,32,20,11,92,0,6
15,09,2022,09,32,26,13,94,40,6
15,09,2022,09,32,27,35,89,40,6
15,09,2022,09,32,27,35,89,9,0
15,09,2022,09,32,28,9,60,9,0
15,09,2022,09,32,36,60,99,0,0
15,09,2022,09,32,37,60,99,70,6
15,09,2022,09,32,38,52,92,34,5
15,09,2022,09,32,39,32,88,34,5
15,09,2022,09,32,40,32,88,0,6
15,09,2022,09,32,42,29,63,0,6
15,09,2022,09,32,43,29,63,0,0
15,09,2022,09,32,46,29,59,47,6
15,09,2022,09,32,47,39,86,47,6
15,09,2022,09,32,49,31,80,0,6
15,09,2022,09,32,50,31,91,0,6
15,09,2022,09,32,52,29,92,0,0
15,09,2022,09,32,53,29,62,0,0
15,09,2022,09,32,56,51,92,0,0
15,09,2022,09,32,56,51,92,50,6
15,09,2022,09,32,58,51,93,35,6
15,09,2022,09,33,00,45,81,36,6
15,09,2022,09,33,02,45,57,37,6
15,09,2022,09,33,03,45,57,20,0
15,09,2022,09,33,03,13,53,20,0
15,09,2022,09,33,04,13,53,0,0
15,09,2022,09,33,06,13,52,0,5
15,09,2022,09,33,07,29,81,0,5
15,09,2022,09,33,12,27,84,0,0
15,09,2022,09,33,13,28,56,0,0
15,09,2022,09,33,16,48,80,0,0
15,09,2022,09,33,16,48,80,34,7
15,09,2022,09,33,22,27,57,36,6
15,09,2022,09,33,23,27,57,0,0
15,09,2022,09,33,26,25,50,0,6
15,09,2022,09,33,26,50,81,0,6
15,09,2022,09,33,27,50,81,33,6
15,09,2022,09,33,28,26,79,33,6
15,09,2022,09,33,29,26,79,0,6
15,09,2022,09,33,30,9,77,0,6
15,09,2022,09,33,32,9,77,0,0
15,09,2022,09,33,33,9,51,0,0
15,09,2022,09,33,36,46,69,0,0
15,09,2022,09,33,36,46,69,0,7
15,09,2022,09,33,37,28,79,0,7
15,09,2022,09,33,39,13,81,0,6
15,09,2022,09,33,42,13,60,0,6
15,09,2022,09,33,43,13,60,0,0
15,09,2022,09,33,46,13,51,68,6
15,09,2022,09,33,46,50,79,68,6
15,09,2022,09,33,47,50,79,55,6
15,09,2022,09,33,50,50,80,35,6
15,09,2022,09,33,51,29,79,35,6
15,09,2022,09,33,52,29,79,0,0
15,09,2022,09,33,53,7,54,0,0
15,09,2022,09,33,56,6,77,0,0
15,09,2022,09,33,56,6,77,0,7
15,09,2022,09,33,57,19,82,0,7
15,09,2022,09,34,03,19,74,0,0
15,09,2022,09,34,03,19,55,0,0
15,09,2022,09,34,06,19,55,49,6
15,09,2022,09,34,06,48,82,49,6
15,09,2022,09,34,10,49,86,36,5
15,09,2022,09,34,11,36,89,36,5
15,09,2022,09,34,12,36,89,0,0
15,09,2022,09,34,13,27,55,0,0
15,09,2022,09,34,16,49,90,0,0
15,09,2022,09,34,16,49,90,54,6
15,09,2022,09,34,19,26,91,54,5
15,09,2022,09,34,19,26,91,0,6
15,09,2022,09,34,22,24,73,0,7
15,09,2022,09,34,24,24,64,0,0
15,09,2022,09,34,26,24,62,55,6
15,09,2022,09,34,26,50,93,55,6
15,09,2022,09,34,28,32,100,55,7
15,09,2022,09,34,29,32,100,0,6
15,09,2022,09,34,33,28,77,0,5
15,09,2022,09,34,33,28,77,0,0
15,09,2022,09,34,36,50,99,0,0
15,09,2022,09,34,36,50,99,51,6
15,09,2022,09,34,39,30,100,51,7
15,09,2022,09,34,39,30,100,0,6
15,09,2022,09,34,42,28,91,0,0
15,09,2022,09,34,43,28,66,0,0
15,09,2022,09,34,46,28,63,45,6
15,09,2022,09,34,46,33,96,45,6
15,09,2022,09,34,47,33,96,0,6
15,09,2022,09,34,48,8,94,0,6
15,09,2022,09,34,52,7,101,0,1
15,09,2022,09,34,52,7,63,0,1
15,09,2022,09,34,56,44,96,0,0
15,09,2022,09,34,56,44,96,28,7
15,09,2022,09,34,59,60,97,31,5
15,09,2022,09,35,00,38,91,29,6
15,09,2022,09,35,02,24,100,27,6
15,09,2022,09,35,02,24,100,0,0
15,09,2022,09,35,03,19,71,0,0
15,09,2022,09,35,06,19,67,0,6
15,09,2022,09,35,06,51,96,0,6
15,09,2022,09,35,07,51,96,47,5
15,09,2022,09,35,09,43,91,9,6
15,09,2022,09,35,09,8,88,9,6
15,09,2022,09,35,12,7,65,0,5
15,09,2022,09,35,13,7,65,0,0
15,09,2022,09,35,16,41,98,0,0
15,09,2022,09,35,16,41,98,26,6
15,09,2022,09,35,19,39,81,25,5
15,09,2022,09,35,21,31,78,0,7
15,09,2022,09,35,22,26,79,0,0
15,09,2022,09,35,23,27,57,0,0
15,09,2022,09,35,25,26,54,56,7
15,09,2022,09,35,26,50,86,56,7
15,09,2022,09,35,27,50,86,35,6
15,09,2022,09,35,28,25,84,35,6
15,09,2022,09,35,29,25,84,7,5
15,09,2022,09,35,29,7,79,7,5
15,09,2022,09,35,32,6,53,0,7
15,09,2022,09,35,33,6,53,0,0
15,09,2022,09,35,35,53,74,0,0
15,09,2022,09,35,36,53,74,54,6
15,09,2022,09,35,38,43,75,23,6
15,09,2022,09,35,39,17,75,23,6
15,09,2022,09,35,39,17,75,0,5
15,09,2022,09,35,42,13,69,0,0
15,09,2022,09,35,43,13,54,0,0
15,09,2022,09,35,45,13,51,50,5
15,09,2022,09,35,46,53,70,50,5
15,09,2022,09,35,47,53,70,38,7
15,09,2022,09,35,48,29,80,38,7
15,09,2022,09,35,49,29,80,0,7
15,09,2022,09,35,49,11,76,0,7
15,09,2022,09,35,52,4,61,0,6
15,09,2022,09,35,53,4,61,0,0
15,09,2022,09,35,56,50,77,0,0
15,09,2022,09,35,56,50,77,48,7
15,09,2022,09,35,57,20,83,48,7
15,09,2022,09,35,58,20,83,0,7
15,09,2022,09,36,02,19,76,0,1
15,09,2022,09,36,03,20,55,0,1
15,09,2022,09,36,05,19,52,0,6
15,09,2022,09,36,08,27,74,10,6
15,09,2022,09,36,12,18,61,0,5
15,09,2022,09,36,13,18,61,0,0
15,09,2022,09,36,15,51,79,0,0
15,09,2022,09,36,16,51,79,0,6
15,09,2022,09,36,18,51,80,54,6
15,09,2022,09,36,21,44,73,24,6
15,09,2022,09,36,22,29,76,24,6
15,09,2022,09,36,22,29,76,0,6
15,09,2022,09,36,23,27,59,0,6
15,09,2022,09,36,24,27,59,0,0
15,09,2022,09,36,25,27,56,59,5
15,09,2022,09,36,26,51,86,59,5
15,09,2022,09,36,27,51,86,46,6
15,09,2022,09,36,28,39,87,46,6
15,09,2022,09,36,28,39,87,6,7
15,09,2022,09,36,29,22,86,6,7
15,09,2022,09,36,32,21,73,0,6
15,09,2022,09,36,33,21,73,0,0
15,09,2022,09,36,35,51,94,0,0
15,09,2022,09,36,36,51,94,53,6
15,09,2022,09,36,38,50,88,21,6
15,09,2022,09,36,38,31,88,21,6
15,09,2022,09,36,39,31,88,0,6
15,09,2022,09,36,43,30,63,0,6
15,09,2022,09,36,44,30,63,0,0
15,09,2022,09,36,45,29,60,50,0
15,09,2022,09,36,46,52,90,50,0
15,09,2022,09,36,47,52,90,50,6
15,09,2022,09,36,48,35,88,50,6
15,09,2022,09,36,48,35,88,5,7
15,09,2022,09,36,49,60,94,5,7
15,09,2022,09,36,52,59,75,0,5
15,09,2022,09,36,53,59,75,0,0
15,09,2022,09,36,55,56,96,0,0
15,09,2022,09,36,56,56,96,53,6
15,09,2022,09,36,57,44,89,53,6
15,09,2022,09,36,58,44,89,19,6
15,09,2022,09,36,58,32,93,19,6
15,09,2022,09,36,59,32,93,0,6
15,09,2022,09,37,03,30,66,0,6
15,09,2022,09,37,04,30,66,0,0
15,09,2022,09,37,05,30,61,50,5
15,09,2022,09,37,06,49,91,50,5
15,09,2022,09,37,07,49,91,36,5
15,09,2022,09,37,08,35,89,36,5
15,09,2022,09,37,08,35,89,0,5
15,09,2022,09,37,09,6,85,0,5
15,09,2022,09,37,12,7,69,0,7
15,09,2022,09,37,13,7,69,0,0
15,09,2022,09,37,15,51,98,0,0
15,09,2022,09,37,16,51,98,54,6
15,09,2022,09,37,18,42,89,21,5
15,09,2022,09,37,18,24,84,21,5
15,09,2022,09,37,19,24,84,0,5
15,09,2022,09,37,23,22,64,0,6
15,09,2022,09,37,24,22,64,0,0
15,09,2022,09,37,25,23,60,50,5
15,09,2022,09,37,26,49,84,50,5
15,09,2022,09,37,27,49,84,17,6
15,09,2022,09,37,28,28,82,17,6
15,09,2022,09,37,28,28,82,0,6
15,09,2022,09,37,33,26,73,0,0
15,09,2022,09,37,34,26,52,0,0
15,09,2022,09,37,35,39,78,0,0
15,09,2022,09,37,36,39,78,11,7
15,09,2022,09,37,37,20,77,11,7
15,09,2022,09,37,38,20,77,0,6
15,09,2022,09,37,43,18,50,0,6
15,09,2022,09,37,44,18,50,0,0
15,09,2022,09,37,45,17,47,69,6
15,09,2022,09,37,46,59,69,69,6
15,09,2022,09,37,48,61,70,54,6
15,09,2022,09,37,49,46,72,54,6
15,09,2022,09,37,50,46,72,23,6
15,09,2022,09,37,51,34,73,23,6
15,09,2022,09,37,52,17,81,23,6
15,09,2022,09,37,53,17,81,0,0
15,09,2022,09,37,54,16,50,0,0
15,09,2022,09,37,55,35,54,0,0
15,09,2022,09,37,56,35,54,0,6
15,09,2022,09,37,57,48,70,0,6
15,09,2022,09,37,58,48,70,33,6
15,09,2022,09,37,58,31,70,33,6
15,09,2022,09,37,59,31,70,0,6
15,09,2022,09,38,01,9,72,0,7
15,09,2022,09,38,03,9,57,0,5
15,09,2022,09,38,04,9,57,0,0
15,09,2022,09,38,06,51,72,10,0
15,09,2022,09,38,07,51,72,45,6
15,09,2022,09,38,08,41,82,6,5
15,09,2022,09,38,09,24,79,6,5
15,09,2022,09,38,13,24,75,0,1
15,09,2022,09,38,14,24,59,0,1
15,09,2022,09,38,15,37,61,0,0
15,09,2022,09,38,16,37,61,53,6
15,09,2022,09,38,17,45,76,53,6
15,09,2022,09,38,17,45,76,34,6
15,09,2022,09,38,18,26,80,34,6
15,09,2022,09,38,19,26,80,0,7
15,09,2022,09,38,20,11,86,0,7
15,09,2022,09,38,24,10,82,0,0
15,09,2022,09,38,24,11,54,0,0
15,09,2022,09,38,25,11,54,20,0
15,09,2022,09,38,26,53,79,20,0
15,09,2022,09,38,27,53,79,47,6
15,09,2022,09,38,28,40,84,47,6
15,09,2022,09,38,28,40,84,10,5
15,09,2022,09,38,29,22,81,10,5
15,09,2022,09,38,33,18,89,0,1
15,09,2022,09,38,34,18,60,0,1
15,09,2022,09,38,35,33,60,0,0
15,09,2022,09,38,36,33,60,54,6
15,09,2022,09,38,37,47,89,54,6
15,09,2022,09,38,37,47,89,35,6
15,09,2022,09,38,38,30,84,35,6
15,09,2022,09,38,39,30,84,0,6
15,09,2022,09,38,40,12,84,0,6
15,09,2022,09,38,44,13,88,0,0
15,09,2022,09,38,46,52,92,6,0
15,09,2022,09,38,47,52,92,45,0
15,09,2022,09,38,48,45,94,10,6
15,09,2022,09,38,49,10,92,10,6
15,09,2022,09,38,53,9,98,0,1
15,09,2022,09,38,54,9,64,0,1
15,09,2022,09,38,56,15,66,57,6
15,09,2022,09,38,57,15,90,57,6
15,09,2022,09,38,57,15,90,33,7
15,09,2022,09,38,58,28,95,33,7
15,09,2022,09,38,59,28,95,0,6
15,09,2022,09,39,00,7,95,0,6
15,09,2022,09,39,03,7,82,0,6
15,09,2022,09,39,04,7,82,0,0
15,09,2022,09,39,04,6,61,0,0
15,09,2022,09,39,06,53,90,8,0
15,09,2022,09,39,07,53,90,50,6
15,09,2022,09,39,07,41,91,50,6
15,09,2022,09,39,08,41,91,8,6
15,09,2022,09,39,09,18,87,8,6
15,09,2022,09,39,14,16,70,0,5
15,09,2022,09,39,14,16,70,0,0
15,09,2022,09,39,16,18,68,54,6
15,09,2022,09,39,17,48,92,54,6
15,09,2022,09,39,17,48,92,33,6
15,09,2022,09,39,18,34,88,33,6
15,09,2022,09,39,19,34,88,0,6
15,09,2022,09,39,23,30,77,0,6
15,09,2022,09,39,24,30,77,0,0
15,09,2022,09,39,27,31,85,0,6
15,09,2022,09,39,34,31,57,0,5
15,09,2022,09,39,34,31,57,0,0
15,09,2022,09,39,35,45,56,0,0
15,09,2022,09,39,36,45,56,0,6
15,09,2022,09,39,37,51,78,0,6
15,09,2022,09,39,37,51,78,55,6
15,09,2022,09,39,40,3,75,55,6
15,09,2022,09,39,40,3,75,0,6
15,09,2022,09,39,43,4,64,0,6
15,09,2022,09,39,44,4,64,0,0
15,09,2022,09,39,44,3,40,0,0
15,09,2022,09,39,46,42,72,6,0
15,09,2022,09,39,47,42,72,35,6
15,09,2022,09,39,47,22,69,35,6
15,09,2022,09,39,48,22,69,0,6
15,09,2022,09,39,49,5,72,0,6
15,09,2022,09,39,54,5,41,0,6
15,09,2022,09,39,54,5,41,0,0
15,09,2022,09,39,56,5,40,48,6
15,09,2022,09,39,57,49,69,48,6
15,09,2022,09,39,59,50,75,28,6
15,09,2022,09,40,00,50,66,0,6
15,09,2022,09,40,01,22,66,0,6
15,09,2022,09,40,04,22,53,0,6
15,09,2022,09,40,05,22,53,0,0
15,09,2022,09,40,06,31,69,0,0
15,09,2022,09,40,07,31,69,7,6
15,09,2022,09,40,07,19,69,7,6
15,09,2022,09,40,14,19,57,0,6
15,09,2022,09,40,14,19,57,0,0
15,09,2022,09,40,15,33,53,0,0
15,09,2022,09,40,16,33,53,65,6
15,09,2022,09,40,17,53,77,65,6
15,09,2022,09,40,17,53,77,44,6
15,09,2022,09,40,18,43,65,44,6
15,09,2022,09,40,19,43,65,0,6
15,09,2022,09,40,20,16,78,0,6
15,09,2022,09,40,24,16,49,0,6
15,09,2022,09,40,25,16,49,0,0
15,09,2022,09,40,26,54,80,0,0
15,09,2022,09,40,27,54,80,53,0
15,09,2022,09,40,28,54,80,53,6
15,09,2022,09,40,30,50,79,35,6
15,09,2022,09,40,30,33,81,35,6
15,09,2022,09,40,31,33,81,0,7
15,09,2022,09,40,32,22,82,0,7
15,09,2022,09,40,33,21,62,0,6
15,09,2022,09,40,34,21,62,0,0
15,09,2022,09,40,36,21,58,53,6
15,09,2022,09,40,37,46,83,53,6
15,09,2022,09,40,39,46,90,5,7
15,09,2022,09,40,41,27,87,0,5
15,09,2022,09,40,45,27,86,0,0
15,09,2022,09,40,46,52,91,0,0
15,09,2022,09,40,47,52,91,48,7
15,09,2022,09,40,47,65,91,48,7
15,09,2022,09,40,48,65,91,9,6
15,09,2022,09,40,49,15,95,9,6
15,09,2022,09,40,54,13,91,0,0
15,09,2022,09,40,55,14,66,0,0
15,09,2022,09,40,56,14,66,54,7
15,09,2022,09,40,57,50,92,54,7
15,09,2022,09,40,57,50,92,34,6
15,09,2022,09,40,58,35,91,34,6
15,09,2022,09,40,59,35,91,0,5
15,09,2022,09,41,03,26,89,0,1
15,09,2022,09,41,04,26,57,0,1
15,09,2022,09,41,06,52,82,0,0
15,09,2022,09,41,06,52,82,50,6
15,09,2022,09,41,08,43,91,10,6
15,09,2022,09,41,09,8,88,10,6
15,09,2022,09,41,13,7,68,0,7
15,09,2022,09,41,14,7,68,0,0
15,09,2022,09,41,16,5,61,0,6
15,09,2022,09,41,17,54,79,0,6
15,09,2022,09,41,18,30,83,0,7
15,09,2022,09,41,20,18,84,5,7
15,09,2022,09,41,23,18,71,0,6
15,09,2022,09,41,24,17,49,0,6
15,09,2022,09,41,26,52,70,0,6
15,09,2022,09,41,26,52,70,49,7
15,09,2022,09,41,29,27,72,49,7
15,09,2022,09,41,30,27,72,0,6
15,09,2022,09,41,32,25,44,0,6
15,09,2022,09,41,33,25,44,0,0
15,09,2022,09,41,36,25,37,0,6
15,09,2022,09,41,36,49,64,0,6
15,09,2022,09,41,37,49,64,37,6
15,09,2022,09,41,40,26,65,37,6
15,09,2022,09,41,40,26,65,0,6
15,09,2022,09,41,46,57,63,0,6
15,09,2022,09,41,49,28,64,9,7
15,09,2022,09,41,54,27,65,0,0
15,09,2022,09,41,55,27,44,0,0
15,09,2022,09,41,56,27,44,54,6
15,09,2022,09,41,57,27,71,54,6
15,09,2022,09,41,57,27,71,36,5
15,09,2022,09,41,59,32,69,0,6
15,09,2022,09,42,00,9,65,0,6
15,09,2022,09,42,04,8,49,0,5
15,09,2022,09,42,05,8,49,0,0
15,09,2022,09,42,06,54,71,0,0
15,09,2022,09,42,06,54,71,48,5
15,09,2022,09,42,08,45,71,9,6
15,09,2022,09,42,09,19,71,9,6
15,09,2022,09,42,13,17,82,0,6
15,09,2022,09,42,14,17,82,0,0
15,09,2022,09,42,15,17,53,0,0
15,09,2022,09,42,16,17,53,53,6
15,09,2022,09,42,16,50,77,53,6
15,09,2022,09,42,17,50,77,36,6
15,09,2022,09,42,18,36,80,36,6
15,09,2022,09,42,19,36,80,0,6
15,09,2022,09,42,24,26,66,0,4
15,09,2022,09,42,25,26,66,0,0
15,09,2022,09,42,26,51,85,0,0
15,09,2022,09,42,26,51,85,48,5
15,09,2022,09,42,28,42,86,10,6
15,09,2022,09,42,29,9,86,10,6
15,09,2022,09,42,32,7,97,0,6
15,09,2022,09,42,33,7,74,0,5
15,09,2022,09,42,34,7,74,0,0
15,09,2022,09,42,35,7,61,0,0
15,09,2022,09,42,36,7,61,0,7
15,09,2022,09,42,36,53,92,0,7
15,09,2022,09,42,37,53,92,36,6
15,09,2022,09,42,38,31,88,36,6
15,09,2022,09,42,39,31,88,0,6
15,09,2022,09,42,39,3,85,0,6
15,09,2022,09,42,44,4,70,0,5
15,09,2022,09,42,45,4,70,0,0
15,09,2022,09,42,46,49,97,0,0
15,09,2022,09,42,46,49,97,54,6
15,09,2022,09,42,47,49,85,54,6
15,09,2022,09,42,48,49,85,22,6
15,09,2022,09,42,49,20,82,22,6
15,09,2022,09,42,49,20,82,0,6
15,09,2022,09,42,54,12,82,0,1
15,09,2022,09,42,55,12,59,0,1
15,09,2022,09,42,56,12,59,53,5
15,09,2022,09,42,56,55,81,53,5
15,09,2022,09,42,57,55,81,35,7
15,09,2022,09,42,58,39,86,35,7
15,09,2022,09,42,59,39,86,7,6
15,09,2022,09,42,59,26,85,7,6
15,09,2022,09,43,04,25,60,0,6
15,09,2022,09,43,05,25,60,0,0
15,09,2022,09,43,06,51,81,0,0
15,09,2022,09,43,06,51,81,54,7
15,09,2022,09,43,08,42,85,19,6
15,09,2022,09,43,09,33,84,0,5
15,09,2022,09,43,10,13,73,0,5
15,09,2022,09,43,14,10,76,0,1
15,09,2022,09,43,15,10,44,0,1
15,09,2022,09,43,16,10,44,52,5
15,09,2022,09,43,16,52,74,52,5
15,09,2022,09,43,18,36,65,46,5
15,09,2022,09,43,19,36,65,9,7
15,09,2022,09,43,19,10,67,9,7
15,09,2022,09,43,23,0,68,0,4
15,09,2022,09,43,24,0,0,0,4
15,09,2022,09,43,25,0,0,0,0
