28,09,2022,12,25,44,0,0,631,441
28,09,2022,12,25,45,161,304,631,441
28,09,2022,12,25,46,161,304,750,501
28,09,2022,12,25,47,161,305,746,498
28,09,2022,12,25,48,149,293,746,498
28,09,2022,12,25,51,122,287,750,498
28,09,2022,12,25,52,122,287,326,499
28,09,2022,12,25,53,88,287,326,499
28,09,2022,12,25,53,88,287,189,498
28,09,2022,12,25,55,88,285,150,499
28,09,2022,12,25,56,70,284,150,499
28,09,2022,12,25,57,70,284,75,499
28,09,2022,12,25,57,51,284,75,499
28,09,2022,12,25,58,51,284,54,499
28,09,2022,12,26,00,51,284,22,500
28,09,2022,12,26,00,28,275,22,500
28,09,2022,12,26,01,28,275,0,498
28,09,2022,12,26,02,13,271,0,498
28,09,2022,12,26,04,13,273,0,483
28,09,2022,12,26,05,34,249,0,483
28,09,2022,12,26,06,34,249,8,333
28,09,2022,12,26,06,10,213,8,333
28,09,2022,12,26,07,10,213,0,250
28,09,2022,12,26,08,9,202,0,250
28,09,2022,12,26,09,9,202,0,164
28,09,2022,12,26,10,9,168,0,164
28,09,2022,12,26,11,8,152,0,164
28,09,2022,12,26,12,8,152,0,59
28,09,2022,12,26,13,9,140,0,59
28,09,2022,12,26,14,50,138,0,60
28,09,2022,12,26,15,50,138,24,59
28,09,2022,12,26,16,50,127,24,59
28,09,2022,12,26,17,35,118,26,60
28,09,2022,12,26,18,35,118,3,50
28,09,2022,12,26,19,22,108,3,50
28,09,2022,12,26,20,22,108,0,29
28,09,2022,12,26,22,21,124,0,29
28,09,2022,12,26,24,21,125,47,29
28,09,2022,12,26,26,21,124,20,30
28,09,2022,12,26,27,16,120,0,30
28,09,2022,12,26,33,12,104,0,29
28,09,2022,12,26,33,12,104,0,17
28,09,2022,12,26,34,55,97,0,17
28,09,2022,12,26,35,55,97,76,17
28,09,2022,12,26,36,50,98,50,18
28,09,2022,12,26,38,50,97,10,16
28,09,2022,12,26,39,10,98,10,16
28,09,2022,12,26,43,8,114,0,18
28,09,2022,12,26,44,8,114,26,5
28,09,2022,12,26,46,8,106,0,5
28,09,2022,12,26,46,30,105,0,5
28,09,2022,12,26,56,7,109,10,5
28,09,2022,12,27,04,7,109,27,5
28,09,2022,12,27,05,27,102,27,5
28,09,2022,12,27,06,27,102,0,4
28,09,2022,12,27,10,26,80,0,5
28,09,2022,12,27,10,26,80,0,0
28,09,2022,12,27,15,30,73,0,4
28,09,2022,12,27,16,56,101,0,4
28,09,2022,12,27,16,56,101,47,6
28,09,2022,12,27,17,34,98,47,6
28,09,2022,12,27,18,34,98,10,6
28,09,2022,12,27,19,18,92,10,6
28,09,2022,12,27,20,18,92,0,0
28,09,2022,12,27,20,17,67,0,0
28,09,2022,12,27,25,18,99,4,0
28,09,2022,12,27,26,18,99,10,5
28,09,2022,12,27,29,9,72,0,5
28,09,2022,12,27,30,9,72,0,0
28,09,2022,12,27,35,9,66,24,5
28,09,2022,12,27,36,33,98,24,5
28,09,2022,12,27,37,45,96,24,6
28,09,2022,12,27,38,45,96,0,7
28,09,2022,12,27,39,37,80,0,7
28,09,2022,12,27,39,37,80,0,0
28,09,2022,12,27,43,35,69,0,0
28,09,2022,12,27,45,36,104,0,0
28,09,2022,12,27,46,36,104,10,7
28,09,2022,12,27,49,25,77,0,5
28,09,2022,12,27,50,25,77,0,0
28,09,2022,12,27,55,22,73,29,6
28,09,2022,12,27,56,22,96,29,6
28,09,2022,12,27,56,22,96,0,7
28,09,2022,12,27,59,26,83,0,7
28,09,2022,12,28,00,26,72,0,7
28,09,2022,12,28,01,26,72,0,0
28,09,2022,12,28,05,26,100,9,0
28,09,2022,12,28,06,26,100,0,6
28,09,2022,12,28,06,13,95,0,6
28,09,2022,12,28,09,13,69,0,5
28,09,2022,12,28,12,13,65,0,0
28,09,2022,12,28,15,17,68,25,7
28,09,2022,12,28,16,39,96,25,7
28,09,2022,12,28,19,30,89,23,0
28,09,2022,12,28,20,13,65,23,0
28,09,2022,12,28,21,13,65,0,0
28,09,2022,12,28,25,26,102,0,0
28,09,2022,12,28,25,26,102,12,6
28,09,2022,12,28,28,26,86,8,5
28,09,2022,12,28,29,26,86,9,1
28,09,2022,12,28,29,26,66,9,1
28,09,2022,12,28,35,24,62,28,6
28,09,2022,12,28,35,38,84,28,6
28,09,2022,12,28,38,39,83,11,7
28,09,2022,12,28,39,19,77,11,7
28,09,2022,12,28,39,19,77,0,0
28,09,2022,12,28,40,15,54,0,0
28,09,2022,12,28,44,14,51,11,0
28,09,2022,12,28,45,46,92,11,0
28,09,2022,12,28,46,46,92,11,6
28,09,2022,12,28,46,46,80,11,6
28,09,2022,12,28,47,46,80,0,6
28,09,2022,12,28,48,27,79,0,6
28,09,2022,12,28,59,8,79,0,5
28,09,2022,12,29,05,8,61,8,4
28,09,2022,12,29,06,22,83,0,5
28,09,2022,12,29,11,23,58,0,5
28,09,2022,12,29,12,23,58,0,0
28,09,2022,12,29,15,32,51,27,4
28,09,2022,12,29,15,41,78,27,4
28,09,2022,12,29,18,41,74,8,5
28,09,2022,12,29,19,30,59,8,5
28,09,2022,12,29,19,30,59,8,0
28,09,2022,12,29,20,27,46,8,0
28,09,2022,12,29,25,40,77,1,0
28,09,2022,12,29,25,40,77,1,6
28,09,2022,12,29,27,40,82,26,6
28,09,2022,12,29,29,35,78,0,1
28,09,2022,12,29,29,18,51,0,1
28,09,2022,12,29,35,16,46,26,6
28,09,2022,12,29,35,16,78,26,6
28,09,2022,12,29,36,16,78,0,6
28,09,2022,12,29,40,19,57,0,6
28,09,2022,12,29,42,19,57,0,0
28,09,2022,12,29,45,19,81,0,0
28,09,2022,12,29,45,19,81,0,6
28,09,2022,12,29,50,23,88,0,0
28,09,2022,12,29,51,22,63,0,0
28,09,2022,12,29,55,23,61,0,6
28,09,2022,12,29,55,23,91,0,6
28,09,2022,12,29,57,23,80,0,6
28,09,2022,12,29,59,19,75,0,0
28,09,2022,12,30,00,18,63,0,0
28,09,2022,12,30,05,18,84,0,0
28,09,2022,12,30,05,18,84,0,5
28,09,2022,12,30,06,7,83,0,5
28,09,2022,12,30,09,7,67,0,7
28,09,2022,12,30,10,7,67,0,0
28,09,2022,12,30,15,7,59,19,6
28,09,2022,12,30,15,7,91,19,6
28,09,2022,12,30,16,7,91,0,5
28,09,2022,12,30,17,24,94,0,5
28,09,2022,12,30,19,24,99,0,0
28,09,2022,12,30,20,24,78,0,0
28,09,2022,12,30,24,24,102,0,0
28,09,2022,12,30,25,24,102,0,7
28,09,2022,12,30,26,8,91,0,7
28,09,2022,12,30,29,8,73,0,6
28,09,2022,12,30,30,8,73,0,0
28,09,2022,12,30,35,7,67,18,6
28,09,2022,12,30,35,23,89,18,6
28,09,2022,12,30,38,23,99,0,6
28,09,2022,12,30,39,22,96,0,0
28,09,2022,12,30,40,22,71,0,0
28,09,2022,12,30,45,31,92,0,0
28,09,2022,12,30,45,31,92,6,6
28,09,2022,12,30,48,19,98,0,6
28,09,2022,12,30,49,20,76,0,6
28,09,2022,12,30,50,20,76,0,0
28,09,2022,12,30,54,19,68,8,7
28,09,2022,12,30,55,32,98,8,7
28,09,2022,12,30,58,27,86,0,5
28,09,2022,12,30,59,27,86,0,0
28,09,2022,12,31,00,27,65,0,0
28,09,2022,12,31,05,29,98,0,0
28,09,2022,12,31,05,29,98,8,6
28,09,2022,12,31,06,8,94,8,6
28,09,2022,12,31,09,8,71,0,6
28,09,2022,12,31,10,8,71,0,0
28,09,2022,12,31,14,8,62,17,5
28,09,2022,12,31,15,27,92,17,5
28,09,2022,12,31,18,27,86,0,6
28,09,2022,12,31,20,26,74,0,6
28,09,2022,12,31,21,26,74,0,0
28,09,2022,12,31,24,27,90,0,0
28,09,2022,12,31,25,27,90,0,6
28,09,2022,12,31,29,10,64,0,6
28,09,2022,12,31,30,10,64,0,0
28,09,2022,12,31,35,10,57,20,7
28,09,2022,12,31,35,30,86,20,7
28,09,2022,12,31,36,30,86,0,6
28,09,2022,12,31,39,29,87,0,0
28,09,2022,12,31,40,29,58,0,0
28,09,2022,12,31,44,29,83,0,0
28,09,2022,12,31,45,29,83,0,7
28,09,2022,12,31,46,16,86,0,7
28,09,2022,12,31,49,16,61,0,5
28,09,2022,12,31,50,16,61,0,0
28,09,2022,12,31,54,16,55,12,0
28,09,2022,12,31,55,35,80,12,0
28,09,2022,12,31,56,35,80,12,6
28,09,2022,12,31,57,31,80,0,6
28,09,2022,12,31,58,30,66,0,6
28,09,2022,12,31,59,30,66,0,0
28,09,2022,12,32,00,31,46,0,0
28,09,2022,12,32,04,39,73,0,0
28,09,2022,12,32,05,39,73,7,6
28,09,2022,12,32,06,17,78,7,6
28,09,2022,12,32,09,16,54,0,5
28,09,2022,12,32,10,16,54,0,0
28,09,2022,12,32,12,16,41,0,0
28,09,2022,12,32,14,16,40,20,5
28,09,2022,12,32,15,37,71,20,5
28,09,2022,12,32,16,37,71,0,6
28,09,2022,12,32,17,18,74,0,6
28,09,2022,12,32,20,18,59,0,5
28,09,2022,12,32,21,18,59,0,0
28,09,2022,12,32,24,39,76,0,0
28,09,2022,12,32,25,39,76,6,6
28,09,2022,12,32,26,21,72,6,6
28,09,2022,12,32,29,20,55,0,5
28,09,2022,12,32,30,20,55,0,0
28,09,2022,12,32,34,21,48,24,5
28,09,2022,12,32,35,9,73,24,5
28,09,2022,12,32,36,9,73,0,6
28,09,2022,12,32,40,6,48,0,5
28,09,2022,12,32,41,6,48,0,0
28,09,2022,12,32,44,42,73,0,0
28,09,2022,12,32,45,42,73,0,6
28,09,2022,12,32,46,28,74,0,6
28,09,2022,12,32,49,27,60,0,5
28,09,2022,12,32,51,27,52,0,0
28,09,2022,12,32,54,27,49,26,6
28,09,2022,12,32,55,15,49,26,6
28,09,2022,12,32,57,13,70,26,6
28,09,2022,12,32,57,13,70,0,5
28,09,2022,12,32,59,13,74,0,0
28,09,2022,12,33,00,13,50,0,0
28,09,2022,12,33,04,34,76,0,0
28,09,2022,12,33,07,34,75,0,6
28,09,2022,12,33,10,29,67,0,0
28,09,2022,12,33,12,30,55,0,0
28,09,2022,12,33,14,29,54,20,6
28,09,2022,12,33,15,30,76,20,6
28,09,2022,12,33,16,30,76,0,6
28,09,2022,12,33,18,12,75,0,6
28,09,2022,12,33,19,12,75,0,1
28,09,2022,12,33,20,11,61,0,1
28,09,2022,12,33,24,37,90,0,0
28,09,2022,12,33,25,37,90,8,5
28,09,2022,12,33,27,27,79,8,6
28,09,2022,12,33,29,27,64,0,6
28,09,2022,12,33,30,27,64,0,0
28,09,2022,12,33,34,26,55,23,0
28,09,2022,12,33,35,24,78,23,0
28,09,2022,12,33,36,24,78,0,6
28,09,2022,12,33,38,17,89,0,7
28,09,2022,12,33,39,17,89,0,1
28,09,2022,12,33,40,17,64,0,1
28,09,2022,12,33,44,39,92,0,0
28,09,2022,12,33,45,39,92,0,6
28,09,2022,12,33,49,10,70,0,6
28,09,2022,12,33,50,10,70,0,0
28,09,2022,12,33,54,10,60,18,6
28,09,2022,12,33,55,31,94,18,6
28,09,2022,12,33,56,31,94,0,6
28,09,2022,12,33,58,20,90,0,6
28,09,2022,12,33,59,20,90,0,0
28,09,2022,12,34,00,21,60,0,0
28,09,2022,12,34,04,21,93,0,0
28,09,2022,12,34,05,21,93,0,6
28,09,2022,12,34,09,19,73,0,5
28,09,2022,12,34,10,19,73,0,0
28,09,2022,12,34,10,18,62,0,0
28,09,2022,12,34,14,18,61,26,6
28,09,2022,12,34,15,18,91,26,6
28,09,2022,12,34,17,31,93,26,6
28,09,2022,12,34,19,31,88,0,5
28,09,2022,12,34,20,31,88,0,0
28,09,2022,12,34,21,31,66,0,0
28,09,2022,12,34,24,39,94,0,0
28,09,2022,12,34,25,39,94,11,6
28,09,2022,12,34,26,14,84,11,6
28,09,2022,12,34,26,14,84,0,7
28,09,2022,12,34,29,13,68,0,6
28,09,2022,12,34,30,13,68,0,0
28,09,2022,12,34,35,36,88,10,0
28,09,2022,12,34,36,36,88,0,7
28,09,2022,12,34,40,29,62,0,5
28,09,2022,12,34,40,29,62,0,0
28,09,2022,12,34,45,34,62,8,6
28,09,2022,12,34,46,34,78,8,6
28,09,2022,12,34,47,15,83,0,7
28,09,2022,12,34,50,15,81,0,0
28,09,2022,12,34,50,15,59,0,0
28,09,2022,12,34,55,31,86,2,0
28,09,2022,12,34,56,31,86,0,6
28,09,2022,12,34,59,24,79,0,1
28,09,2022,12,35,00,23,63,0,1
28,09,2022,12,35,05,28,63,7,6
28,09,2022,12,35,06,22,82,7,6
28,09,2022,12,35,09,22,70,0,6
28,09,2022,12,35,09,22,70,0,0
28,09,2022,12,35,10,23,48,0,0
28,09,2022,12,35,15,22,76,6,0
28,09,2022,12,35,16,22,76,0,5
28,09,2022,12,35,18,13,64,0,6
28,09,2022,12,35,19,13,49,0,7
28,09,2022,12,35,20,13,49,0,0
28,09,2022,12,35,25,22,44,5,6
28,09,2022,12,35,26,27,68,5,6
28,09,2022,12,35,29,26,59,0,0
28,09,2022,12,35,36,26,67,9,6
28,09,2022,12,35,36,11,73,9,6
28,09,2022,12,35,40,12,52,0,4
28,09,2022,12,35,40,12,52,0,0
28,09,2022,12,35,45,17,49,5,7
28,09,2022,12,35,46,0,70,5,7
28,09,2022,12,35,46,0,70,0,0
28,09,2022,12,35,47,0,0,0,0
28,09,2022,12,53,59,0,237,0,0
28,09,2022,12,54,00,0,237,249,340
28,09,2022,12,54,01,93,212,249,340
28,09,2022,12,54,01,93,212,172,252
28,09,2022,12,54,02,73,173,172,252
28,09,2022,12,54,03,73,173,150,167
28,09,2022,12,54,04,55,164,150,167
28,09,2022,12,54,05,55,152,150,165
28,09,2022,12,54,06,55,152,73,61
28,09,2022,12,54,07,50,118,73,61
28,09,2022,12,54,08,50,118,48,59
28,09,2022,12,54,09,43,125,20,60
28,09,2022,12,54,10,28,117,20,60
28,09,2022,12,54,11,28,117,0,61
28,09,2022,12,54,12,25,105,0,61
28,09,2022,12,54,13,25,93,0,60
28,09,2022,12,54,14,25,93,0,30
28,09,2022,12,54,19,31,107,0,30
28,09,2022,12,54,21,16,112,6,30
28,09,2022,12,54,27,16,91,0,30
28,09,2022,12,54,30,15,72,9,30
28,09,2022,12,54,31,15,72,0,18
28,09,2022,12,54,39,36,79,0,17
28,09,2022,12,54,42,28,93,3,19
28,09,2022,12,54,45,28,93,0,5
28,09,2022,12,55,01,9,87,0,6
28,09,2022,12,55,10,30,83,9,7
28,09,2022,12,55,13,27,72,0,6
28,09,2022,12,55,19,31,60,0,6
28,09,2022,12,55,21,23,71,5,6
28,09,2022,12,55,25,22,58,0,6
28,09,2022,12,55,41,10,68,0,7
28,09,2022,12,55,48,9,69,0,0
28,09,2022,12,55,48,9,51,0,0
28,09,2022,12,55,49,9,51,7,6
28,09,2022,12,55,50,28,69,7,6
28,09,2022,12,55,54,26,64,0,1
28,09,2022,12,55,54,26,52,0,1
28,09,2022,12,56,00,31,49,8,5
28,09,2022,12,56,01,21,65,8,5
28,09,2022,12,56,04,21,48,0,6
28,09,2022,12,56,04,21,48,0,0
28,09,2022,12,56,09,20,41,9,6
28,09,2022,12,56,10,30,73,9,6
28,09,2022,12,56,11,8,72,0,7
28,09,2022,12,56,14,8,76,0,1
28,09,2022,12,56,14,8,56,0,1
28,09,2022,12,56,19,27,81,0,0
28,09,2022,12,56,20,27,81,0,6
28,09,2022,12,56,21,17,68,0,6
28,09,2022,12,56,24,14,63,0,0
28,09,2022,12,56,28,14,52,0,0
28,09,2022,12,56,29,14,52,8,6
28,09,2022,12,56,30,29,76,8,6
28,09,2022,12,56,33,28,89,0,6
28,09,2022,12,56,34,28,89,0,1
28,09,2022,12,56,34,27,56,0,1
28,09,2022,12,56,39,28,91,0,0
28,09,2022,12,56,40,28,91,0,6
28,09,2022,12,56,42,12,82,0,6
28,09,2022,12,56,44,12,63,0,6
28,09,2022,12,56,44,12,63,0,0
28,09,2022,12,56,47,12,52,0,0
28,09,2022,12,56,49,12,52,7,5
28,09,2022,12,56,50,23,84,7,5
28,09,2022,12,56,51,7,82,0,6
28,09,2022,12,56,54,7,83,0,0
28,09,2022,12,56,54,6,63,0,0
28,09,2022,12,56,59,34,96,0,0
28,09,2022,12,57,00,34,96,3,6
28,09,2022,12,57,02,33,80,0,6
28,09,2022,12,57,04,33,65,0,6
28,09,2022,12,57,04,33,65,0,0
28,09,2022,12,57,07,33,53,0,0
28,09,2022,12,57,09,33,53,6,5
28,09,2022,12,57,10,34,85,6,5
28,09,2022,12,57,11,22,86,6,6
28,09,2022,12,57,14,22,88,0,1
28,09,2022,12,57,14,22,64,0,1
28,09,2022,12,57,19,27,94,0,0
28,09,2022,12,57,20,27,94,0,6
28,09,2022,12,57,20,27,82,0,6
28,09,2022,12,57,22,14,87,0,6
28,09,2022,12,57,24,14,65,0,6
28,09,2022,12,57,24,14,65,0,0
28,09,2022,12,57,29,15,59,0,5
28,09,2022,12,57,31,21,82,0,6
28,09,2022,12,57,34,19,80,0,1
28,09,2022,12,57,34,19,54,0,1
28,09,2022,12,57,39,35,82,0,0
28,09,2022,12,57,40,35,82,0,6
28,09,2022,12,57,44,27,60,0,6
28,09,2022,12,57,44,27,60,0,0
28,09,2022,12,57,45,27,49,0,0
28,09,2022,12,57,49,27,45,6,6
28,09,2022,12,57,50,30,68,6,6
28,09,2022,12,57,51,19,75,0,6
28,09,2022,12,57,54,19,69,0,1
28,09,2022,12,57,54,19,51,0,1
28,09,2022,12,57,59,28,78,0,0
28,09,2022,12,58,00,28,78,0,6
28,09,2022,12,58,00,11,78,0,6
28,09,2022,12,58,02,11,59,0,7
28,09,2022,12,58,04,11,43,0,6
28,09,2022,12,58,04,11,43,0,0
28,09,2022,12,58,09,10,35,9,7
28,09,2022,12,58,10,34,73,9,7
28,09,2022,12,58,11,20,63,0,6
28,09,2022,12,58,13,19,58,0,1
28,09,2022,12,58,14,19,46,0,1
28,09,2022,12,58,20,25,45,0,5
28,09,2022,12,58,20,25,61,0,5
28,09,2022,12,58,24,29,61,0,0
28,09,2022,12,58,25,29,43,0,0
28,09,2022,12,58,30,31,60,0,0
28,09,2022,12,58,30,31,60,0,7
28,09,2022,12,58,31,17,59,0,7
28,09,2022,12,58,33,18,62,0,0
28,09,2022,12,58,34,17,33,0,0
28,09,2022,12,58,40,18,36,9,6
28,09,2022,12,58,40,14,57,9,6
28,09,2022,12,58,44,13,59,0,0
28,09,2022,12,58,45,12,42,0,0
28,09,2022,12,58,50,38,56,1,0
28,09,2022,12,58,50,38,56,0,7
28,09,2022,12,58,54,27,48,0,6
28,09,2022,12,58,55,27,48,0,0
28,09,2022,12,59,00,27,45,8,6
28,09,2022,12,59,00,24,68,8,6
28,09,2022,12,59,03,23,49,0,6
28,09,2022,12,59,04,23,49,0,0
28,09,2022,12,59,08,23,38,0,0
28,09,2022,12,59,10,23,69,1,0
28,09,2022,12,59,10,23,69,1,5
28,09,2022,12,59,13,15,58,0,6
28,09,2022,12,59,15,15,58,0,0
28,09,2022,12,59,16,16,37,0,0
28,09,2022,12,59,20,23,37,9,5
28,09,2022,12,59,20,12,66,9,5
28,09,2022,12,59,24,12,69,0,0
28,09,2022,12,59,27,12,46,0,0
28,09,2022,12,59,30,35,71,0,0
28,09,2022,12,59,30,35,71,0,6
28,09,2022,12,59,33,25,74,0,1
28,09,2022,12,59,34,24,45,0,1
28,09,2022,12,59,39,29,42,7,6
28,09,2022,12,59,40,29,74,7,6
28,09,2022,12,59,44,24,77,0,0
28,09,2022,12,59,45,24,57,0,0
28,09,2022,12,59,50,29,74,0,0
28,09,2022,12,59,50,29,74,0,6
28,09,2022,12,59,51,16,74,0,6
28,09,2022,12,59,54,17,55,0,4
28,09,2022,12,59,55,17,55,0,0
28,09,2022,12,59,59,17,57,10,6
28,09,2022,13,00,00,14,81,10,6
28,09,2022,13,00,04,13,76,0,0
28,09,2022,13,00,06,13,50,0,0
28,09,2022,13,00,10,13,84,1,0
28,09,2022,13,00,10,13,84,1,6
28,09,2022,13,00,11,28,80,1,6
28,09,2022,13,00,13,27,77,0,1
28,09,2022,13,00,14,27,55,0,1
28,09,2022,13,00,19,27,52,7,6
28,09,2022,13,00,20,24,85,7,6
28,09,2022,13,00,23,24,68,0,6
28,09,2022,13,00,24,24,68,0,0
28,09,2022,13,00,25,23,50,0,0
28,09,2022,13,00,29,26,80,0,0
28,09,2022,13,00,30,26,80,0,6
28,09,2022,13,00,32,26,75,0,0
28,09,2022,13,00,32,10,54,0,0
28,09,2022,13,00,34,0,0,0,0
28,09,2022,13,53,25,0,0,649,429
28,09,2022,13,53,26,150,241,649,429
28,09,2022,13,53,27,150,241,382,500
28,09,2022,13,53,28,92,229,382,500
28,09,2022,13,53,28,92,229,228,501
28,09,2022,13,53,29,76,231,228,501
28,09,2022,13,53,30,76,231,151,499
28,09,2022,13,53,31,73,219,151,499
28,09,2022,13,53,31,73,219,130,416
28,09,2022,13,53,32,54,184,130,416
28,09,2022,13,53,33,54,184,67,322
28,09,2022,13,53,34,49,167,67,322
28,09,2022,13,53,34,49,167,48,228
28,09,2022,13,53,35,40,133,48,228
28,09,2022,13,53,36,40,133,10,165
28,09,2022,13,53,37,9,118,10,165
28,09,2022,13,53,37,9,118,0,60
28,09,2022,13,53,38,8,78,0,60
28,09,2022,13,53,43,7,96,0,61
28,09,2022,13,53,44,8,80,0,61
28,09,2022,13,53,45,8,80,0,31
28,09,2022,13,53,46,24,73,0,31
28,09,2022,13,53,49,20,60,0,30
28,09,2022,13,53,55,35,58,0,31
28,09,2022,13,53,57,29,58,0,18
28,09,2022,13,54,01,28,70,0,17
28,09,2022,13,54,09,19,54,0,15
28,09,2022,13,54,10,19,54,0,6
28,09,2022,13,54,15,30,59,0,7
28,09,2022,13,54,17,11,53,0,6
28,09,2022,13,54,26,33,50,9,7
28,09,2022,13,54,27,17,49,0,6
28,09,2022,13,54,30,16,37,0,6
28,09,2022,13,54,35,37,42,0,6
28,09,2022,13,54,44,31,29,0,6
28,09,2022,13,54,46,29,50,7,6
28,09,2022,13,54,47,29,50,0,0
28,09,2022,13,54,47,26,24,0,0
28,09,2022,13,54,55,26,39,0,0
28,09,2022,13,54,56,26,39,7,5
28,09,2022,13,54,57,13,29,7,5
28,09,2022,13,54,57,13,29,0,0
28,09,2022,13,55,05,13,23,9,6
28,09,2022,13,55,06,25,42,9,6
28,09,2022,13,55,07,25,42,0,0
28,09,2022,13,55,07,8,29,0,0
28,09,2022,13,55,15,35,47,0,0
28,09,2022,13,55,16,35,47,0,4
28,09,2022,13,55,17,25,31,0,4
28,09,2022,13,55,17,25,31,0,0
28,09,2022,13,55,25,24,22,6,6
28,09,2022,13,55,26,27,38,6,6
28,09,2022,13,55,27,27,38,0,0
28,09,2022,13,55,27,26,27,0,0
28,09,2022,13,55,36,26,23,7,5
28,09,2022,13,55,37,16,23,0,0
28,09,2022,13,55,45,15,16,70,5
28,09,2022,13,55,46,48,41,70,5
28,09,2022,13,55,46,48,41,56,0
28,09,2022,13,55,47,41,27,56,0
28,09,2022,13,55,48,41,27,8,0
28,09,2022,13,55,49,27,27,8,0
28,09,2022,13,55,56,25,23,6,6
28,09,2022,13,55,57,25,25,10,0
28,09,2022,13,56,03,12,18,0,0
28,09,2022,13,56,06,43,51,3,0
28,09,2022,13,56,07,9,28,9,0
28,09,2022,13,56,15,28,27,0,0
28,09,2022,13,56,16,28,27,73,6
28,09,2022,13,56,16,49,29,73,6
28,09,2022,13,56,17,49,29,45,0
28,09,2022,13,56,19,39,26,9,0
28,09,2022,13,56,26,30,49,0,0
28,09,2022,13,56,27,25,26,0,1
28,09,2022,13,56,36,33,26,69,6
28,09,2022,13,56,36,44,34,69,6
28,09,2022,13,56,37,44,34,45,0
28,09,2022,13,56,39,41,29,0,0
28,09,2022,13,56,39,20,28,0,0
28,09,2022,13,56,46,31,44,0,0
28,09,2022,13,56,47,22,28,6,0
28,09,2022,13,56,56,22,28,9,7
28,09,2022,13,56,57,26,29,8,0
28,09,2022,13,56,59,38,24,8,0
28,09,2022,13,57,00,38,24,35,0
28,09,2022,13,57,03,33,23,0,0
28,09,2022,13,57,04,9,23,0,0
28,09,2022,13,57,06,38,45,1,0
28,09,2022,13,57,07,24,24,1,0
28,09,2022,13,57,16,32,23,8,6
28,09,2022,13,57,16,10,28,8,6
28,09,2022,13,57,17,10,28,0,0
28,09,2022,13,57,26,35,51,0,0
28,09,2022,13,57,27,15,26,0,1
28,09,2022,13,57,36,18,27,7,6
28,09,2022,13,57,37,18,30,0,0
28,09,2022,13,57,46,29,53,0,0
28,09,2022,13,57,47,21,34,0,0
28,09,2022,13,57,56,27,34,6,6
28,09,2022,13,57,56,14,30,6,6
28,09,2022,13,57,57,14,30,0,0
28,09,2022,13,58,06,25,52,0,0
28,09,2022,13,58,07,7,32,0,0
28,09,2022,13,58,15,7,31,0,6
28,09,2022,13,58,16,32,32,0,6
28,09,2022,13,58,17,32,32,0,0
28,09,2022,13,58,25,34,58,0,0
28,09,2022,13,58,27,27,27,0,1
28,09,2022,13,58,35,27,24,7,6
28,09,2022,13,58,37,22,33,0,0
28,09,2022,13,58,45,27,53,0,0
28,09,2022,13,58,46,27,53,0,6
28,09,2022,13,58,47,11,28,0,6
28,09,2022,13,58,48,11,28,0,0
28,09,2022,13,58,55,11,25,12,6
28,09,2022,13,58,56,22,46,12,6
28,09,2022,13,58,57,22,46,0,0
28,09,2022,13,58,59,18,34,0,0
28,09,2022,13,59,05,34,58,0,0
28,09,2022,13,59,07,31,34,0,1
28,09,2022,13,59,15,30,29,7,7
28,09,2022,13,59,16,28,41,7,7
28,09,2022,13,59,17,28,41,0,0
28,09,2022,13,59,21,26,30,0,0
28,09,2022,13,59,25,26,62,0,0
28,09,2022,13,59,27,20,28,0,1
28,09,2022,13,59,35,20,27,9,7
28,09,2022,13,59,36,14,38,9,7
28,09,2022,13,59,37,14,38,0,0
28,09,2022,13,59,41,11,27,0,0
28,09,2022,13,59,45,33,58,0,0
28,09,2022,13,59,47,33,29,0,1
28,09,2022,13,59,50,9,27,0,0
28,09,2022,13,59,55,8,26,75,6
28,09,2022,13,59,56,8,53,75,6
28,09,2022,13,59,57,8,53,51,0
28,09,2022,13,59,58,30,28,51,0
28,09,2022,13,59,58,30,28,0,0
28,09,2022,13,59,59,5,26,0,0
28,09,2022,14,00,05,53,56,0,0
28,09,2022,14,00,06,53,56,56,1
28,09,2022,14,00,07,44,36,56,1
28,09,2022,14,00,08,44,36,36,0
28,09,2022,14,00,08,33,33,36,0
28,09,2022,14,00,09,33,33,0,0
28,09,2022,14,00,15,26,30,9,6
28,09,2022,14,00,17,19,39,0,0
28,09,2022,14,00,19,18,28,0,0
28,09,2022,14,00,25,28,56,0,0
28,09,2022,14,00,27,11,35,0,1
28,09,2022,14,00,35,12,30,0,5
28,09,2022,14,00,36,34,30,0,5
28,09,2022,14,00,38,21,26,0,5
28,09,2022,14,00,38,21,26,0,0
28,09,2022,14,00,45,38,67,0,0
28,09,2022,14,00,46,38,67,0,6
28,09,2022,14,00,47,34,32,0,6
28,09,2022,14,00,48,34,32,0,0
28,09,2022,14,00,55,34,26,7,6
28,09,2022,14,00,56,28,60,7,6
28,09,2022,14,00,57,28,60,0,0
28,09,2022,14,00,58,25,29,0,0
28,09,2022,14,01,05,25,61,0,0
28,09,2022,14,01,07,12,31,10,0
28,09,2022,14,01,15,12,27,9,6
28,09,2022,14,01,16,12,57,9,6
28,09,2022,14,01,17,12,57,0,0
28,09,2022,14,01,18,12,36,0,0
28,09,2022,14,01,25,29,64,0,0
28,09,2022,14,01,26,29,64,6,5
28,09,2022,14,01,27,26,32,6,5
28,09,2022,14,01,27,26,32,0,0
28,09,2022,14,01,35,25,29,6,5
28,09,2022,14,01,37,24,29,0,0
28,09,2022,14,01,45,31,67,0,0
28,09,2022,14,01,46,31,67,7,4
28,09,2022,14,01,47,15,38,7,4
28,09,2022,14,01,47,15,38,0,0
28,09,2022,14,01,56,31,48,8,0
28,09,2022,14,01,57,11,26,8,0
28,09,2022,14,02,05,31,63,0,0
28,09,2022,14,02,06,31,63,0,5
28,09,2022,14,02,07,24,29,0,5
28,09,2022,14,02,07,24,29,0,0
28,09,2022,14,02,15,23,25,0,5
28,09,2022,14,02,16,30,57,0,5
28,09,2022,14,02,17,30,57,0,0
28,09,2022,14,02,17,28,27,0,0
28,09,2022,14,02,25,30,57,0,0
28,09,2022,14,02,27,24,34,0,1
28,09,2022,14,02,35,23,31,8,6
28,09,2022,14,02,36,26,53,8,6
28,09,2022,14,02,37,26,53,0,0
28,09,2022,14,02,37,11,53,0,0
28,09,2022,14,02,39,10,28,0,0
28,09,2022,14,02,45,27,64,0,0
28,09,2022,14,02,46,27,64,0,5
28,09,2022,14,02,47,7,34,0,5
28,09,2022,14,02,47,7,34,0,0
28,09,2022,14,02,56,36,47,2,0
28,09,2022,14,02,57,27,32,0,0
28,09,2022,14,03,06,33,31,5,6
28,09,2022,14,03,07,23,26,0,0
28,09,2022,14,03,16,27,52,0,0
28,09,2022,14,03,17,13,52,0,0
28,09,2022,14,03,19,14,24,0,0
28,09,2022,14,03,26,18,28,9,6
28,09,2022,14,03,27,23,27,0,0
28,09,2022,14,03,36,32,52,0,0
28,09,2022,14,03,37,29,25,0,1
28,09,2022,14,03,46,35,31,7,7
28,09,2022,14,03,47,29,30,0,0
28,09,2022,14,04,06,30,33,8,6
28,09,2022,14,04,06,12,30,8,6
28,09,2022,14,04,07,12,30,0,0
28,09,2022,14,04,16,36,47,0,0
28,09,2022,14,04,17,12,27,0,0
28,09,2022,14,04,26,11,28,6,5
28,09,2022,14,04,26,26,25,6,5
28,09,2022,14,04,27,26,25,0,0
28,09,2022,14,04,36,28,47,0,0
28,09,2022,14,04,37,28,24,0,1
28,09,2022,14,04,46,28,22,6,6
28,09,2022,14,04,46,12,28,6,6
28,09,2022,14,04,47,12,28,0,0
28,09,2022,14,04,54,13,17,0,0
28,09,2022,14,04,56,27,42,0,0
28,09,2022,14,04,57,16,25,0,0
28,09,2022,14,05,06,18,20,5,6
28,09,2022,14,05,06,29,30,5,6
28,09,2022,14,05,07,29,30,0,0
28,09,2022,14,05,20,29,18,0,0
28,09,2022,14,05,26,30,17,7,6
28,09,2022,14,05,26,22,28,7,6
28,09,2022,14,05,27,22,28,0,0
28,09,2022,14,05,29,22,16,0,0
28,09,2022,14,05,36,27,42,0,0
28,09,2022,14,05,37,9,21,0,0
28,09,2022,14,05,46,9,14,10,5
28,09,2022,14,05,46,15,31,10,5
28,09,2022,14,05,47,15,31,0,0
28,09,2022,14,05,56,34,39,0,0
28,09,2022,14,05,57,30,26,0,1
28,09,2022,14,06,05,29,21,6,6
28,09,2022,14,06,06,21,32,6,6
28,09,2022,14,06,07,21,32,6,0
28,09,2022,14,06,12,20,21,0,0
28,09,2022,14,06,16,29,40,0,0
28,09,2022,14,06,17,13,17,0,1
28,09,2022,14,06,25,13,13,10,6
28,09,2022,14,06,26,8,33,10,6
28,09,2022,14,06,27,8,33,0,0
28,09,2022,14,06,28,8,18,0,0
28,09,2022,14,06,36,35,39,0,0
28,09,2022,14,06,37,17,39,0,1
28,09,2022,14,06,39,16,17,0,0
28,09,2022,14,06,45,15,13,7,6
28,09,2022,14,06,46,27,24,7,6
28,09,2022,14,06,47,27,24,0,0
28,09,2022,14,06,52,25,13,0,0
28,09,2022,14,06,55,32,36,0,0
28,09,2022,14,06,57,20,28,0,1
28,09,2022,14,07,05,20,24,8,6
28,09,2022,14,07,07,13,28,0,0
28,09,2022,14,07,15,30,18,0,0
28,09,2022,14,07,17,7,25,0,1
28,09,2022,14,07,25,7,20,8,6
28,09,2022,14,07,26,24,37,8,6
28,09,2022,14,07,27,24,37,0,0
28,09,2022,14,07,28,22,26,0,0
28,09,2022,14,07,35,35,43,0,0
28,09,2022,14,07,37,26,19,0,1
28,09,2022,14,07,45,25,15,7,6
28,09,2022,14,07,46,19,27,7,6
28,09,2022,14,07,47,19,27,0,0
28,09,2022,14,07,54,18,16,0,0
28,09,2022,14,07,55,25,36,0,0
28,09,2022,14,07,56,25,36,9,6
28,09,2022,14,07,57,9,21,9,6
28,09,2022,14,07,58,9,21,0,0
28,09,2022,14,08,05,9,13,9,6
28,09,2022,14,08,06,10,37,9,6
28,09,2022,14,08,07,10,37,0,0
28,09,2022,14,08,08,8,26,0,0
28,09,2022,14,08,15,35,21,0,0
28,09,2022,14,08,16,35,21,0,5
28,09,2022,14,08,17,24,24,0,5
28,09,2022,14,08,18,24,24,0,0
28,09,2022,14,08,25,23,16,6,6
28,09,2022,14,08,26,24,38,6,6
28,09,2022,14,08,27,24,38,0,0
28,09,2022,14,08,28,23,23,0,0
28,09,2022,14,08,35,29,43,0,0
28,09,2022,14,08,36,29,43,0,5
28,09,2022,14,08,37,18,0,0,5
28,09,2022,14,08,38,18,0,0,0
28,09,2022,14,08,40,18,22,0,0
28,09,2022,14,08,45,18,20,8,6
28,09,2022,14,08,46,12,32,8,6
28,09,2022,14,08,47,12,32,0,0
28,09,2022,14,08,48,10,17,0,0
28,09,2022,14,08,55,25,43,0,0
28,09,2022,14,08,56,25,43,0,5
28,09,2022,14,08,57,12,24,0,5
28,09,2022,14,08,58,12,24,0,0
28,09,2022,14,08,58,12,0,0,0
28,09,2022,14,09,00,12,18,0,0
28,09,2022,14,09,05,12,15,11,6
28,09,2022,14,09,06,34,39,11,6
28,09,2022,14,09,07,34,39,0,0
28,09,2022,14,09,08,29,18,0,0
28,09,2022,14,09,15,33,38,0,0
28,09,2022,14,09,16,33,38,4,6
28,09,2022,14,09,17,26,23,4,6
28,09,2022,14,09,19,25,18,0,0
28,09,2022,14,09,25,25,15,6,6
28,09,2022,14,09,26,24,43,6,6
28,09,2022,14,09,27,24,43,0,0
28,09,2022,14,09,28,17,28,0,0
28,09,2022,14,09,35,17,40,0,0
28,09,2022,14,09,36,17,40,0,5
28,09,2022,14,09,37,8,28,0,5
28,09,2022,14,09,38,8,28,0,0
28,09,2022,14,09,43,0,0,0,0
28,09,2022,15,57,28,0,27,0,0
28,09,2022,15,57,29,0,0,0,0
29,09,2022,11,17,24,184,299,0,0
29,09,2022,11,17,25,184,299,749,499
29,09,2022,11,17,26,162,299,749,499
29,09,2022,11,17,32,150,287,750,498
29,09,2022,11,17,40,144,275,749,499
29,09,2022,11,17,46,143,259,749,498
29,09,2022,11,17,49,142,263,601,499
29,09,2022,11,17,50,103,258,601,499
29,09,2022,11,17,51,103,258,247,501
29,09,2022,11,17,52,74,261,247,501
29,09,2022,11,17,53,74,261,247,498
29,09,2022,11,17,54,68,252,133,499
29,09,2022,11,17,56,68,258,74,415
29,09,2022,11,17,56,47,225,74,415
29,09,2022,11,17,57,47,225,74,332
29,09,2022,11,17,58,47,191,74,332
29,09,2022,11,17,59,47,191,0,247
29,09,2022,11,18,00,13,191,0,247
29,09,2022,11,18,00,13,191,0,164
29,09,2022,11,18,01,12,158,0,164
29,09,2022,11,18,03,13,144,0,164
29,09,2022,11,18,03,13,144,0,60
29,09,2022,11,18,04,40,120,0,60
29,09,2022,11,18,07,13,110,9,59
29,09,2022,11,18,11,13,101,0,29
29,09,2022,11,18,14,13,105,34,29
29,09,2022,11,18,15,42,108,34,29
29,09,2022,11,18,16,42,108,7,29
29,09,2022,11,18,16,11,105,7,29
29,09,2022,11,18,24,19,85,0,30
29,09,2022,11,18,28,20,76,0,17
29,09,2022,11,18,32,20,87,0,16
29,09,2022,11,18,42,10,81,0,5
29,09,2022,11,18,44,23,87,0,5
29,09,2022,11,18,45,23,87,34,5
29,09,2022,11,18,46,23,86,0,5
29,09,2022,11,19,04,34,84,0,5
29,09,2022,11,19,05,34,65,0,5
29,09,2022,11,19,07,7,60,0,5
29,09,2022,11,19,14,6,61,19,5
29,09,2022,11,19,15,40,70,19,5
29,09,2022,11,19,15,40,70,8,5
29,09,2022,11,19,16,27,61,8,5
29,09,2022,11,19,21,25,46,0,5
29,09,2022,11,19,22,25,46,0,0
29,09,2022,11,19,25,26,35,0,0
29,09,2022,11,19,35,41,33,4,0
29,09,2022,11,19,36,7,33,11,0
29,09,2022,11,19,37,7,33,0,0
29,09,2022,11,19,44,20,33,0,0
29,09,2022,11,19,45,20,33,36,0
29,09,2022,11,19,46,20,33,0,0
29,09,2022,11,19,55,42,33,5,0
29,09,2022,11,19,56,15,33,9,0
29,09,2022,11,20,06,32,33,0,0
29,09,2022,11,20,08,13,33,0,0
29,09,2022,11,20,24,20,33,35,5
29,09,2022,11,20,25,39,77,35,5
29,09,2022,11,20,26,39,77,0,0
29,09,2022,11,20,27,6,64,0,0
29,09,2022,11,20,34,44,57,0,0
29,09,2022,11,20,35,44,57,19,0
29,09,2022,11,20,36,30,57,19,0
29,09,2022,11,20,38,30,58,0,0
29,09,2022,11,20,45,29,57,34,5
29,09,2022,11,20,45,34,81,34,5
29,09,2022,11,20,46,34,81,0,0
29,09,2022,11,20,48,18,0,0,0
29,09,2022,11,20,50,18,73,0,0
29,09,2022,11,20,55,17,71,23,0
29,09,2022,11,20,58,17,71,0,0
29,09,2022,11,21,04,13,71,35,6
29,09,2022,11,21,05,37,79,35,6
29,09,2022,11,21,06,37,79,0,0
29,09,2022,11,21,07,26,73,0,0
29,09,2022,11,21,10,0,69,0,0
29,09,2022,11,21,11,0,0,0,0
29,09,2022,11,26,13,0,0,494,5
29,09,2022,11,26,13,113,110,494,5
29,09,2022,11,26,14,113,110,240,6
29,09,2022,11,26,15,85,102,240,6
29,09,2022,11,26,16,85,102,182,5
29,09,2022,11,26,17,76,100,150,7
29,09,2022,11,26,19,58,95,150,7
29,09,2022,11,26,20,58,95,54,6
29,09,2022,11,26,21,45,99,54,6
29,09,2022,11,26,22,45,99,0,5
29,09,2022,11,26,23,53,99,38,5
29,09,2022,11,26,24,37,102,38,5
29,09,2022,11,26,25,37,102,10,6
29,09,2022,11,26,26,8,107,10,6
29,09,2022,11,26,33,7,105,35,6
29,09,2022,11,26,33,59,78,35,6
29,09,2022,11,26,34,59,78,35,0
29,09,2022,11,26,35,41,73,35,0
29,09,2022,11,26,43,49,105,36,0
29,09,2022,11,26,43,49,105,53,0
29,09,2022,11,26,44,49,77,53,0
29,09,2022,11,26,53,44,68,141,6
29,09,2022,11,26,53,74,105,141,6
29,09,2022,11,26,54,74,105,79,0
29,09,2022,11,26,55,48,82,79,0
29,09,2022,11,26,56,48,82,34,0
29,09,2022,11,26,57,34,80,34,0
29,09,2022,11,26,57,34,80,0,0
29,09,2022,11,26,58,20,78,0,0
29,09,2022,11,27,03,43,114,0,0
29,09,2022,11,27,03,43,114,10,5
29,09,2022,11,27,04,34,94,10,5
29,09,2022,11,27,05,34,94,0,0
29,09,2022,11,27,06,9,91,0,0
29,09,2022,11,27,12,8,88,0,6
29,09,2022,11,27,13,59,117,0,6
29,09,2022,11,27,14,59,117,34,6
29,09,2022,11,27,15,38,94,34,6
29,09,2022,11,27,15,38,94,37,0
29,09,2022,11,27,19,41,90,25,0
29,09,2022,11,27,20,34,89,0,0
29,09,2022,11,27,22,45,122,0,0
29,09,2022,11,27,23,45,122,27,5
29,09,2022,11,27,24,31,92,27,5
29,09,2022,11,27,25,31,92,0,0
29,09,2022,11,27,32,28,87,64,7
29,09,2022,11,27,33,49,114,64,7
29,09,2022,11,27,34,49,114,46,7
29,09,2022,11,27,35,38,91,46,7
29,09,2022,11,27,36,38,91,8,0
29,09,2022,11,27,38,11,88,0,0
29,09,2022,11,27,42,42,123,0,0
29,09,2022,11,27,43,42,123,0,6
29,09,2022,11,27,44,35,91,0,6
29,09,2022,11,27,45,35,91,0,0
29,09,2022,11,27,52,29,85,34,7
29,09,2022,11,27,53,45,118,34,7
29,09,2022,11,27,54,45,118,7,0
29,09,2022,11,27,55,12,94,7,0
29,09,2022,11,28,02,12,121,0,0
29,09,2022,11,28,03,12,121,38,0
29,09,2022,11,28,04,41,92,38,0
29,09,2022,11,28,05,41,92,26,0
29,09,2022,11,28,09,40,87,7,0
29,09,2022,11,28,10,27,86,7,0
29,09,2022,11,28,12,26,86,33,6
29,09,2022,11,28,13,42,110,33,6
29,09,2022,11,28,14,42,110,10,0
29,09,2022,11,28,15,18,92,10,0
29,09,2022,11,28,22,44,126,0,0
29,09,2022,11,28,23,44,126,27,5
29,09,2022,11,28,24,17,87,27,5
29,09,2022,11,28,25,17,87,0,0
29,09,2022,11,28,32,12,82,62,5
29,09,2022,11,28,33,52,82,62,5
29,09,2022,11,28,34,52,82,43,0
29,09,2022,11,28,35,37,88,43,0
29,09,2022,11,28,36,37,88,6,0
29,09,2022,11,28,36,25,86,6,0
29,09,2022,11,28,42,43,125,0,0
29,09,2022,11,28,43,43,125,37,5
29,09,2022,11,28,44,41,92,37,5
29,09,2022,11,28,45,41,92,37,0
29,09,2022,11,28,49,38,87,7,0
29,09,2022,11,28,50,21,86,7,0
29,09,2022,11,28,52,21,87,32,6
29,09,2022,11,28,53,42,115,32,6
29,09,2022,11,28,54,42,115,0,0
29,09,2022,11,28,55,13,88,0,0
29,09,2022,11,29,03,19,85,20,6
29,09,2022,11,29,04,32,94,20,6
29,09,2022,11,29,05,32,94,8,0
29,09,2022,11,29,07,27,82,8,0
29,09,2022,11,29,13,41,114,15,0
29,09,2022,11,29,15,25,89,8,0
29,09,2022,11,29,23,24,90,0,6
29,09,2022,11,29,25,24,94,0,0
29,09,2022,11,29,33,24,114,2,0
29,09,2022,11,29,34,24,114,36,1
29,09,2022,11,29,34,41,85,36,1
29,09,2022,11,29,35,41,85,10,0
29,09,2022,11,29,36,13,82,10,0
29,09,2022,11,29,43,23,83,34,5
29,09,2022,11,29,44,30,83,0,0
29,09,2022,11,29,53,44,109,2,0
29,09,2022,11,29,54,15,84,10,0
29,09,2022,11,30,02,27,83,0,0
29,09,2022,11,30,03,27,83,35,6
29,09,2022,11,30,05,29,86,0,0
29,09,2022,11,30,05,7,82,0,0
29,09,2022,11,30,13,41,114,5,0
29,09,2022,11,30,14,25,114,5,1
29,09,2022,11,30,16,24,85,0,0
29,09,2022,11,30,23,33,90,33,6
29,09,2022,11,30,24,27,90,0,0
29,09,2022,11,30,31,25,79,0,0
29,09,2022,11,30,32,25,79,11,0
29,09,2022,11,30,33,43,106,11,0
29,09,2022,11,30,34,43,106,11,6
29,09,2022,11,30,34,19,84,11,6
29,09,2022,11,30,35,19,84,0,0
29,09,2022,11,30,43,25,84,35,6
29,09,2022,11,30,44,30,92,0,6
29,09,2022,11,30,45,15,85,0,6
29,09,2022,11,30,46,15,85,0,0
29,09,2022,11,30,53,41,115,0,0
29,09,2022,11,30,54,41,115,7,4
29,09,2022,11,30,54,41,91,7,4
29,09,2022,11,30,55,41,91,0,0
29,09,2022,11,31,03,41,87,35,6
29,09,2022,11,31,04,32,90,0,0
29,09,2022,11,31,10,24,79,0,0
29,09,2022,11,31,13,49,110,0,0
29,09,2022,11,31,14,49,110,23,7
29,09,2022,11,31,14,23,92,23,7
29,09,2022,11,31,15,23,92,0,0
29,09,2022,11,31,16,10,92,0,0
29,09,2022,11,31,23,10,83,34,7
29,09,2022,11,31,24,36,107,34,7
29,09,2022,11,31,24,36,107,0,0
29,09,2022,11,31,25,36,83,0,0
29,09,2022,11,31,27,10,81,0,0
29,09,2022,11,31,33,36,108,0,0
29,09,2022,11,31,33,36,108,6,7
29,09,2022,11,31,34,30,84,6,7
29,09,2022,11,31,35,30,84,8,0
29,09,2022,11,31,43,29,74,35,6
29,09,2022,11,31,44,36,106,35,6
29,09,2022,11,31,45,16,85,35,6
29,09,2022,11,31,46,16,85,0,0
29,09,2022,11,31,53,50,113,0,0
29,09,2022,11,31,54,50,113,16,5
29,09,2022,11,31,54,9,83,16,5
29,09,2022,11,31,55,9,83,0,0
29,09,2022,11,32,03,7,79,37,6
29,09,2022,11,32,04,35,109,37,6
29,09,2022,11,32,04,35,109,0,0
29,09,2022,11,32,05,13,85,0,0
29,09,2022,11,32,13,57,110,0,0
29,09,2022,11,32,13,57,110,51,5
29,09,2022,11,32,14,45,82,51,5
29,09,2022,11,32,15,45,82,11,0
29,09,2022,11,32,17,45,79,0,0
29,09,2022,11,32,17,24,77,0,0
29,09,2022,11,32,23,24,76,36,6
29,09,2022,11,32,23,41,110,36,6
29,09,2022,11,32,24,41,110,10,1
29,09,2022,11,32,25,38,80,10,1
29,09,2022,11,32,33,46,109,0,0
29,09,2022,11,32,33,46,109,32,6
29,09,2022,11,32,34,31,81,32,6
29,09,2022,11,32,35,31,81,32,0
29,09,2022,11,32,36,8,77,32,0
29,09,2022,11,32,37,8,77,0,0
29,09,2022,11,32,43,7,76,34,6
29,09,2022,11,32,44,35,103,34,6
29,09,2022,11,32,44,35,103,0,0
29,09,2022,11,32,45,35,90,0,0
29,09,2022,11,32,50,24,86,0,0
29,09,2022,11,32,53,39,109,0,0
29,09,2022,11,32,53,39,109,8,6
29,09,2022,11,32,54,17,94,8,6
29,09,2022,11,32,55,17,94,0,0
29,09,2022,11,33,03,15,86,34,7
29,09,2022,11,33,03,44,101,34,7
29,09,2022,11,33,05,42,72,37,7
29,09,2022,11,33,06,42,72,31,0
29,09,2022,11,33,09,20,69,21,0
29,09,2022,11,33,10,20,69,0,0
29,09,2022,11,33,13,46,102,0,0
29,09,2022,11,33,13,46,102,26,6
29,09,2022,11,33,14,27,68,26,6
29,09,2022,11,33,15,27,68,0,0
29,09,2022,11,33,23,26,64,0,5
29,09,2022,11,33,23,40,99,0,5
29,09,2022,11,33,25,40,83,7,6
29,09,2022,11,33,26,40,83,0,0
29,09,2022,11,33,26,18,79,0,0
29,09,2022,11,33,32,46,95,0,0
29,09,2022,11,33,33,46,95,27,6
29,09,2022,11,33,34,10,95,27,6
29,09,2022,11,33,35,10,95,0,0
29,09,2022,11,33,36,3,69,0,0
29,09,2022,11,33,43,3,67,71,6
29,09,2022,11,33,43,51,100,71,6
29,09,2022,11,33,44,51,100,49,1
29,09,2022,11,33,45,41,67,49,1
29,09,2022,11,33,46,41,67,5,0
29,09,2022,11,33,47,24,64,5,0
29,09,2022,11,33,53,24,94,0,0
29,09,2022,11,33,53,24,94,37,7
29,09,2022,11,33,55,28,96,0,0
29,09,2022,11,33,56,13,79,0,0
29,09,2022,11,34,03,13,75,34,6
29,09,2022,11,34,03,42,96,34,6
29,09,2022,11,34,05,44,71,37,5
29,09,2022,11,34,06,44,71,37,0
29,09,2022,11,34,09,41,66,0,0
29,09,2022,11,34,09,29,65,0,0
29,09,2022,11,34,11,29,0,0,0
29,09,2022,11,34,13,29,94,0,0
29,09,2022,11,34,13,29,94,25,7
29,09,2022,11,34,15,22,96,0,0
29,09,2022,11,34,16,20,76,0,0
29,09,2022,11,34,23,20,70,0,6
29,09,2022,11,34,23,39,88,0,6
29,09,2022,11,34,24,39,88,9,1
29,09,2022,11,34,25,8,80,9,1
29,09,2022,11,34,32,40,102,0,0
29,09,2022,11,34,33,40,102,27,6
29,09,2022,11,34,35,31,102,0,0
29,09,2022,11,34,36,28,77,0,0
29,09,2022,11,34,43,28,73,52,6
29,09,2022,11,34,43,28,92,52,6
29,09,2022,11,34,44,28,92,43,1
29,09,2022,11,34,45,39,92,43,1
29,09,2022,11,34,46,0,92,43,0
29,09,2022,11,34,47,0,92,0,0
29,09,2022,11,34,48,24,76,0,0
29,09,2022,11,34,52,44,108,0,0
29,09,2022,11,34,53,44,108,0,5
29,09,2022,11,34,55,34,108,0,0
29,09,2022,11,34,56,8,65,0,0
29,09,2022,11,35,02,7,61,33,6
29,09,2022,11,35,03,42,91,33,6
29,09,2022,11,35,04,42,91,37,1
29,09,2022,11,35,05,43,66,37,1
29,09,2022,11,35,08,35,63,0,0
29,09,2022,11,35,09,0,62,0,0
29,09,2022,11,35,11,20,62,0,0
29,09,2022,11,35,12,26,96,0,0
29,09,2022,11,35,13,26,96,9,6
29,09,2022,11,35,14,26,84,9,6
29,09,2022,11,35,15,26,84,0,0
29,09,2022,11,35,16,8,67,0,0
29,09,2022,11,35,22,8,62,46,0
29,09,2022,11,35,23,47,94,46,0
29,09,2022,11,35,24,47,94,46,7
29,09,2022,11,35,25,37,71,46,7
29,09,2022,11,35,25,37,71,0,0
29,09,2022,11,35,26,18,65,0,0
29,09,2022,11,35,32,45,91,0,0
29,09,2022,11,35,33,45,91,37,7
29,09,2022,11,35,35,41,61,34,7
29,09,2022,11,35,36,41,61,36,0
29,09,2022,11,35,39,26,57,35,0
29,09,2022,11,35,39,26,57,6,0
29,09,2022,11,35,42,17,56,31,5
29,09,2022,11,35,43,41,93,31,5
29,09,2022,11,35,44,41,93,0,6
29,09,2022,11,35,45,26,74,0,6
29,09,2022,11,35,45,26,74,0,0
29,09,2022,11,35,53,34,69,34,6
29,09,2022,11,35,54,27,89,34,6
29,09,2022,11,35,55,27,89,0,0
29,09,2022,11,35,55,20,62,0,0
29,09,2022,11,36,02,19,58,15,0
29,09,2022,11,36,03,39,93,15,0
29,09,2022,11,36,04,39,93,10,7
29,09,2022,11,36,05,11,69,10,7
29,09,2022,11,36,05,11,69,0,0
29,09,2022,11,36,13,19,66,32,7
29,09,2022,11,36,14,30,66,32,7
29,09,2022,11,36,15,30,66,0,0
29,09,2022,11,36,23,41,93,2,0
29,09,2022,11,36,24,41,93,6,6
29,09,2022,11,36,25,30,83,6,6
29,09,2022,11,36,25,30,83,0,0
29,09,2022,11,36,33,36,76,34,7
29,09,2022,11,36,34,33,90,34,7
29,09,2022,11,36,35,33,90,0,7
29,09,2022,11,36,35,19,67,0,7
29,09,2022,11,36,36,19,67,0,0
29,09,2022,11,36,43,45,99,3,0
29,09,2022,11,36,44,45,99,10,6
29,09,2022,11,36,45,14,83,10,6
29,09,2022,11,36,45,14,83,0,0
29,09,2022,11,36,53,23,76,25,6
29,09,2022,11,36,54,23,93,25,6
29,09,2022,11,36,55,23,93,0,1
29,09,2022,11,36,55,18,81,0,1
29,09,2022,11,37,03,37,76,6,0
29,09,2022,11,37,04,37,76,7,6
29,09,2022,11,37,05,28,85,0,0
29,09,2022,11,37,13,33,76,26,7
29,09,2022,11,37,14,37,95,26,7
29,09,2022,11,37,14,37,95,0,7
29,09,2022,11,37,16,31,86,0,0
29,09,2022,11,37,23,46,104,9,0
29,09,2022,11,37,24,46,104,7,7
29,09,2022,11,37,25,17,84,7,7
29,09,2022,11,37,25,17,84,0,0
29,09,2022,11,37,33,13,77,8,6
29,09,2022,11,37,34,34,96,8,6
29,09,2022,11,37,35,34,96,8,1
29,09,2022,11,37,35,26,83,8,1
29,09,2022,11,37,37,43,80,10,0
29,09,2022,11,37,38,32,79,9,0
29,09,2022,11,37,43,48,102,4,0
29,09,2022,11,37,44,48,102,36,7
29,09,2022,11,37,44,40,85,36,7
29,09,2022,11,37,45,40,85,36,0
29,09,2022,11,37,48,17,76,29,0
29,09,2022,11,37,48,17,76,0,0
29,09,2022,11,37,53,22,78,34,6
29,09,2022,11,37,54,29,106,34,6
29,09,2022,11,37,54,29,106,0,6
29,09,2022,11,37,55,8,80,0,6
29,09,2022,11,37,56,8,80,0,0
29,09,2022,11,38,03,43,108,5,0
29,09,2022,11,38,04,43,108,9,6
29,09,2022,11,38,05,14,92,9,6
29,09,2022,11,38,05,14,92,0,0
29,09,2022,11,38,06,12,81,0,0
29,09,2022,11,38,13,11,77,30,7
29,09,2022,11,38,14,33,100,30,7
29,09,2022,11,38,14,33,100,0,6
29,09,2022,11,38,15,18,81,0,6
29,09,2022,11,38,16,18,81,0,0
29,09,2022,11,38,23,43,105,0,0
29,09,2022,11,38,24,43,105,19,7
29,09,2022,11,38,25,38,100,0,0
29,09,2022,11,38,26,30,82,0,0
29,09,2022,11,38,33,29,78,37,6
29,09,2022,11,38,34,31,102,37,6
29,09,2022,11,38,34,31,102,0,5
29,09,2022,11,38,35,18,80,0,5
29,09,2022,11,38,36,18,80,0,0
29,09,2022,11,38,37,0,55,0,0
29,09,2022,11,38,38,0,0,0,0
