30,09,2022,11,21,40,2,2,0,500
30,09,2022,11,21,41,177,270,0,500
30,09,2022,11,21,42,177,270,749,499
30,09,2022,11,21,43,159,268,749,499
30,09,2022,11,21,47,153,257,750,497
30,09,2022,11,21,51,152,257,746,500
30,09,2022,11,21,53,138,254,748,500
30,09,2022,11,21,54,138,254,384,500
30,09,2022,11,21,55,90,249,384,500
30,09,2022,11,21,56,90,249,235,501
30,09,2022,11,21,57,80,255,151,499
30,09,2022,11,21,58,73,226,151,499
30,09,2022,11,21,59,73,226,75,340
30,09,2022,11,22,00,53,205,75,340
30,09,2022,11,22,00,53,205,49,251
30,09,2022,11,22,01,53,194,49,251
30,09,2022,11,22,02,53,194,21,169
30,09,2022,11,22,03,35,194,21,169
30,09,2022,11,22,03,35,194,0,164
30,09,2022,11,22,04,33,141,0,164
30,09,2022,11,22,05,33,141,0,60
30,09,2022,11,22,07,33,104,0,61
30,09,2022,11,22,09,33,118,0,61
30,09,2022,11,22,10,41,129,0,59
30,09,2022,11,22,11,41,129,0,53
30,09,2022,11,22,12,28,107,0,53
30,09,2022,11,22,13,28,107,9,31
30,09,2022,11,22,15,24,96,0,29
30,09,2022,11,22,19,23,85,0,31
30,09,2022,11,22,20,23,85,20,31
30,09,2022,11,22,22,16,88,0,30
30,09,2022,11,22,24,16,99,0,29
30,09,2022,11,22,26,16,103,0,18
30,09,2022,11,22,30,44,103,0,19
30,09,2022,11,22,31,44,103,38,19
30,09,2022,11,22,35,40,92,37,19
30,09,2022,11,22,36,40,92,9,19
30,09,2022,11,22,36,24,89,9,19
30,09,2022,11,22,38,22,78,0,18
30,09,2022,11,22,40,21,70,30,6
30,09,2022,11,22,41,33,65,30,6
30,09,2022,11,22,42,33,65,0,6
30,09,2022,11,22,42,17,71,0,6
30,09,2022,11,22,50,44,69,0,6
30,09,2022,11,22,53,44,67,33,6
30,09,2022,11,22,54,43,60,5,5
30,09,2022,11,22,55,31,60,5,5
30,09,2022,11,23,00,31,59,36,6
30,09,2022,11,23,02,38,59,8,6
30,09,2022,11,23,03,12,66,8,6
30,09,2022,11,23,09,11,46,0,7
30,09,2022,11,23,09,11,46,0,0
30,09,2022,11,23,10,45,44,0,0
30,09,2022,11,23,11,45,44,37,6
30,09,2022,11,23,12,44,78,37,6
30,09,2022,11,23,13,44,78,38,0
30,09,2022,11,23,16,41,69,11,0
30,09,2022,11,23,16,22,67,11,0
30,09,2022,11,23,17,22,67,0,0
30,09,2022,11,23,20,20,67,36,3
30,09,2022,11,23,21,20,99,36,3
30,09,2022,11,23,22,20,99,0,4
30,09,2022,11,23,23,9,79,0,4
30,09,2022,11,23,23,9,79,0,0
30,09,2022,11,23,30,60,107,0,0
30,09,2022,11,23,31,60,107,53,5
30,09,2022,11,23,32,47,77,53,5
30,09,2022,11,23,33,47,77,28,0
30,09,2022,11,23,33,31,77,28,0
30,09,2022,11,23,34,31,77,0,0
30,09,2022,11,23,35,29,64,0,0
30,09,2022,11,23,40,29,61,35,3
30,09,2022,11,23,41,42,94,35,3
30,09,2022,11,23,43,21,72,35,4
30,09,2022,11,23,43,21,72,0,0
30,09,2022,11,23,50,45,100,0,0
30,09,2022,11,23,51,45,100,37,5
30,09,2022,11,23,52,43,80,37,5
30,09,2022,11,23,52,43,80,39,0
30,09,2022,11,23,53,48,69,39,0
30,09,2022,11,23,56,42,67,11,0
30,09,2022,11,23,56,13,66,11,0
30,09,2022,11,23,57,13,66,0,0
30,09,2022,11,24,00,12,64,34,4
30,09,2022,11,24,01,27,96,34,4
30,09,2022,11,24,02,27,96,1,0
30,09,2022,11,24,02,13,65,1,0
30,09,2022,11,24,10,12,93,0,0
30,09,2022,11,24,11,12,93,11,5
30,09,2022,11,24,12,18,67,11,5
30,09,2022,11,24,12,18,67,0,0
30,09,2022,11,24,15,17,56,0,0
30,09,2022,11,24,20,17,55,36,4
30,09,2022,11,24,21,29,93,36,4
30,09,2022,11,24,22,29,93,1,0
30,09,2022,11,24,22,23,69,1,0
30,09,2022,11,24,30,41,63,0,0
30,09,2022,11,24,31,41,63,8,5
30,09,2022,11,24,32,23,83,8,5
30,09,2022,11,24,32,23,83,0,0
30,09,2022,11,24,33,22,72,0,0
30,09,2022,11,24,40,22,66,35,5
30,09,2022,11,24,41,37,92,35,5
30,09,2022,11,24,41,37,92,0,0
30,09,2022,11,24,42,26,72,0,0
30,09,2022,11,24,50,42,98,0,0
30,09,2022,11,24,51,42,98,9,5
30,09,2022,11,24,52,27,78,9,5
30,09,2022,11,24,52,27,78,0,0
30,09,2022,11,24,55,25,67,0,0
30,09,2022,11,25,00,25,64,35,5
30,09,2022,11,25,02,35,64,0,5
30,09,2022,11,25,03,35,64,0,0
30,09,2022,11,25,10,44,90,0,0
30,09,2022,11,25,11,44,90,11,5
30,09,2022,11,25,12,30,76,11,5
30,09,2022,11,25,12,30,76,0,0
30,09,2022,11,25,20,27,66,38,6
30,09,2022,11,25,21,33,93,38,6
30,09,2022,11,25,22,33,93,0,0
30,09,2022,11,25,22,7,68,0,0
30,09,2022,11,25,31,12,64,23,5
30,09,2022,11,25,31,14,88,23,5
30,09,2022,11,25,32,14,88,0,0
30,09,2022,11,25,33,13,69,0,0
30,09,2022,11,25,40,13,66,11,4
30,09,2022,11,25,41,33,91,11,4
30,09,2022,11,25,41,33,91,8,0
30,09,2022,11,25,42,32,74,8,0
30,09,2022,11,25,47,11,71,0,0
30,09,2022,11,25,50,26,73,0,0
30,09,2022,11,25,51,26,73,20,5
30,09,2022,11,25,51,19,93,20,5
30,09,2022,11,25,52,19,93,0,0
30,09,2022,11,25,53,18,73,0,0
30,09,2022,11,26,01,43,97,5,0
30,09,2022,11,26,02,19,76,8,0
30,09,2022,11,26,11,23,71,22,5
30,09,2022,11,26,11,23,90,22,5
30,09,2022,11,26,12,23,90,22,0
30,09,2022,11,26,14,16,80,0,0
30,09,2022,11,26,21,15,95,10,0
30,09,2022,11,26,22,16,77,7,0
30,09,2022,11,26,30,28,73,0,0
30,09,2022,11,26,31,28,73,20,5
30,09,2022,11,26,31,28,89,20,5
30,09,2022,11,26,32,28,89,0,0
30,09,2022,11,26,41,38,100,0,0
30,09,2022,11,26,42,21,83,8,0
30,09,2022,11,26,51,24,83,26,5
30,09,2022,11,26,52,31,93,0,0
30,09,2022,11,26,53,18,85,0,0
30,09,2022,11,27,01,38,101,7,0
30,09,2022,11,27,02,24,84,6,0
30,09,2022,11,27,10,39,85,0,0
30,09,2022,11,27,11,39,85,26,5
30,09,2022,11,27,11,23,91,26,5
30,09,2022,11,27,12,23,91,0,0
30,09,2022,11,27,14,22,80,0,0
30,09,2022,11,27,21,42,106,9,0
30,09,2022,11,27,22,26,82,1,0
30,09,2022,11,27,31,32,78,0,5
30,09,2022,11,27,34,34,83,0,0
30,09,2022,11,27,41,37,111,9,0
30,09,2022,11,27,42,31,82,7,0
30,09,2022,11,27,50,43,82,0,0
30,09,2022,11,27,51,43,82,30,5
30,09,2022,11,27,51,32,95,30,5
30,09,2022,11,27,52,32,95,0,0
30,09,2022,11,27,59,32,84,0,0
30,09,2022,11,28,00,32,110,8,0
30,09,2022,11,28,02,26,91,8,0
30,09,2022,11,28,11,24,86,33,5
30,09,2022,11,28,12,31,95,0,0
30,09,2022,11,28,16,29,84,0,0
30,09,2022,11,28,20,39,114,0,0
30,09,2022,11,28,22,19,89,1,0
30,09,2022,11,28,31,18,84,0,5
30,09,2022,11,28,31,34,94,0,5
30,09,2022,11,28,32,34,94,0,0
30,09,2022,11,28,33,21,85,0,0
30,09,2022,11,28,40,42,116,0,0
30,09,2022,11,28,41,42,116,11,6
30,09,2022,11,28,42,28,84,11,6
30,09,2022,11,28,43,28,84,0,0
30,09,2022,11,28,50,25,79,0,5
30,09,2022,11,28,51,31,94,0,5
30,09,2022,11,28,52,31,94,0,0
30,09,2022,11,28,53,8,85,0,0
30,09,2022,11,29,00,46,114,0,0
30,09,2022,11,29,02,12,94,8,0
30,09,2022,11,29,03,0,92,0,0
30,09,2022,11,29,05,11,91,0,0
30,09,2022,11,29,10,11,90,34,0
30,09,2022,11,29,12,11,94,1,0
30,09,2022,11,29,17,0,83,0,0
30,09,2022,11,29,20,45,112,0,0
30,09,2022,11,29,21,45,112,10,4
30,09,2022,11,29,22,9,87,10,4
30,09,2022,11,29,23,9,87,0,0
30,09,2022,11,29,30,5,81,31,5
30,09,2022,11,29,31,31,94,31,5
30,09,2022,11,29,32,31,94,0,0
30,09,2022,11,29,33,11,86,0,0
30,09,2022,11,29,40,44,120,0,0
30,09,2022,11,29,42,10,91,10,0
30,09,2022,11,29,50,9,87,32,5
30,09,2022,11,29,51,39,102,32,5
30,09,2022,11,29,52,39,102,0,0
30,09,2022,11,29,53,18,94,0,0
30,09,2022,11,30,00,44,119,0,0
30,09,2022,11,30,02,13,94,9,0
30,09,2022,11,30,10,13,91,35,6
30,09,2022,11,30,11,27,93,35,6
30,09,2022,11,30,12,27,93,1,0
30,09,2022,11,30,13,12,88,1,0
30,09,2022,11,30,20,45,118,0,0
30,09,2022,11,30,22,18,95,8,0
30,09,2022,11,30,30,16,91,33,6
30,09,2022,11,30,32,23,93,0,0
30,09,2022,11,30,40,47,121,0,0
30,09,2022,11,30,42,21,94,9,0
30,09,2022,11,30,50,21,91,33,0
30,09,2022,11,30,51,37,115,33,0
30,09,2022,11,30,52,37,115,0,0
30,09,2022,11,30,53,19,88,0,0
30,09,2022,11,31,00,46,84,0,0
30,09,2022,11,31,01,46,84,27,0
30,09,2022,11,31,02,19,90,27,0
30,09,2022,11,31,03,19,90,0,0
30,09,2022,11,31,10,19,87,35,5
30,09,2022,11,31,12,29,87,9,0
30,09,2022,11,31,13,18,88,9,0
30,09,2022,11,31,20,42,123,0,0
30,09,2022,11,31,21,42,123,23,0
30,09,2022,11,31,22,22,123,23,0
30,09,2022,11,31,22,22,123,0,0
30,09,2022,11,31,23,21,92,0,0
30,09,2022,11,31,30,21,91,35,5
30,09,2022,11,31,31,38,97,35,5
30,09,2022,11,31,32,38,97,1,0
30,09,2022,11,31,32,19,90,1,0
30,09,2022,11,31,40,41,128,0,0
30,09,2022,11,31,41,41,128,25,0
30,09,2022,11,31,42,20,91,25,0
30,09,2022,11,31,42,20,91,0,0
30,09,2022,11,31,50,20,88,36,6
30,09,2022,11,31,51,36,113,36,6
30,09,2022,11,31,52,36,113,0,0
30,09,2022,11,31,52,17,91,0,0
30,09,2022,11,32,00,42,89,0,0
30,09,2022,11,32,01,42,89,17,0
30,09,2022,11,32,02,22,87,17,0
30,09,2022,11,32,02,22,87,0,0
30,09,2022,11,32,10,21,84,36,6
30,09,2022,11,32,11,38,114,36,6
30,09,2022,11,32,12,38,114,36,0
30,09,2022,11,32,12,23,85,36,0
30,09,2022,11,32,13,23,85,0,0
30,09,2022,11,32,20,46,122,0,0
30,09,2022,11,32,21,46,122,22,0
30,09,2022,11,32,22,21,91,22,0
30,09,2022,11,32,22,21,91,0,0
30,09,2022,11,32,30,21,87,36,5
30,09,2022,11,32,31,37,88,36,5
30,09,2022,11,32,32,37,88,0,0
30,09,2022,11,32,32,26,83,0,0
30,09,2022,11,32,40,47,80,0,0
30,09,2022,11,32,41,47,80,22,0
30,09,2022,11,32,42,28,87,22,0
30,09,2022,11,32,42,28,87,0,0
30,09,2022,11,32,50,28,85,34,5
30,09,2022,11,32,51,41,93,34,5
30,09,2022,11,32,52,41,93,34,0
30,09,2022,11,32,52,23,84,34,0
30,09,2022,11,32,53,23,84,0,0
30,09,2022,11,33,00,42,122,0,0
30,09,2022,11,33,01,42,122,23,0
30,09,2022,11,33,02,28,86,23,0
30,09,2022,11,33,02,28,86,0,0
30,09,2022,11,33,10,27,81,35,5
30,09,2022,11,33,11,37,94,35,5
30,09,2022,11,33,11,37,94,1,0
30,09,2022,11,33,12,24,90,1,0
30,09,2022,11,33,21,34,90,29,0
30,09,2022,11,33,22,31,83,0,0
30,09,2022,11,33,31,37,108,5,0
30,09,2022,11,33,32,32,84,1,0
30,09,2022,11,33,41,39,84,25,0
30,09,2022,11,33,42,35,85,0,0
30,09,2022,11,33,50,27,79,12,0
30,09,2022,11,33,51,39,99,12,0
30,09,2022,11,33,52,22,92,7,0
30,09,2022,11,34,01,31,91,31,0
30,09,2022,11,34,02,14,82,31,0
30,09,2022,11,34,02,14,82,0,0
30,09,2022,11,34,11,32,94,0,0
30,09,2022,11,34,11,32,94,12,0
30,09,2022,11,34,12,11,87,12,0
30,09,2022,11,34,13,11,87,0,0
30,09,2022,11,34,21,10,88,25,0
30,09,2022,11,34,22,25,88,25,0
30,09,2022,11,34,23,6,85,25,0
30,09,2022,11,34,24,6,85,0,0
30,09,2022,11,34,30,5,83,11,0
30,09,2022,11,34,31,40,95,11,0
30,09,2022,11,34,32,6,86,1,0
30,09,2022,11,34,40,18,84,0,0
30,09,2022,11,34,41,18,84,27,0
30,09,2022,11,34,42,18,92,0,0
30,09,2022,11,34,51,34,90,8,0
30,09,2022,11,34,52,16,82,0,0
30,09,2022,11,35,00,38,80,0,0
30,09,2022,11,35,01,38,80,55,0
30,09,2022,11,35,02,47,80,33,0
30,09,2022,11,35,03,28,80,33,0
30,09,2022,11,35,04,28,80,0,0
30,09,2022,11,35,06,14,80,0,0
30,09,2022,11,35,11,48,102,1,0
30,09,2022,11,35,11,48,102,37,0
30,09,2022,11,35,12,39,90,37,0
30,09,2022,11,35,14,45,88,25,0
30,09,2022,11,35,17,39,86,4,0
30,09,2022,11,35,18,26,86,4,0
30,09,2022,11,35,20,38,89,0,0
30,09,2022,11,35,21,38,89,23,0
30,09,2022,11,35,22,30,82,0,0
30,09,2022,11,35,41,30,82,35,0
30,09,2022,11,35,44,22,84,0,0
30,09,2022,11,35,51,46,115,0,0
30,09,2022,11,35,52,28,86,7,0
30,09,2022,11,36,01,27,83,31,0
30,09,2022,11,36,02,35,83,0,0
30,09,2022,11,36,10,42,108,0,0
30,09,2022,11,36,12,32,83,5,0
30,09,2022,11,36,20,32,78,33,4
30,09,2022,11,36,21,28,90,33,4
30,09,2022,11,36,22,28,90,0,0
30,09,2022,11,36,30,42,82,0,0
30,09,2022,11,36,31,42,82,11,0
30,09,2022,11,36,32,26,82,11,0
30,09,2022,11,36,33,26,82,0,0
30,09,2022,11,36,40,23,82,31,5
30,09,2022,11,36,42,33,87,0,0
30,09,2022,11,36,43,8,83,0,0
30,09,2022,11,37,00,7,80,33,5
30,09,2022,11,37,01,35,80,33,5
30,09,2022,11,37,02,35,80,0,0
30,09,2022,11,37,03,6,83,0,0
30,09,2022,11,37,10,44,80,0,0
30,09,2022,11,37,12,6,80,10,0
30,09,2022,11,37,20,5,80,31,0
30,09,2022,11,37,21,26,80,31,0
30,09,2022,11,37,22,26,80,0,0
30,09,2022,11,37,23,9,80,0,0
30,09,2022,11,37,30,44,111,0,0
30,09,2022,11,37,32,9,83,10,0
30,09,2022,11,37,41,25,79,0,0
30,09,2022,11,37,43,14,79,0,0
30,09,2022,11,37,50,44,79,0,0
30,09,2022,11,37,52,15,79,0,0
30,09,2022,11,38,00,15,79,35,5
30,09,2022,11,38,01,28,85,35,5
30,09,2022,11,38,02,28,85,10,0
30,09,2022,11,38,03,13,81,10,0
30,09,2022,11,38,10,43,79,0,0
30,09,2022,11,38,12,19,79,9,0
30,09,2022,11,38,20,18,79,34,0
30,09,2022,11,38,21,37,79,34,0
30,09,2022,11,38,22,37,79,0,0
30,09,2022,11,38,23,16,79,0,0
30,09,2022,11,38,30,40,79,0,0
30,09,2022,11,38,31,40,79,24,0
30,09,2022,11,38,32,21,79,24,0
30,09,2022,11,38,33,21,79,0,0
30,09,2022,11,38,40,21,79,37,0
30,09,2022,11,38,41,36,79,37,0
30,09,2022,11,38,42,36,79,6,0
30,09,2022,11,38,43,25,79,6,0
30,09,2022,11,38,50,44,79,0,0
30,09,2022,11,38,52,27,79,9,0
30,09,2022,11,39,00,26,79,37,0
30,09,2022,11,39,01,37,0,37,0
30,09,2022,11,39,02,37,0,0,0
30,09,2022,11,39,03,27,79,0,0
30,09,2022,11,39,10,44,79,0,0
30,09,2022,11,39,12,24,79,0,0
30,09,2022,11,39,20,24,79,33,0
30,09,2022,11,39,21,37,79,33,0
30,09,2022,11,39,22,37,79,0,0
30,09,2022,11,39,31,28,79,22,0
30,09,2022,11,39,32,30,79,0,0
30,09,2022,11,39,40,28,79,35,0
30,09,2022,11,39,42,38,79,0,0
30,09,2022,11,39,42,26,79,0,0
30,09,2022,11,39,50,46,79,0,0
30,09,2022,11,39,52,28,79,0,0
30,09,2022,11,40,00,27,79,31,0
30,09,2022,11,40,01,40,79,31,0
30,09,2022,11,40,02,40,79,1,0
30,09,2022,11,40,02,24,79,1,0
30,09,2022,11,40,10,44,79,0,0
30,09,2022,11,40,11,44,79,18,0
30,09,2022,11,40,12,22,79,18,0
30,09,2022,11,40,12,22,79,0,0
30,09,2022,11,40,20,21,79,33,0
30,09,2022,11,40,23,23,79,0,0
30,09,2022,11,40,31,27,79,49,0
30,09,2022,11,40,32,51,79,49,0
30,09,2022,11,40,32,51,79,37,0
30,09,2022,11,40,33,36,79,37,0
30,09,2022,11,40,34,36,79,0,0
30,09,2022,11,40,35,25,79,0,0
30,09,2022,11,40,42,44,79,1,0
30,09,2022,11,40,43,44,79,37,0
30,09,2022,11,40,46,42,79,11,0
30,09,2022,11,40,47,8,79,11,0
30,09,2022,11,40,48,8,79,0,0
30,09,2022,11,40,50,22,79,0,0
30,09,2022,11,40,51,22,79,17,0
30,09,2022,11,40,52,15,79,0,0
30,09,2022,11,41,01,41,79,4,0
30,09,2022,11,41,02,13,79,5,0
30,09,2022,11,41,10,26,79,0,0
30,09,2022,11,41,11,26,79,29,0
30,09,2022,11,41,12,26,79,0,0
30,09,2022,11,41,13,14,79,0,0
30,09,2022,11,41,21,39,79,4,0
30,09,2022,11,41,22,18,79,1,0
30,09,2022,11,41,30,39,73,0,0
30,09,2022,11,41,31,39,73,27,4
30,09,2022,11,41,32,19,71,27,4
30,09,2022,11,41,32,19,71,0,0
30,09,2022,11,41,33,18,56,0,0
30,09,2022,11,41,41,38,51,2,0
30,09,2022,11,41,42,17,51,8,0
30,09,2022,11,41,44,0,51,0,0
30,09,2022,11,41,45,15,51,0,0
30,09,2022,11,41,51,36,65,7,1
30,09,2022,11,42,01,52,60,12,0
30,09,2022,11,42,02,52,60,50,0
30,09,2022,11,42,02,39,60,50,0
30,09,2022,11,42,03,39,60,8,0
30,09,2022,11,42,10,26,62,0,0
30,09,2022,11,42,21,45,53,0,0
30,09,2022,11,42,21,45,53,39,0
30,09,2022,11,42,26,35,53,7,0
30,09,2022,11,42,27,11,53,7,0
30,09,2022,11,42,30,23,54,0,0
30,09,2022,11,42,31,23,54,25,1
30,09,2022,11,42,32,26,60,0,0
30,09,2022,11,42,33,8,57,0,0
30,09,2022,11,42,41,36,55,5,0
30,09,2022,11,42,42,12,55,1,0
30,09,2022,11,42,51,12,55,33,6
30,09,2022,11,42,51,25,69,33,6
30,09,2022,11,42,52,25,69,0,0
30,09,2022,11,42,53,12,66,0,0
30,09,2022,11,43,01,46,87,0,0
30,09,2022,11,43,02,9,58,8,0
30,09,2022,11,43,11,9,54,33,0
30,09,2022,11,43,11,25,55,33,0
30,09,2022,11,43,12,25,55,0,0
30,09,2022,11,43,13,13,54,0,0
30,09,2022,11,43,21,44,95,0,0
30,09,2022,11,43,22,15,67,9,0
30,09,2022,11,43,31,13,63,35,6
30,09,2022,11,43,31,26,63,35,6
30,09,2022,11,43,32,26,63,0,0
30,09,2022,11,43,41,43,58,0,0
30,09,2022,11,43,42,19,58,0,0
30,09,2022,11,43,51,18,57,31,7
30,09,2022,11,43,52,28,67,0,0
30,09,2022,11,44,01,45,70,0,0
30,09,2022,11,44,02,22,56,8,0
30,09,2022,11,44,11,22,52,34,6
30,09,2022,11,44,11,29,63,34,6
30,09,2022,11,44,12,29,63,0,0
30,09,2022,11,44,21,39,86,0,0
30,09,2022,11,44,22,24,61,8,0
30,09,2022,11,44,31,24,58,36,6
30,09,2022,11,44,32,32,60,1,0
30,09,2022,11,44,40,40,95,0,0
30,09,2022,11,44,42,28,65,8,0
30,09,2022,11,44,50,27,61,34,0
30,09,2022,11,44,52,29,62,1,0
30,09,2022,11,45,01,42,91,0,0
30,09,2022,11,45,01,42,91,11,0
30,09,2022,11,45,02,32,57,11,0
30,09,2022,11,45,03,32,57,0,0
30,09,2022,11,45,10,30,54,36,7
30,09,2022,11,45,11,59,65,36,7
30,09,2022,11,45,12,59,65,0,0
30,09,2022,11,45,13,17,59,0,0
30,09,2022,11,45,20,44,95,0,0
30,09,2022,11,45,21,44,95,11,0
30,09,2022,11,45,22,35,57,11,0
30,09,2022,11,45,23,35,57,0,0
30,09,2022,11,45,24,18,57,0,0
30,09,2022,11,45,30,16,54,37,5
30,09,2022,11,45,31,24,68,37,5
30,09,2022,11,45,33,7,63,37,5
30,09,2022,11,45,33,7,63,0,0
30,09,2022,11,45,40,44,102,0,0
30,09,2022,11,45,41,44,102,11,1
30,09,2022,11,45,42,9,57,11,1
30,09,2022,11,45,43,9,57,0,0
30,09,2022,11,45,50,7,54,34,4
30,09,2022,11,45,51,26,54,34,4
30,09,2022,11,45,52,26,54,0,0
30,09,2022,11,45,54,13,59,0,0
30,09,2022,11,46,00,46,96,0,0
30,09,2022,11,46,02,13,62,9,1
30,09,2022,11,46,10,9,56,0,6
30,09,2022,11,46,11,50,69,0,6
30,09,2022,11,46,12,50,69,55,0
30,09,2022,11,46,20,78,103,54,0
30,09,2022,11,46,21,78,103,150,0
30,09,2022,11,46,22,76,61,150,0
30,09,2022,11,46,23,54,59,150,0
30,09,2022,11,46,24,54,59,69,0
30,09,2022,11,46,26,50,58,37,0
30,09,2022,11,46,27,35,58,37,0
30,09,2022,11,46,27,35,58,6,0
30,09,2022,11,46,28,13,58,6,0
30,09,2022,11,46,30,12,58,34,5
30,09,2022,11,46,31,26,71,34,5
30,09,2022,11,46,32,26,71,1,0
30,09,2022,11,46,33,13,60,1,0
30,09,2022,11,46,40,42,99,0,0
30,09,2022,11,46,42,25,55,9,1
30,09,2022,11,46,50,17,50,34,5
30,09,2022,11,46,51,29,65,34,5
30,09,2022,11,46,52,29,65,1,0
30,09,2022,11,46,53,15,60,1,0
30,09,2022,11,47,00,43,102,0,0
30,09,2022,11,47,02,25,56,8,1
30,09,2022,11,47,10,24,52,34,4
30,09,2022,11,47,11,30,68,34,4
30,09,2022,11,47,12,30,68,6,0
30,09,2022,11,47,14,21,57,0,0
30,09,2022,11,47,20,43,96,0,0
30,09,2022,11,47,22,27,96,9,1
30,09,2022,11,47,23,26,61,0,0
30,09,2022,11,47,30,26,60,32,6
30,09,2022,11,47,32,31,66,1,6
30,09,2022,11,47,33,29,57,0,0
30,09,2022,11,47,40,43,59,0,0
30,09,2022,11,47,41,43,59,21,6
30,09,2022,11,47,42,32,64,21,6
30,09,2022,11,47,42,32,64,0,0
30,09,2022,11,47,51,36,80,4,0
30,09,2022,11,47,53,29,57,9,0
30,09,2022,11,48,00,40,56,0,0
30,09,2022,11,48,01,40,56,26,6
30,09,2022,11,48,03,40,63,0,6
30,09,2022,11,48,03,18,59,0,6
30,09,2022,11,48,04,18,59,0,0
30,09,2022,11,48,10,17,58,11,0
30,09,2022,11,48,11,38,86,11,0
30,09,2022,11,48,12,22,59,8,0
30,09,2022,11,48,20,33,60,0,0
30,09,2022,11,48,21,33,60,21,5
30,09,2022,11,48,23,38,63,0,5
30,09,2022,11,48,23,11,58,0,5
30,09,2022,11,48,24,11,58,0,0
30,09,2022,11,48,31,35,93,6,0
30,09,2022,11,48,32,10,93,11,0
30,09,2022,11,48,33,10,93,0,0
30,09,2022,11,48,34,9,59,0,0
30,09,2022,11,48,40,20,64,0,0
30,09,2022,11,48,41,20,64,26,5
30,09,2022,11,48,42,23,64,0,0
30,09,2022,11,48,43,8,61,0,0
30,09,2022,11,48,51,34,84,7,0
30,09,2022,11,48,52,7,59,10,0
30,09,2022,11,49,00,18,61,0,0
30,09,2022,11,49,01,18,61,21,5
30,09,2022,11,49,02,22,63,0,0
30,09,2022,11,49,03,10,59,0,0
30,09,2022,11,49,11,38,82,8,0
30,09,2022,11,49,12,11,66,11,0
30,09,2022,11,49,13,11,66,0,0
30,09,2022,11,49,20,26,65,0,0
30,09,2022,11,49,21,26,65,23,6
30,09,2022,11,49,22,22,59,0,6
30,09,2022,11,49,24,14,56,0,0
30,09,2022,11,49,31,37,85,8,0
30,09,2022,11,49,32,13,57,9,0
30,09,2022,11,49,41,17,54,19,6
30,09,2022,11,49,42,24,66,19,6
30,09,2022,11,49,42,24,66,0,0
30,09,2022,11,49,51,39,83,9,0
30,09,2022,11,49,52,26,66,0,0
30,09,2022,11,50,01,26,62,35,7
30,09,2022,11,50,01,42,58,35,7
30,09,2022,11,50,02,42,58,0,0
30,09,2022,11,50,05,31,52,0,0
30,09,2022,11,50,11,39,87,0,0
30,09,2022,11,50,12,29,60,0,1
30,09,2022,11,50,21,28,57,27,6
30,09,2022,11,50,22,31,57,0,0
30,09,2022,11,50,31,44,79,0,0
30,09,2022,11,50,32,24,60,0,1
30,09,2022,11,50,41,18,58,33,7
30,09,2022,11,50,41,34,54,33,7
30,09,2022,11,50,42,34,54,0,0
30,09,2022,11,50,43,8,50,0,0
30,09,2022,11,50,51,43,86,0,0
30,09,2022,11,50,51,43,86,8,6
30,09,2022,11,50,52,10,86,8,6
30,09,2022,11,50,53,10,86,8,0
30,09,2022,11,50,54,10,54,8,0
30,09,2022,11,51,01,11,54,34,7
30,09,2022,11,51,02,26,60,34,7
30,09,2022,11,51,02,26,60,0,0
30,09,2022,11,51,03,13,53,0,0
30,09,2022,11,51,11,42,85,0,0
30,09,2022,11,51,12,18,60,8,0
30,09,2022,11,51,21,18,57,35,7
30,09,2022,11,51,21,32,62,35,7
30,09,2022,11,51,22,32,62,0,0
30,09,2022,11,51,23,21,54,0,0
30,09,2022,11,51,31,43,76,0,0
30,09,2022,11,51,32,23,54,6,1
30,09,2022,11,51,41,23,51,34,6
30,09,2022,11,51,42,33,54,34,0
30,09,2022,11,51,44,31,46,0,0
30,09,2022,11,51,51,42,78,0,0
30,09,2022,11,51,51,42,78,6,5
30,09,2022,11,51,52,29,78,6,5
30,09,2022,11,51,53,29,78,0,0
30,09,2022,11,51,54,29,41,0,0
30,09,2022,11,52,01,29,40,36,6
30,09,2022,11,52,01,34,56,36,6
30,09,2022,11,52,02,34,56,0,0
30,09,2022,11,52,03,13,56,0,0
30,09,2022,11,52,11,44,78,0,0
30,09,2022,11,52,11,44,78,10,5
30,09,2022,11,52,12,5,78,10,5
30,09,2022,11,52,13,5,78,0,0
30,09,2022,11,52,14,5,46,0,0
30,09,2022,11,52,20,5,45,34,6
30,09,2022,11,52,21,27,49,34,6
30,09,2022,11,52,22,27,49,1,0
30,09,2022,11,52,23,11,41,1,0
30,09,2022,11,52,31,42,65,0,0
30,09,2022,11,52,32,15,49,9,1
30,09,2022,11,52,41,14,46,38,7
30,09,2022,11,52,41,32,66,38,7
30,09,2022,11,52,42,32,66,0,0
30,09,2022,11,52,43,15,45,0,0
30,09,2022,11,52,51,42,76,0,0
30,09,2022,11,52,51,42,76,7,5
30,09,2022,11,52,52,26,50,7,5
30,09,2022,11,52,53,26,50,0,0
30,09,2022,11,53,01,26,40,34,6
30,09,2022,11,53,01,37,62,34,6
30,09,2022,11,53,02,37,62,6,0
30,09,2022,11,53,03,28,43,6,0
30,09,2022,11,53,10,47,74,0,0
30,09,2022,11,53,11,47,74,9,5
30,09,2022,11,53,12,33,48,9,5
30,09,2022,11,53,13,33,48,0,0
30,09,2022,11,53,21,31,42,34,6
30,09,2022,11,53,22,35,51,1,0
30,09,2022,11,53,23,25,36,1,0
30,09,2022,11,53,31,47,69,0,0
30,09,2022,11,53,31,47,69,0,6
30,09,2022,11,53,32,36,39,0,6
30,09,2022,11,53,33,36,39,0,0
30,09,2022,11,53,40,34,33,33,5
30,09,2022,11,53,41,25,57,33,5
30,09,2022,11,53,42,25,57,1,0
30,09,2022,11,53,43,14,40,1,0
30,09,2022,11,53,50,43,69,0,0
30,09,2022,11,53,51,43,69,0,6
30,09,2022,11,53,52,22,46,0,6
30,09,2022,11,53,53,22,46,0,0
30,09,2022,11,54,00,16,39,32,5
30,09,2022,11,54,01,28,60,32,5
30,09,2022,11,54,02,28,60,1,5
30,09,2022,11,54,03,9,44,1,5
30,09,2022,11,54,03,9,44,0,0
30,09,2022,11,54,10,42,68,0,0
30,09,2022,11,54,11,42,68,9,6
30,09,2022,11,54,12,12,46,9,6
30,09,2022,11,54,13,12,46,0,0
30,09,2022,11,54,20,10,40,34,6
30,09,2022,11,54,21,30,52,34,6
30,09,2022,11,54,22,30,52,0,0
30,09,2022,11,54,23,14,36,0,0
30,09,2022,11,54,30,44,67,0,0
30,09,2022,11,54,31,44,67,0,6
30,09,2022,11,54,32,21,47,0,6
30,09,2022,11,54,33,21,47,0,0
30,09,2022,11,54,33,0,38,0,0
30,09,2022,11,54,35,21,36,0,0
30,09,2022,11,54,40,19,34,50,5
30,09,2022,11,54,41,52,59,50,5
30,09,2022,11,54,42,52,59,46,0
30,09,2022,11,54,43,13,39,46,0
30,09,2022,11,54,43,13,39,0,0
30,09,2022,11,54,50,28,38,0,0
30,09,2022,11,54,51,28,38,73,6
30,09,2022,11,54,52,51,60,73,6
30,09,2022,11,54,53,51,60,39,0
30,09,2022,11,54,53,38,40,39,0
30,09,2022,11,54,54,38,40,10,0
30,09,2022,11,54,55,12,38,10,0
30,09,2022,11,54,58,0,36,0,0
30,09,2022,11,55,00,11,35,0,0
30,09,2022,11,55,01,35,56,4,0
30,09,2022,11,55,03,15,38,9,0
30,09,2022,11,55,11,15,36,24,6
30,09,2022,11,55,13,25,44,0,0
30,09,2022,11,55,16,21,33,0,0
30,09,2022,11,55,21,40,53,0,0
30,09,2022,11,55,23,28,39,0,1
30,09,2022,11,55,31,28,35,28,6
30,09,2022,11,55,33,31,43,0,0
30,09,2022,11,55,39,30,32,0,0
30,09,2022,11,55,41,39,53,10,0
30,09,2022,11,55,42,39,53,7,5
30,09,2022,11,55,43,22,36,7,5
30,09,2022,11,55,43,22,36,0,0
30,09,2022,11,55,51,30,31,22,6
30,09,2022,11,55,52,34,46,22,6
30,09,2022,11,55,53,34,46,0,0
30,09,2022,11,55,56,25,35,0,0
30,09,2022,11,56,01,35,59,7,0
30,09,2022,11,56,02,35,59,7,5
30,09,2022,11,56,02,11,59,7,5
30,09,2022,11,56,03,11,59,0,0
30,09,2022,11,56,04,10,30,0,0
30,09,2022,11,56,10,24,30,0,0
30,09,2022,11,56,11,24,30,21,6
30,09,2022,11,56,12,10,37,21,6
30,09,2022,11,56,12,10,37,0,0
30,09,2022,11,56,18,8,26,0,0
30,09,2022,11,56,21,34,62,0,0
30,09,2022,11,56,22,12,30,8,1
30,09,2022,11,56,31,17,29,23,6
30,09,2022,11,56,32,23,62,23,6
30,09,2022,11,56,32,23,62,0,0
30,09,2022,11,56,33,16,43,0,0
30,09,2022,11,56,41,39,57,4,0
30,09,2022,11,56,42,23,42,0,1
30,09,2022,11,56,51,23,35,35,7
30,09,2022,11,56,52,29,62,35,7
30,09,2022,11,56,53,29,62,0,0
30,09,2022,11,56,53,28,44,0,0
30,09,2022,11,57,01,42,60,0,0
30,09,2022,11,57,02,42,60,8,5
30,09,2022,11,57,02,42,44,8,5
30,09,2022,11,57,03,42,44,0,0
30,09,2022,11,57,11,36,48,24,6
30,09,2022,11,57,12,32,59,24,6
30,09,2022,11,57,12,32,59,0,0
30,09,2022,11,57,13,17,38,0,0
30,09,2022,11,57,21,42,66,0,0
30,09,2022,11,57,22,42,66,0,6
30,09,2022,11,57,22,11,37,0,6
30,09,2022,11,57,23,11,37,0,0
30,09,2022,11,57,31,9,31,26,6
30,09,2022,11,57,32,29,52,26,6
30,09,2022,11,57,32,29,52,0,0
30,09,2022,11,57,33,9,35,0,0
30,09,2022,11,57,41,43,64,0,0
30,09,2022,11,57,42,43,64,8,6
30,09,2022,11,57,43,43,54,0,0
30,09,2022,11,57,45,12,46,0,0
30,09,2022,11,57,51,12,45,29,6
30,09,2022,11,57,52,28,62,29,6
30,09,2022,11,57,52,28,62,0,0
30,09,2022,11,57,53,17,44,0,0
30,09,2022,11,58,01,52,69,0,0
30,09,2022,11,58,02,19,47,9,0
30,09,2022,11,58,11,18,42,35,6
30,09,2022,11,58,11,26,71,35,6
30,09,2022,11,58,12,26,71,0,0
30,09,2022,11,58,13,23,42,0,0
30,09,2022,11,58,21,41,72,0,0
30,09,2022,11,58,22,41,72,8,5
30,09,2022,11,58,22,30,45,8,5
30,09,2022,11,58,23,30,45,0,0
30,09,2022,11,58,31,29,41,26,7
30,09,2022,11,58,32,31,66,26,7
30,09,2022,11,58,32,31,66,0,0
30,09,2022,11,58,33,28,54,0,0
30,09,2022,11,58,41,41,76,0,0
30,09,2022,11,58,42,41,76,10,5
30,09,2022,11,58,42,15,55,10,5
30,09,2022,11,58,43,15,55,0,0
30,09,2022,11,58,51,12,47,33,6
30,09,2022,11,58,51,12,71,33,6
30,09,2022,11,58,52,12,71,0,0
30,09,2022,11,58,53,6,48,0,0
30,09,2022,11,59,01,42,81,0,0
30,09,2022,11,59,01,42,81,10,6
30,09,2022,11,59,02,12,55,10,6
30,09,2022,11,59,03,12,55,0,0
30,09,2022,11,59,11,12,51,29,6
30,09,2022,11,59,11,26,73,29,6
30,09,2022,11,59,12,26,73,0,0
30,09,2022,11,59,13,18,50,0,0
30,09,2022,11,59,21,41,78,0,0
30,09,2022,11,59,21,41,78,8,6
30,09,2022,11,59,22,23,58,8,6
30,09,2022,11,59,23,23,58,0,0
30,09,2022,11,59,31,23,48,34,6
30,09,2022,11,59,31,29,75,34,6
30,09,2022,11,59,32,29,75,0,0
30,09,2022,11,59,33,29,54,0,0
30,09,2022,11,59,41,39,85,0,0
30,09,2022,11,59,41,39,85,6,6
30,09,2022,11,59,42,18,57,6,6
30,09,2022,11,59,43,18,57,0,0
30,09,2022,11,59,51,17,53,30,5
30,09,2022,11,59,51,31,79,30,5
30,09,2022,11,59,52,31,79,0,4
30,09,2022,11,59,53,6,60,0,4
30,09,2022,11,59,54,6,60,0,0
30,09,2022,12,00,01,44,90,0,0
30,09,2022,12,00,01,44,90,10,6
30,09,2022,12,00,02,10,63,10,6
30,09,2022,12,00,03,10,63,0,0
30,09,2022,12,00,11,8,54,33,6
30,09,2022,12,00,11,26,83,33,6
30,09,2022,12,00,12,26,83,0,1
30,09,2022,12,00,13,21,50,0,1
30,09,2022,12,00,21,41,86,0,0
30,09,2022,12,00,21,41,86,10,6
30,09,2022,12,00,22,28,79,10,6
30,09,2022,12,00,23,28,79,0,0
30,09,2022,12,00,24,27,61,0,0
30,09,2022,12,00,28,27,0,0,0
30,09,2022,12,00,30,27,59,0,0
30,09,2022,12,00,31,27,59,34,0
30,09,2022,12,00,31,29,83,34,0
30,09,2022,12,00,32,29,83,0,0
30,09,2022,12,00,33,30,54,0,0
30,09,2022,12,00,41,47,88,0,0
30,09,2022,12,00,41,47,88,13,6
30,09,2022,12,00,42,30,74,13,6
30,09,2022,12,00,43,30,74,0,0
30,09,2022,12,00,44,28,58,0,0
30,09,2022,12,00,50,27,57,31,5
30,09,2022,12,00,51,27,77,31,5
30,09,2022,12,00,52,27,77,0,1
30,09,2022,12,00,53,9,59,0,1
30,09,2022,12,01,00,43,91,0,0
30,09,2022,12,01,01,43,91,11,5
30,09,2022,12,01,02,43,74,11,5
30,09,2022,12,01,03,43,74,0,0
30,09,2022,12,01,04,14,54,0,0
30,09,2022,12,01,11,14,53,0,7
30,09,2022,12,01,11,32,78,0,7
30,09,2022,12,01,13,21,48,0,7
30,09,2022,12,01,14,21,48,0,0
30,09,2022,12,01,20,41,82,0,0
30,09,2022,12,01,21,41,82,9,6
30,09,2022,12,01,23,41,77,0,0
30,09,2022,12,01,24,24,57,0,0
30,09,2022,12,01,30,24,56,31,7
30,09,2022,12,01,31,32,77,31,7
30,09,2022,12,01,32,32,77,0,1
30,09,2022,12,01,33,16,48,0,1
30,09,2022,12,01,40,15,79,0,0
30,09,2022,12,01,41,15,79,9,6
30,09,2022,12,01,42,2,67,9,6
30,09,2022,12,01,43,2,67,9,0
30,09,2022,12,01,44,0,51,9,0
30,09,2022,12,01,50,0,50,72,6
30,09,2022,12,01,51,52,73,72,6
30,09,2022,12,01,52,52,73,47,6
30,09,2022,12,01,53,37,73,47,6
30,09,2022,12,01,53,37,73,0,0
30,09,2022,12,01,54,13,73,0,0
30,09,2022,12,01,56,12,48,0,0
30,09,2022,12,02,00,39,78,0,0
30,09,2022,12,02,01,39,78,28,6
30,09,2022,12,02,02,22,51,28,6
30,09,2022,12,02,03,22,51,0,0
30,09,2022,12,02,03,8,46,0,0
30,09,2022,12,02,10,7,44,28,6
30,09,2022,12,02,11,37,72,28,6
30,09,2022,12,02,12,37,72,29,1
30,09,2022,12,02,13,40,52,29,1
30,09,2022,12,02,17,23,50,25,0
30,09,2022,12,02,18,23,50,0,0
30,09,2022,12,02,19,9,50,0,0
30,09,2022,12,02,21,15,51,20,6
30,09,2022,12,02,22,15,77,20,6
30,09,2022,12,02,23,15,77,0,0
30,09,2022,12,02,23,13,46,0,0
30,09,2022,12,02,31,13,73,2,0
30,09,2022,12,02,33,26,50,0,0
30,09,2022,12,02,41,34,46,0,6
30,09,2022,12,02,42,32,67,0,6
30,09,2022,12,02,43,32,67,0,0
30,09,2022,12,02,43,30,43,0,0
30,09,2022,12,02,51,35,70,8,0
30,09,2022,12,02,52,35,70,5,6
30,09,2022,12,02,53,23,43,5,6
30,09,2022,12,02,53,23,43,0,0
30,09,2022,12,03,01,29,43,22,7
30,09,2022,12,03,02,30,66,22,7
30,09,2022,12,03,03,30,66,0,0
30,09,2022,12,03,03,7,47,0,0
30,09,2022,12,03,10,6,45,14,0
30,09,2022,12,03,11,34,61,14,0
30,09,2022,12,03,12,34,61,9,6
30,09,2022,12,03,13,6,38,9,6
30,09,2022,12,03,13,6,38,0,0
30,09,2022,12,03,21,13,36,22,6
30,09,2022,12,03,22,26,59,22,6
30,09,2022,12,03,23,26,59,0,0
30,09,2022,12,03,23,11,44,0,0
30,09,2022,12,03,31,35,56,3,0
30,09,2022,12,03,32,35,56,1,6
30,09,2022,12,03,33,25,42,1,6
30,09,2022,12,03,33,25,42,0,0
30,09,2022,12,03,39,25,31,0,0
30,09,2022,12,03,40,45,33,0,0
30,09,2022,12,03,41,45,33,22,6
30,09,2022,12,03,42,32,57,22,6
30,09,2022,12,03,42,32,57,0,0
30,09,2022,12,03,43,29,40,0,0
30,09,2022,12,03,51,32,57,5,0
30,09,2022,12,03,52,32,57,5,6
30,09,2022,12,03,52,28,41,5,6
30,09,2022,12,03,53,28,41,0,0
30,09,2022,12,04,01,37,39,26,6
30,09,2022,12,04,02,6,58,26,6
30,09,2022,12,04,03,6,58,0,0
30,09,2022,12,04,03,5,35,0,0
30,09,2022,12,04,10,5,32,13,0
30,09,2022,12,04,11,52,57,13,0
30,09,2022,12,04,12,52,57,2,6
30,09,2022,12,04,12,18,36,2,6
30,09,2022,12,04,13,18,36,0,0
30,09,2022,12,04,21,16,30,0,6
30,09,2022,12,04,22,16,49,0,6
30,09,2022,12,04,22,16,49,0,0
30,09,2022,12,04,23,16,37,0,0
30,09,2022,12,04,31,31,53,0,0
30,09,2022,12,04,32,31,53,0,6
30,09,2022,12,04,32,31,37,0,6
30,09,2022,12,04,33,31,37,0,0
30,09,2022,12,04,36,11,31,0,0
30,09,2022,12,04,41,10,30,37,6
30,09,2022,12,04,42,42,50,37,6
30,09,2022,12,04,43,42,50,37,1
30,09,2022,12,04,43,43,36,37,1
30,09,2022,12,04,47,34,33,0,0
30,09,2022,12,04,50,28,32,14,0
30,09,2022,12,04,51,40,57,14,0
30,09,2022,12,04,52,40,57,1,6
30,09,2022,12,04,52,40,39,1,6
30,09,2022,12,04,53,40,39,0,0
30,09,2022,12,04,54,18,32,0,0
30,09,2022,12,05,01,16,29,26,5
30,09,2022,12,05,02,21,55,26,5
30,09,2022,12,05,02,21,55,0,1
30,09,2022,12,05,03,10,38,0,1
30,09,2022,12,05,11,42,57,0,0
30,09,2022,12,05,12,42,57,9,6
30,09,2022,12,05,12,17,32,9,6
30,09,2022,12,05,13,17,32,0,0
30,09,2022,12,05,21,17,25,27,6
30,09,2022,12,05,22,30,48,27,6
30,09,2022,12,05,22,30,48,0,5
30,09,2022,12,05,24,25,40,0,0
30,09,2022,12,05,31,44,35,0,0
30,09,2022,12,05,32,44,35,6,6
30,09,2022,12,05,32,25,49,6,6
30,09,2022,12,05,33,25,49,6,0
30,09,2022,12,05,34,25,29,6,0
30,09,2022,12,05,41,25,27,29,6
30,09,2022,12,05,41,37,51,29,6
30,09,2022,12,05,42,37,51,0,1
30,09,2022,12,05,43,18,40,0,1
30,09,2022,12,05,51,38,55,0,0
30,09,2022,12,05,52,38,55,9,6
30,09,2022,12,05,52,5,55,9,6
30,09,2022,12,05,53,5,55,0,0
30,09,2022,12,05,54,5,36,0,0
30,09,2022,12,06,01,5,33,28,6
30,09,2022,12,06,02,25,33,28,6
30,09,2022,12,06,02,25,33,0,6
30,09,2022,12,06,04,16,39,0,0
30,09,2022,12,06,11,41,63,0,0
30,09,2022,12,06,12,41,63,8,6
30,09,2022,12,06,12,22,53,8,6
30,09,2022,12,06,14,21,40,0,6
30,09,2022,12,06,15,21,40,0,0
30,09,2022,12,06,21,21,37,30,6
30,09,2022,12,06,22,32,56,30,6
30,09,2022,12,06,22,32,56,30,1
30,09,2022,12,06,23,30,37,30,1
30,09,2022,12,06,24,30,37,0,1
30,09,2022,12,06,31,30,57,0,0
30,09,2022,12,06,32,30,57,5,6
30,09,2022,12,06,33,30,59,0,0
30,09,2022,12,06,34,30,44,0,0
30,09,2022,12,06,41,20,42,28,7
30,09,2022,12,06,42,31,67,28,7
30,09,2022,12,06,42,31,67,0,5
30,09,2022,12,06,43,9,43,0,5
30,09,2022,12,06,44,9,43,0,0
30,09,2022,12,06,51,39,70,0,0
30,09,2022,12,06,51,39,70,9,6
30,09,2022,12,06,52,11,54,9,6
30,09,2022,12,06,53,11,54,0,0
30,09,2022,12,07,01,11,51,29,6
30,09,2022,12,07,01,29,65,29,6
30,09,2022,12,07,02,29,65,0,5
30,09,2022,12,07,03,21,43,0,5
30,09,2022,12,07,04,21,43,0,0
30,09,2022,12,07,11,39,71,0,0
30,09,2022,12,07,11,39,71,6,6
30,09,2022,12,07,13,30,75,0,0
30,09,2022,12,07,14,30,48,0,0
30,09,2022,12,07,21,30,44,29,7
30,09,2022,12,07,21,28,75,29,7
30,09,2022,12,07,22,28,75,0,1
30,09,2022,12,07,23,19,48,0,1
30,09,2022,12,07,31,43,81,0,0
30,09,2022,12,07,31,43,81,13,6
30,09,2022,12,07,32,11,71,13,6
30,09,2022,12,07,33,11,71,0,0
30,09,2022,12,07,34,8,0,0,0
30,09,2022,12,07,35,8,49,0,0
30,09,2022,12,07,40,7,48,31,5
30,09,2022,12,07,41,7,79,31,5
30,09,2022,12,07,42,7,79,0,5
30,09,2022,12,07,43,9,53,0,5
30,09,2022,12,07,44,9,53,0,0
30,09,2022,12,07,51,39,85,0,0
30,09,2022,12,07,51,39,85,9,6
30,09,2022,12,07,52,22,70,9,6
30,09,2022,12,07,53,22,70,0,0
30,09,2022,12,07,54,21,48,0,0
30,09,2022,12,08,01,21,46,33,6
30,09,2022,12,08,01,32,78,33,6
30,09,2022,12,08,02,32,78,0,5
30,09,2022,12,08,03,32,58,0,5
30,09,2022,12,08,04,32,58,0,0
30,09,2022,12,08,11,45,89,0,0
30,09,2022,12,08,11,45,89,9,5
30,09,2022,12,08,12,19,76,9,5
30,09,2022,12,08,13,19,76,0,0
30,09,2022,12,08,14,17,50,0,0
30,09,2022,12,08,21,16,48,33,5
30,09,2022,12,08,21,35,74,33,5
30,09,2022,12,08,22,35,74,1,6
30,09,2022,12,08,23,6,54,1,6
30,09,2022,12,08,24,6,54,0,0
30,09,2022,12,08,29,6,43,0,0
30,09,2022,12,08,31,42,80,0,0
30,09,2022,12,08,31,42,80,10,7
30,09,2022,12,08,32,13,81,10,7
30,09,2022,12,08,33,13,81,0,0
30,09,2022,12,08,34,13,53,0,0
30,09,2022,12,08,41,13,51,35,6
30,09,2022,12,08,41,29,78,35,6
30,09,2022,12,08,42,29,78,0,6
30,09,2022,12,08,43,22,50,0,6
30,09,2022,12,08,44,22,50,0,0
30,09,2022,12,08,51,38,84,0,0
30,09,2022,12,08,51,38,84,9,6
30,09,2022,12,08,53,32,79,0,0
30,09,2022,12,08,54,30,49,0,0
30,09,2022,12,09,00,31,47,31,7
30,09,2022,12,09,01,35,77,31,7
30,09,2022,12,09,02,35,77,0,6
30,09,2022,12,09,03,35,58,0,6
30,09,2022,12,09,04,35,58,0,0
30,09,2022,12,09,04,12,54,0,0
30,09,2022,12,09,10,42,87,0,0
30,09,2022,12,09,11,42,87,11,5
30,09,2022,12,09,12,42,74,11,5
30,09,2022,12,09,13,42,74,0,0
30,09,2022,12,09,14,8,44,0,0
30,09,2022,12,09,20,8,42,25,5
30,09,2022,12,09,21,28,70,25,5
30,09,2022,12,09,22,28,70,0,6
30,09,2022,12,09,23,19,55,0,6
30,09,2022,12,09,24,19,55,0,0
30,09,2022,12,09,30,43,78,0,0
30,09,2022,12,09,31,43,78,8,7
30,09,2022,12,09,32,26,73,8,7
30,09,2022,12,09,33,26,73,0,0
30,09,2022,12,09,34,24,50,0,0
30,09,2022,12,09,41,24,47,34,6
30,09,2022,12,09,41,37,66,34,6
30,09,2022,12,09,42,37,66,0,7
30,09,2022,12,09,43,37,53,0,7
30,09,2022,12,09,44,37,53,0,0
30,09,2022,12,09,51,33,50,25,6
30,09,2022,12,09,52,14,71,25,6
30,09,2022,12,09,53,14,71,0,1
30,09,2022,12,09,54,10,45,0,1
30,09,2022,12,10,00,11,42,31,7
30,09,2022,12,10,01,29,70,31,7
30,09,2022,12,10,02,29,70,0,5
30,09,2022,12,10,03,13,50,0,5
30,09,2022,12,10,03,13,50,0,0
30,09,2022,12,10,11,13,47,22,6
30,09,2022,12,10,12,26,63,22,6
30,09,2022,12,10,13,26,63,0,1
30,09,2022,12,10,13,26,40,0,1
30,09,2022,12,10,21,36,62,8,0
30,09,2022,12,10,22,36,62,5,6
30,09,2022,12,10,23,28,60,0,0
30,09,2022,12,10,24,27,34,0,0
30,09,2022,12,10,31,33,32,26,6
30,09,2022,12,10,32,11,58,26,6
30,09,2022,12,10,33,11,58,0,1
30,09,2022,12,10,33,10,40,0,1
30,09,2022,12,10,41,44,63,1,0
30,09,2022,12,10,42,44,63,0,6
30,09,2022,12,10,43,25,44,0,6
30,09,2022,12,10,43,25,44,0,0
30,09,2022,12,10,49,25,33,0,0
30,09,2022,12,10,51,26,38,51,6
30,09,2022,12,10,52,44,62,51,6
30,09,2022,12,10,53,44,62,20,4
30,09,2022,12,10,53,34,39,20,4
30,09,2022,12,10,54,34,39,0,0
30,09,2022,12,11,01,38,53,1,0
30,09,2022,12,11,02,38,53,1,6
30,09,2022,12,11,02,9,39,1,6
30,09,2022,12,11,03,9,39,0,0
30,09,2022,12,11,10,20,35,0,0
30,09,2022,12,11,11,20,35,19,6
30,09,2022,12,11,12,23,49,19,6
30,09,2022,12,11,13,23,49,0,5
30,09,2022,12,11,13,22,38,0,5
30,09,2022,12,11,14,22,38,0,0
30,09,2022,12,11,21,39,48,1,0
30,09,2022,12,11,22,39,48,1,6
30,09,2022,12,11,23,29,51,0,0
30,09,2022,12,11,24,30,32,0,0
30,09,2022,12,11,31,40,34,0,6
30,09,2022,12,11,32,26,54,0,6
30,09,2022,12,11,32,26,54,0,1
30,09,2022,12,11,33,24,22,0,1
30,09,2022,12,11,41,33,57,10,0
30,09,2022,12,11,42,33,57,0,6
30,09,2022,12,11,42,10,33,0,6
30,09,2022,12,11,43,10,33,0,0
30,09,2022,12,11,50,21,32,0,0
30,09,2022,12,11,51,21,32,0,5
30,09,2022,12,11,52,24,45,0,5
30,09,2022,12,11,53,23,32,0,5
30,09,2022,12,11,54,23,32,0,0
30,09,2022,12,12,01,37,42,6,0
30,09,2022,12,12,02,37,42,0,7
30,09,2022,12,12,03,31,33,0,0
30,09,2022,12,12,10,45,32,0,0
30,09,2022,12,12,11,45,32,23,6
30,09,2022,12,12,12,12,47,23,6
30,09,2022,12,12,12,12,47,0,1
30,09,2022,12,12,13,10,27,0,1
30,09,2022,12,12,21,33,53,8,0
30,09,2022,12,12,22,33,53,8,7
30,09,2022,12,12,23,33,52,0,0
30,09,2022,12,12,24,33,27,0,0
30,09,2022,12,12,26,13,25,0,0
30,09,2022,12,12,31,13,24,30,5
30,09,2022,12,12,32,25,24,30,5
30,09,2022,12,12,32,25,24,0,4
30,09,2022,12,12,34,21,34,0,0
30,09,2022,12,12,41,39,48,0,0
30,09,2022,12,12,42,39,48,5,6
30,09,2022,12,12,43,39,41,0,0
30,09,2022,12,12,47,32,30,0,0
30,09,2022,12,12,51,32,30,29,7
30,09,2022,12,12,52,28,58,29,7
30,09,2022,12,12,52,28,58,0,7
30,09,2022,12,12,53,9,38,0,7
30,09,2022,12,12,54,9,38,0,0
30,09,2022,12,13,01,40,62,0,0
30,09,2022,12,13,02,40,62,11,5
30,09,2022,12,13,02,10,62,11,5
30,09,2022,12,13,03,10,62,0,0
30,09,2022,12,13,04,10,34,0,0
30,09,2022,12,13,11,9,32,29,6
30,09,2022,12,13,12,25,55,29,6
30,09,2022,12,13,12,25,55,0,6
30,09,2022,12,13,13,22,42,0,6
30,09,2022,12,13,14,22,42,0,0
30,09,2022,12,13,21,39,56,0,0
30,09,2022,12,13,22,39,56,5,7
30,09,2022,12,13,23,33,59,0,0
30,09,2022,12,13,24,33,40,0,0
30,09,2022,12,13,31,33,38,30,6
30,09,2022,12,13,32,11,66,30,6
30,09,2022,12,13,32,11,66,0,5
30,09,2022,12,13,33,8,46,0,5
30,09,2022,12,13,34,8,46,0,0
30,09,2022,12,13,41,41,65,0,0
30,09,2022,12,13,41,41,65,8,5
30,09,2022,12,13,42,11,59,8,5
30,09,2022,12,13,43,11,59,0,0
30,09,2022,12,13,44,10,41,0,0
30,09,2022,12,13,51,10,38,30,7
30,09,2022,12,13,52,30,60,30,7
30,09,2022,12,13,52,30,60,0,7
30,09,2022,12,13,53,23,42,0,7
30,09,2022,12,13,54,23,42,0,0
30,09,2022,12,14,01,40,71,0,0
30,09,2022,12,14,02,40,71,4,6
30,09,2022,12,14,02,29,51,4,6
30,09,2022,12,14,03,29,51,0,0
30,09,2022,12,14,11,28,45,27,7
30,09,2022,12,14,12,16,69,27,7
30,09,2022,12,14,12,16,69,0,6
30,09,2022,12,14,13,12,54,0,6
30,09,2022,12,14,14,12,54,0,0
30,09,2022,12,14,21,46,45,0,0
30,09,2022,12,14,22,46,45,10,6
30,09,2022,12,14,22,21,66,10,6
30,09,2022,12,14,23,21,66,10,0
30,09,2022,12,14,24,21,51,10,0
30,09,2022,12,14,31,21,49,31,6
30,09,2022,12,14,32,36,69,31,6
30,09,2022,12,14,32,36,69,0,6
30,09,2022,12,14,33,30,47,0,6
30,09,2022,12,14,34,30,47,0,0
30,09,2022,12,14,42,39,43,6,6
30,09,2022,12,14,42,24,70,6,6
30,09,2022,12,14,45,23,70,0,0
30,09,2022,12,14,45,23,42,0,0
30,09,2022,12,14,51,23,41,27,0
30,09,2022,12,14,51,27,74,27,0
30,09,2022,12,14,52,27,74,0,6
30,09,2022,12,14,53,12,59,0,6
30,09,2022,12,14,54,12,59,0,0
30,09,2022,12,15,01,42,81,0,0
30,09,2022,12,15,01,42,81,10,6
30,09,2022,12,15,02,21,72,10,6
30,09,2022,12,15,04,20,52,0,6
30,09,2022,12,15,05,20,52,0,0
30,09,2022,12,15,11,20,50,142,19
30,09,2022,12,15,11,56,85,142,19
30,09,2022,12,15,12,56,85,74,19
30,09,2022,12,15,14,49,83,48,18
30,09,2022,12,15,15,42,84,8,17
30,09,2022,12,15,16,25,78,8,17
30,09,2022,12,15,18,23,75,0,6
30,09,2022,12,15,19,23,61,0,6
30,09,2022,12,15,21,76,78,0,6
30,09,2022,12,15,21,76,78,149,30
30,09,2022,12,15,22,55,74,149,30
30,09,2022,12,15,23,55,74,72,30
30,09,2022,12,15,25,45,69,11,30
30,09,2022,12,15,26,45,67,0,18
30,09,2022,12,15,27,30,60,0,18
30,09,2022,12,15,31,28,65,141,30
30,09,2022,12,15,31,76,74,141,30
30,09,2022,12,15,32,76,74,76,30
30,09,2022,12,15,33,49,82,76,30
30,09,2022,12,15,34,49,82,35,30
30,09,2022,12,15,35,36,93,35,30
30,09,2022,12,15,35,36,93,8,29
30,09,2022,12,15,36,13,96,8,29
30,09,2022,12,15,40,12,86,0,19
30,09,2022,12,15,41,75,82,0,19
30,09,2022,12,15,41,75,82,132,30
30,09,2022,12,15,42,54,79,132,30
30,09,2022,12,15,43,54,79,55,30
30,09,2022,12,15,44,47,67,55,30
30,09,2022,12,15,45,47,67,36,30
30,09,2022,12,15,45,27,68,36,30
30,09,2022,12,15,46,27,68,0,31
30,09,2022,12,15,51,19,73,145,29
30,09,2022,12,15,51,75,81,145,29
30,09,2022,12,15,52,75,81,123,30
30,09,2022,12,15,53,49,91,123,30
30,09,2022,12,15,54,49,91,8,30
30,09,2022,12,15,55,29,97,8,30
30,09,2022,12,15,56,6,94,8,30
30,09,2022,12,15,59,5,78,0,31
30,09,2022,12,16,01,75,93,0,30
30,09,2022,12,16,01,75,93,0,60
30,09,2022,12,16,02,54,66,0,60
30,09,2022,12,16,03,54,66,53,31
30,09,2022,12,16,05,44,66,27,31
30,09,2022,12,16,05,21,67,27,31
30,09,2022,12,16,06,21,67,0,31
30,09,2022,12,16,08,14,84,0,29
30,09,2022,12,16,11,14,93,145,59
30,09,2022,12,16,11,75,110,145,59
30,09,2022,12,16,12,75,110,133,56
30,09,2022,12,16,13,60,84,133,56
30,09,2022,12,16,14,60,84,75,56
30,09,2022,12,16,14,47,76,75,56
30,09,2022,12,16,15,47,76,47,30
30,09,2022,12,16,18,15,65,47,30
30,09,2022,12,16,18,15,65,0,31
30,09,2022,12,16,21,75,62,0,31
30,09,2022,12,16,21,75,62,78,59
30,09,2022,12,16,22,57,94,78,59
30,09,2022,12,16,23,57,94,54,31
30,09,2022,12,16,24,50,82,54,31
30,09,2022,12,16,24,50,82,35,31
30,09,2022,12,16,25,35,87,35,31
30,09,2022,12,16,26,35,87,0,30
30,09,2022,12,16,30,26,74,0,29
30,09,2022,12,16,31,26,74,140,59
30,09,2022,12,16,31,56,84,140,59
30,09,2022,12,16,32,56,84,74,61
30,09,2022,12,16,33,49,59,74,61
30,09,2022,12,16,33,49,59,24,30
30,09,2022,12,16,34,5,66,24,30
30,09,2022,12,16,35,5,66,0,30
30,09,2022,12,16,39,5,83,0,31
30,09,2022,12,16,41,55,111,0,30
30,09,2022,12,16,41,55,111,74,60
30,09,2022,12,16,43,51,101,55,29
30,09,2022,12,16,44,40,74,55,29
30,09,2022,12,16,44,40,74,27,30
30,09,2022,12,16,46,36,68,5,30
30,09,2022,12,16,51,28,62,137,58
30,09,2022,12,16,51,57,90,137,58
30,09,2022,12,16,52,57,90,74,61
30,09,2022,12,16,53,46,81,74,61
30,09,2022,12,16,53,46,81,47,31
30,09,2022,12,16,55,40,80,24,30
30,09,2022,12,16,57,31,79,0,29
30,09,2022,12,16,57,10,76,0,29
30,09,2022,12,17,01,75,86,0,30
30,09,2022,12,17,01,75,86,0,60
30,09,2022,12,17,03,76,79,74,60
30,09,2022,12,17,04,53,61,74,60
30,09,2022,12,17,04,53,61,1,31
30,09,2022,12,17,05,5,63,1,31
30,09,2022,12,17,08,5,75,0,31
30,09,2022,12,17,10,5,77,137,58
30,09,2022,12,17,11,78,99,137,58
30,09,2022,12,17,12,78,99,77,55
30,09,2022,12,17,13,46,73,77,55
30,09,2022,12,17,14,46,73,31,31
30,09,2022,12,17,16,29,58,27,30
30,09,2022,12,17,17,29,58,0,30
30,09,2022,12,17,21,36,72,0,29
30,09,2022,12,17,21,36,72,74,61
30,09,2022,12,17,22,54,89,74,61
30,09,2022,12,17,23,54,89,75,30
30,09,2022,12,17,24,55,73,75,30
30,09,2022,12,17,26,46,79,47,29
30,09,2022,12,17,27,46,79,8,30
30,09,2022,12,17,28,17,79,8,30
30,09,2022,12,17,30,17,60,0,30
30,09,2022,12,17,30,17,60,21,32
30,09,2022,12,17,31,68,78,21,32
30,09,2022,12,17,32,68,78,54,53
30,09,2022,12,17,33,38,58,54,53
30,09,2022,12,17,34,38,58,0,30
30,09,2022,12,17,34,13,58,0,30
30,09,2022,12,17,39,12,69,0,31
30,09,2022,12,17,41,35,78,0,30
30,09,2022,12,17,41,35,78,126,62
30,09,2022,12,17,42,53,93,126,62
30,09,2022,12,17,43,53,93,56,31
30,09,2022,12,17,44,46,66,56,31
30,09,2022,12,17,44,46,66,37,31
30,09,2022,12,17,45,29,61,37,31
30,09,2022,12,17,46,29,61,7,29
30,09,2022,12,17,48,12,56,6,30
30,09,2022,12,17,51,10,56,45,38
30,09,2022,12,17,51,75,80,45,38
30,09,2022,12,17,52,75,80,74,50
30,09,2022,12,17,53,53,66,74,50
30,09,2022,12,17,54,53,66,66,29
30,09,2022,12,17,54,26,74,66,29
30,09,2022,12,17,55,26,74,0,30
30,09,2022,12,18,00,48,72,0,31
30,09,2022,12,18,01,48,72,149,60
30,09,2022,12,18,02,53,55,149,60
30,09,2022,12,18,03,53,55,55,29
30,09,2022,12,18,07,43,56,10,31
30,09,2022,12,18,10,25,66,0,29
30,09,2022,12,18,15,18,60,0,18
30,09,2022,12,18,20,25,48,0,18
30,09,2022,12,18,21,25,48,74,18
30,09,2022,12,18,22,48,45,74,18
30,09,2022,12,18,24,39,46,6,14
30,09,2022,12,18,26,30,39,0,6
30,09,2022,12,18,31,42,37,5,6
30,09,2022,12,18,32,42,37,28,7
30,09,2022,12,18,34,26,44,28,7
30,09,2022,12,18,37,27,44,0,6
30,09,2022,12,18,41,25,41,29,5
30,09,2022,12,18,43,28,37,0,6
30,09,2022,12,18,52,37,39,25,5
30,09,2022,12,18,53,42,22,25,5
30,09,2022,12,18,53,42,22,25,0
30,09,2022,12,19,01,34,14,50,0
30,09,2022,12,19,02,45,110,50,0
30,09,2022,12,19,06,36,102,0,0
30,09,2022,12,19,06,17,100,0,0
30,09,2022,12,19,11,16,138,0,0
30,09,2022,12,19,12,16,138,8,5
30,09,2022,12,19,13,22,107,8,5
30,09,2022,12,19,13,22,107,10,0
30,09,2022,12,19,19,44,100,16,0
30,09,2022,12,19,20,44,100,34,0
30,09,2022,12,19,20,31,106,34,0
30,09,2022,12,19,21,31,106,22,5
30,09,2022,12,19,23,26,108,0,0
30,09,2022,12,19,30,26,97,0,0
30,09,2022,12,19,31,26,131,6,0
30,09,2022,12,19,33,14,131,0,0
30,09,2022,12,19,34,13,100,0,0
30,09,2022,12,19,40,26,99,0,0
30,09,2022,12,19,41,26,99,7,5
30,09,2022,12,19,42,24,108,0,0
30,09,2022,12,19,45,23,95,0,0
30,09,2022,12,19,51,25,126,0,0
30,09,2022,12,19,52,25,126,7,4
30,09,2022,12,19,52,8,101,7,4
30,09,2022,12,19,53,8,101,0,0
30,09,2022,12,20,01,8,93,0,5
30,09,2022,12,20,02,29,93,0,5
30,09,2022,12,20,03,29,93,0,0
30,09,2022,12,20,11,60,126,0,0
30,09,2022,12,20,12,60,126,55,0
30,09,2022,12,20,13,45,98,55,0
30,09,2022,12,20,14,33,94,55,0
30,09,2022,12,20,15,33,94,0,0
30,09,2022,12,20,17,14,92,0,0
30,09,2022,12,20,21,14,90,28,5
30,09,2022,12,20,22,39,120,28,5
30,09,2022,12,20,22,39,120,27,0
30,09,2022,12,20,23,38,95,27,0
30,09,2022,12,20,29,29,89,0,0
30,09,2022,12,20,29,8,89,0,0
30,09,2022,12,20,31,35,123,0,0
30,09,2022,12,20,32,35,123,0,4
30,09,2022,12,20,32,27,101,0,4
30,09,2022,12,20,33,27,101,0,0
30,09,2022,12,20,41,25,93,76,6
30,09,2022,12,20,42,25,122,76,6
30,09,2022,12,20,43,25,122,46,0
30,09,2022,12,20,43,39,95,46,0
30,09,2022,12,20,44,39,95,7,0
30,09,2022,12,20,46,21,92,0,0
30,09,2022,12,20,51,39,126,0,0
30,09,2022,12,20,52,39,126,29,5
30,09,2022,12,20,52,39,100,29,5
30,09,2022,12,20,53,39,100,21,0
30,09,2022,12,20,54,26,96,21,0
30,09,2022,12,20,55,26,96,0,0
30,09,2022,12,21,01,24,91,33,5
30,09,2022,12,21,02,29,107,33,5
30,09,2022,12,21,02,29,107,6,0
30,09,2022,12,21,05,23,96,0,0
30,09,2022,12,21,11,34,123,0,0
30,09,2022,12,21,12,34,123,7,5
30,09,2022,12,21,13,15,99,7,5
30,09,2022,12,21,13,15,99,0,0
30,09,2022,12,21,21,14,89,35,5
30,09,2022,12,21,22,41,122,35,5
30,09,2022,12,21,22,41,122,36,0
30,09,2022,12,21,23,42,101,36,0
30,09,2022,12,21,27,36,97,0,0
30,09,2022,12,21,28,17,96,0,0
30,09,2022,12,21,31,30,123,0,0
30,09,2022,12,21,32,30,123,8,5
30,09,2022,12,21,32,26,99,8,5
30,09,2022,12,21,33,26,99,0,0
30,09,2022,12,21,41,21,90,25,5
30,09,2022,12,21,41,22,121,25,5
30,09,2022,12,21,42,22,121,0,0
30,09,2022,12,21,43,17,98,0,0
30,09,2022,12,21,51,36,123,0,0
30,09,2022,12,21,52,24,101,0,0
30,09,2022,12,22,01,24,95,22,5
30,09,2022,12,22,02,9,126,22,5
30,09,2022,12,22,02,9,126,0,0
30,09,2022,12,22,03,6,103,0,0
30,09,2022,12,22,11,37,118,0,0
30,09,2022,12,22,12,25,101,0,0
30,09,2022,12,22,21,25,93,23,4
30,09,2022,12,22,22,31,122,23,4
30,09,2022,12,22,22,31,122,0,0
30,09,2022,12,22,23,7,99,0,0
30,09,2022,12,22,31,40,125,0,0
30,09,2022,12,22,32,40,125,5,5
30,09,2022,12,22,32,23,101,5,5
30,09,2022,12,22,33,23,101,0,0
30,09,2022,12,22,41,23,94,24,5
30,09,2022,12,22,42,39,122,24,5
30,09,2022,12,22,42,39,122,0,0
30,09,2022,12,22,43,32,101,0,0
30,09,2022,12,22,51,45,130,0,0
30,09,2022,12,22,51,45,130,5,4
30,09,2022,12,22,52,22,104,5,4
30,09,2022,12,22,55,21,100,0,0
30,09,2022,12,23,01,21,97,39,6
30,09,2022,12,23,01,50,121,39,6
30,09,2022,12,23,02,50,121,50,0
30,09,2022,12,23,03,46,102,50,0
30,09,2022,12,23,04,46,102,29,0
30,09,2022,12,23,04,29,99,29,0
30,09,2022,12,23,05,29,99,0,0
30,09,2022,12,23,06,8,98,0,0
30,09,2022,12,23,11,56,129,0,0
30,09,2022,12,23,11,56,129,69,5
30,09,2022,12,23,12,50,112,69,5
30,09,2022,12,23,13,50,112,47,0
30,09,2022,12,23,15,40,106,6,0
30,09,2022,12,23,15,25,104,6,0
30,09,2022,12,23,21,24,101,21,5
30,09,2022,12,23,22,32,101,0,0
30,09,2022,12,23,23,8,99,0,0
30,09,2022,12,23,31,41,131,0,0
30,09,2022,12,23,31,41,131,5,4
30,09,2022,12,23,32,22,97,5,4
30,09,2022,12,23,33,22,97,0,0
30,09,2022,12,23,41,22,91,26,4
30,09,2022,12,23,41,36,120,26,4
30,09,2022,12,23,42,36,120,0,0
30,09,2022,12,23,43,11,99,0,0
30,09,2022,12,23,51,58,129,0,0
30,09,2022,12,23,51,58,129,56,6
30,09,2022,12,23,52,51,102,56,6
30,09,2022,12,23,53,51,102,56,0
30,09,2022,12,23,54,28,97,56,0
30,09,2022,12,23,54,28,97,8,0
30,09,2022,12,23,55,12,96,8,0
30,09,2022,12,24,00,10,95,23,4
30,09,2022,12,24,01,37,117,23,4
30,09,2022,12,24,02,37,117,27,0
30,09,2022,12,24,03,41,97,27,0
30,09,2022,12,24,08,35,94,0,0
30,09,2022,12,24,09,18,93,0,0
30,09,2022,12,24,11,57,125,0,0
30,09,2022,12,24,11,57,125,56,5
30,09,2022,12,24,12,48,101,56,5
30,09,2022,12,24,13,48,101,35,5
30,09,2022,12,24,14,23,96,35,5
30,09,2022,12,24,15,23,96,0,0
30,09,2022,12,24,21,18,93,25,4
30,09,2022,12,24,21,30,120,25,4
30,09,2022,12,24,22,30,120,0,0
30,09,2022,12,24,23,31,98,0,0
30,09,2022,12,24,31,40,129,0,0
30,09,2022,12,24,31,40,129,26,5
