16,02,2023,10,45,53,300.000,103.000,0.000,20.000,20.000,0.000,CCW
16,02,2023,10,45,54,300.000,106.000,0.000,20.000,20.000,0.000,CCW
16,02,2023,10,45,55,300.000,109.000,0.000,20.000,20.000,0.000,CCW
16,02,2023,10,45,56,300.000,112.000,0.000,20.000,20.000,0.000,CCW
16,02,2023,10,45,57,300.000,115.000,0.000,20.000,20.000,0.000,CCW
16,02,2023,10,45,58,290.000,118.000,0.000,15.000,15.000,0.000,CCW
16,02,2023,10,45,59,290.000,121.000,0.000,15.000,15.000,0.000,CCW
16,02,2023,10,46,00,290.000,124.000,0.000,15.000,15.000,0.000,CCW
16,02,2023,10,46,01,290.000,127.000,0.000,15.000,15.000,0.000,CCW
16,02,2023,10,46,02,290.000,130.000,0.000,15.000,15.000,0.000,CCW
16,02,2023,10,46,03,290.000,133.000,0.000,15.000,15.000,0.000,CCW
16,02,2023,10,46,04,290.000,136.000,0.000,15.000,15.000,0.000,CCW
16,02,2023,10,46,05,290.000,139.000,0.000,15.000,15.000,0.000,CCW
16,02,2023,10,46,06,290.000,142.000,0.000,15.000,15.000,0.000,CCW
16,02,2023,10,46,07,290.000,145.000,0.000,15.000,15.000,0.000,CCW
16,02,2023,10,46,08,290.000,148.000,0.000,15.000,15.000,0.000,CCW
16,02,2023,10,46,09,290.000,151.000,0.000,15.000,15.000,0.000,CCW
16,02,2023,10,46,10,290.000,154.000,0.000,15.000,15.000,0.000,CCW
16,02,2023,10,46,11,290.000,157.000,0.000,15.000,15.000,0.000,CCW
16,02,2023,10,46,12,290.000,160.000,0.000,15.000,15.000,0.000,CCW
16,02,2023,10,46,13,290.000,163.000,0.000,15.000,15.000,0.000,CCW
16,02,2023,10,46,14,290.000,166.000,0.000,15.000,15.000,0.000,CCW
16,02,2023,10,46,15,290.000,169.000,0.000,15.000,15.000,0.000,CCW
16,02,2023,10,46,16,290.000,172.000,0.000,15.000,15.000,0.000,CCW
16,02,2023,10,46,17,290.000,175.000,0.000,15.000,15.000,0.000,CCW
16,02,2023,10,46,18,290.000,178.000,0.000,15.000,15.000,0.000,CCW
16,02,2023,10,46,19,290.000,181.000,0.000,15.000,15.000,0.000,CCW
16,02,2023,10,46,20,290.000,184.000,0.000,15.000,15.000,0.000,CCW
16,02,2023,10,46,21,290.000,187.000,0.000,15.000,15.000,0.000,CCW
16,02,2023,10,46,22,290.000,190.000,0.000,15.000,15.000,0.000,CCW
16,02,2023,10,46,23,290.000,193.000,0.000,15.000,15.000,0.000,CCW
16,02,2023,10,46,24,290.000,196.000,0.000,15.000,15.000,0.000,CCW
16,02,2023,10,46,25,290.000,199.000,0.000,15.000,15.000,0.000,CCW
16,02,2023,10,46,26,290.000,202.000,0.000,15.000,15.000,0.000,CCW
16,02,2023,10,46,27,290.000,205.000,0.000,15.000,15.000,0.000,CCW
16,02,2023,10,46,28,290.000,208.000,0.000,15.000,15.000,0.000,CCW
16,02,2023,10,46,29,290.000,211.000,0.000,15.000,15.000,0.000,CCW
16,02,2023,10,46,30,290.000,214.000,0.000,15.000,15.000,0.000,CCW
16,02,2023,10,46,31,290.000,217.000,0.000,15.000,15.000,0.000,CCW
16,02,2023,10,46,32,290.000,220.000,0.000,15.000,15.000,0.000,CCW
16,02,2023,10,46,33,290.000,223.000,0.000,15.000,15.000,0.000,CCW
16,02,2023,10,46,34,290.000,226.000,0.000,15.000,15.000,0.000,CCW
16,02,2023,10,46,35,290.000,229.000,0.000,15.000,15.000,0.000,CCW
16,02,2023,10,46,36,290.000,232.000,0.000,15.000,15.000,0.000,CCW
16,02,2023,10,46,37,290.000,235.000,0.000,15.000,15.000,0.000,CCW
16,02,2023,10,46,38,290.000,238.000,0.000,15.000,15.000,0.000,CCW
16,02,2023,10,46,39,290.000,241.000,0.000,15.000,15.000,0.000,CCW
16,02,2023,10,46,40,290.000,244.000,0.000,15.000,15.000,0.000,CCW
16,02,2023,10,46,41,290.000,247.000,0.000,15.000,15.000,0.000,CCW
16,02,2023,10,46,42,290.000,250.000,0.000,15.000,15.000,0.000,CCW
16,02,2023,10,46,43,290.000,253.000,0.000,15.000,15.000,0.000,CCW
16,02,2023,10,46,44,290.000,256.000,0.000,15.000,15.000,0.000,CCW
16,02,2023,10,46,45,290.000,259.000,0.000,15.000,15.000,0.000,CCW
16,02,2023,10,46,46,290.000,262.000,0.000,15.000,15.000,0.000,CCW
16,02,2023,10,46,47,290.000,265.000,0.000,15.000,15.000,0.000,CCW
16,02,2023,10,46,48,290.000,268.000,0.000,15.000,15.000,0.000,CCW
16,02,2023,10,46,49,290.000,271.000,0.000,15.000,15.000,0.000,CCW
16,02,2023,10,46,50,290.000,274.000,0.000,15.000,15.000,0.000,CCW
16,02,2023,10,46,51,290.000,277.000,0.000,15.000,15.000,0.000,CCW
16,02,2023,10,46,52,290.000,280.000,0.000,15.000,15.000,0.000,CCW
16,02,2023,10,46,53,290.000,283.000,0.000,15.000,15.000,0.000,CCW
16,02,2023,10,46,54,290.000,286.000,0.000,15.000,15.000,0.000,CCW
16,02,2023,10,46,55,290.000,289.000,0.000,15.000,15.000,0.000,CCW
16,02,2023,10,46,56,290.000,290.000,0.000,15.000,15.000,0.000,CCW
16,02,2023,10,46,57,290.000,290.000,0.000,15.000,15.000,0.000,CCW
16,02,2023,10,46,58,290.000,290.000,0.000,15.000,15.000,0.000,CCW
16,02,2023,10,46,59,291.000,291.000,0.000,15.000,15.000,0.000,CCW
16,02,2023,10,47,00,292.000,292.000,0.000,15.000,15.000,0.000,CCW
16,02,2023,10,47,01,293.000,293.000,0.000,15.000,15.000,0.000,CCW
16,02,2023,10,47,02,294.000,294.000,0.000,15.000,15.000,0.000,CCW
16,02,2023,10,47,03,295.000,295.000,0.000,15.000,15.000,0.000,CCW
16,02,2023,10,47,04,296.000,296.000,0.000,15.000,15.000,0.000,CCW
16,02,2023,10,47,05,297.000,297.000,0.000,15.000,15.000,0.000,CCW
16,02,2023,10,47,06,298.000,298.000,0.000,15.000,15.000,0.000,CCW
16,02,2023,10,47,07,299.000,299.000,0.000,15.000,15.000,0.000,CCW
16,02,2023,10,47,08,300.000,300.000,0.000,15.000,15.000,0.000,CCW
16,02,2023,10,47,09,301.000,301.000,0.000,15.000,15.000,0.000,CCW
16,02,2023,10,47,10,302.000,302.000,0.000,15.000,15.000,0.000,CCW
16,02,2023,10,47,11,303.000,303.000,0.000,15.000,15.000,0.000,CCW
16,02,2023,10,47,12,304.000,304.000,0.000,15.000,15.000,0.000,CCW
16,02,2023,10,47,13,305.000,305.000,0.000,15.000,15.000,0.000,CCW
16,02,2023,10,47,14,306.000,306.000,0.000,15.000,15.000,0.000,CCW
16,02,2023,10,47,15,307.000,307.000,0.000,15.000,15.000,0.000,CCW
16,02,2023,10,47,16,308.000,308.000,0.000,15.000,15.000,0.000,CCW
16,02,2023,10,47,17,309.000,309.000,0.000,15.000,15.000,0.000,CCW
16,02,2023,10,47,18,310.000,310.000,0.000,15.000,15.000,0.000,CCW
16,02,2023,10,47,19,310.000,310.000,0.000,15.500,15.500,0.000,CCW
16,02,2023,10,47,20,309.000,309.000,0.000,15.500,15.500,0.000,CCW
16,02,2023,10,47,21,308.000,308.000,0.000,15.500,15.500,0.000,CCW
16,02,2023,10,47,22,307.000,307.000,0.000,15.500,15.500,0.000,CCW
16,02,2023,10,47,23,306.000,306.000,0.000,15.500,15.500,0.000,CCW
16,02,2023,10,47,24,305.000,305.000,0.000,15.500,15.500,0.000,CCW
16,02,2023,10,47,25,304.000,304.000,0.000,15.500,15.500,0.000,CCW
16,02,2023,10,47,26,303.000,303.000,0.000,15.500,15.500,0.000,CCW
16,02,2023,10,47,27,302.000,302.000,0.000,15.500,15.500,0.000,CCW
16,02,2023,10,47,28,301.000,301.000,0.000,15.500,15.500,0.000,CCW
16,02,2023,10,47,29,300.000,300.000,0.000,15.500,15.500,0.000,CCW
16,02,2023,10,47,30,299.000,299.000,0.000,15.500,15.500,0.000,CCW
16,02,2023,10,47,31,298.000,298.000,0.000,15.500,15.500,0.000,CCW
16,02,2023,10,47,32,297.000,297.000,0.000,15.500,15.500,0.000,CCW
16,02,2023,10,47,33,296.000,296.000,0.000,15.500,15.500,0.000,CCW
16,02,2023,10,47,34,295.000,295.000,0.000,15.500,15.500,0.000,CCW
16,02,2023,10,47,35,294.000,294.000,0.000,15.500,15.500,0.000,CCW
16,02,2023,10,47,36,293.000,293.000,0.000,15.500,15.500,0.000,CCW
16,02,2023,10,47,37,292.000,292.000,0.000,15.500,15.500,0.000,CCW
16,02,2023,10,47,38,291.000,291.000,0.000,15.500,15.500,0.000,CCW
16,02,2023,10,47,39,290.000,290.000,0.000,15.500,15.500,0.000,CCW
16,02,2023,10,47,40,290.000,290.000,0.000,16.000,16.000,0.000,CCW
16,02,2023,10,47,41,291.000,291.000,0.000,16.000,16.000,0.000,CCW
16,02,2023,10,47,42,292.000,292.000,0.000,16.000,16.000,0.000,CCW
16,02,2023,10,47,43,293.000,293.000,0.000,16.000,16.000,0.000,CCW
16,02,2023,10,47,45,294.000,294.000,0.000,16.000,16.000,0.000,CCW
16,02,2023,10,47,46,295.000,295.000,0.000,16.000,16.000,0.000,CCW
16,02,2023,10,47,47,296.000,296.000,0.000,16.000,16.000,0.000,CCW
16,02,2023,10,47,48,297.000,297.000,0.000,16.000,16.000,0.000,CCW
16,02,2023,10,47,49,298.000,298.000,0.000,16.000,16.000,0.000,CCW
16,02,2023,10,47,50,299.000,299.000,0.000,16.000,16.000,0.000,CCW
16,02,2023,10,47,51,300.000,300.000,0.000,16.000,16.000,0.000,CCW
16,02,2023,10,47,52,301.000,301.000,0.000,16.000,16.000,0.000,CCW
16,02,2023,10,47,53,302.000,302.000,0.000,16.000,16.000,0.000,CCW
16,02,2023,10,47,54,303.000,303.000,0.000,16.000,16.000,0.000,CCW
16,02,2023,10,47,55,304.000,304.000,0.000,16.000,16.000,0.000,CCW
16,02,2023,10,47,56,305.000,305.000,0.000,16.000,16.000,0.000,CCW
16,02,2023,10,47,57,306.000,306.000,0.000,16.000,16.000,0.000,CCW
16,02,2023,10,47,58,307.000,307.000,0.000,16.000,16.000,0.000,CCW
16,02,2023,10,47,59,308.000,308.000,0.000,16.000,16.000,0.000,CCW
16,02,2023,10,48,00,309.000,309.000,0.000,16.000,16.000,0.000,CCW
16,02,2023,10,48,01,310.000,310.000,0.000,16.000,16.000,0.000,CCW
16,02,2023,10,48,02,310.000,310.000,0.000,16.500,16.500,0.000,CCW
16,02,2023,10,48,03,309.000,309.000,0.000,16.500,16.500,0.000,CCW
16,02,2023,10,48,04,308.000,308.000,0.000,16.500,16.500,0.000,CCW
16,02,2023,10,48,05,307.000,307.000,0.000,16.500,16.500,0.000,CCW
16,02,2023,10,48,06,306.000,306.000,0.000,16.500,16.500,0.000,CCW
16,02,2023,10,48,07,305.000,305.000,0.000,16.500,16.500,0.000,CCW
16,02,2023,10,48,08,304.000,304.000,0.000,16.500,16.500,0.000,CCW
16,02,2023,10,48,09,303.000,303.000,0.000,16.500,16.500,0.000,CCW
16,02,2023,10,48,10,302.000,302.000,0.000,16.500,16.500,0.000,CCW
16,02,2023,10,48,11,301.000,301.000,0.000,16.500,16.500,0.000,CCW
16,02,2023,10,48,12,300.000,300.000,0.000,16.500,16.500,0.000,CCW
16,02,2023,10,48,13,299.000,299.000,0.000,16.500,16.500,0.000,CCW
16,02,2023,10,48,14,298.000,298.000,0.000,16.500,16.500,0.000,CCW
16,02,2023,10,48,15,297.000,297.000,0.000,16.500,16.500,0.000,CCW
16,02,2023,10,48,16,296.000,296.000,0.000,16.500,16.500,0.000,CCW
16,02,2023,10,48,17,295.000,295.000,0.000,16.500,16.500,0.000,CCW
16,02,2023,10,48,18,294.000,294.000,0.000,16.500,16.500,0.000,CCW
16,02,2023,10,48,19,293.000,293.000,0.000,16.500,16.500,0.000,CCW
16,02,2023,10,48,20,292.000,292.000,0.000,16.500,16.500,0.000,CCW
16,02,2023,10,48,21,291.000,291.000,0.000,16.500,16.500,0.000,CCW
16,02,2023,10,48,22,290.000,290.000,0.000,16.500,16.500,0.000,CCW
16,02,2023,10,48,23,290.000,290.000,0.000,17.000,17.000,0.000,CCW
16,02,2023,10,48,24,291.000,291.000,0.000,17.000,17.000,0.000,CCW
