28,09,2022,12,32,55,0.000,134.860,134.860,0.000,49.929,49.929,CCW
28,09,2022,12,33,08,0.000,134.755,134.755,0.000,49.929,49.929,CCW
28,09,2022,12,33,22,12.028,134.932,134.932,40.271,49.865,49.865,CCW
28,09,2022,12,33,22,12.028,135.820,135.820,40.271,49.592,49.592,CCW
28,09,2022,12,33,23,12.028,136.638,136.638,40.271,49.305,49.305,CCW
28,09,2022,12,33,23,12.028,137.402,137.402,40.271,49.023,49.023,CCW
28,09,2022,12,33,23,12.028,138.114,138.114,40.271,48.746,48.746,CCW
28,09,2022,12,33,23,12.028,138.762,138.762,40.271,48.473,48.473,CCW
28,09,2022,12,33,24,12.028,139.478,139.478,40.271,48.199,48.199,CCW
28,09,2022,12,33,24,12.028,140.257,140.257,40.271,47.924,47.924,CCW
28,09,2022,12,33,24,12.028,141.032,141.032,40.271,47.650,47.650,CCW
28,09,2022,12,33,24,12.028,141.787,141.787,40.271,47.466,47.466,CCW
28,09,2022,12,33,25,12.028,142.546,142.546,40.271,47.460,47.460,CCW
28,09,2022,12,33,25,12.028,143.306,143.306,40.271,47.458,47.458,CCW
28,09,2022,12,33,25,12.028,144.056,144.056,40.271,47.458,47.458,CCW
28,09,2022,12,33,25,12.028,144.821,144.821,40.271,47.458,47.458,CCW
28,09,2022,12,33,26,12.028,145.582,145.582,40.271,47.457,47.457,CCW
28,09,2022,12,33,26,12.028,146.341,146.341,40.271,47.457,47.457,CCW
28,09,2022,12,33,26,12.028,147.089,147.089,40.271,47.457,47.457,CCW
28,09,2022,12,33,26,12.028,147.853,147.853,40.271,47.457,47.457,CCW
28,09,2022,12,33,27,12.028,148.615,148.615,40.271,47.457,47.457,CCW
28,09,2022,12,33,27,12.028,149.370,149.370,40.271,47.457,47.457,CCW
28,09,2022,12,33,27,12.028,150.110,150.110,40.271,47.456,47.456,CCW
28,09,2022,12,33,27,12.028,150.851,150.851,40.271,47.456,47.456,CCW
28,09,2022,12,33,28,12.028,151.604,151.604,40.271,47.456,47.456,CCW
28,09,2022,12,33,28,12.028,152.366,152.366,40.271,47.456,47.456,CCW
28,09,2022,12,33,28,12.028,153.148,153.148,40.271,47.456,47.456,CCW
28,09,2022,12,33,28,12.028,153.924,153.924,40.271,47.456,47.456,CCW
28,09,2022,12,33,29,12.028,154.693,154.693,40.271,47.456,47.456,CCW
28,09,2022,12,33,29,12.028,155.428,155.428,40.271,47.456,47.456,CCW
28,09,2022,12,33,29,12.028,156.187,156.187,40.271,47.456,47.456,CCW
28,09,2022,12,33,29,12.028,156.948,156.948,40.271,47.456,47.456,CCW
28,09,2022,12,33,30,12.028,157.697,157.697,40.271,47.456,47.456,CCW
28,09,2022,12,33,30,12.028,158.458,158.458,40.271,47.456,47.456,CCW
28,09,2022,12,33,30,12.028,159.204,159.204,40.271,47.456,47.456,CCW
28,09,2022,12,33,30,12.028,159.987,159.987,40.271,47.456,47.456,CCW
28,09,2022,12,33,31,12.028,160.746,160.746,40.271,47.456,47.456,CCW
28,09,2022,12,33,31,12.028,161.501,161.501,40.271,47.456,47.456,CCW
28,09,2022,12,33,31,12.028,162.266,162.266,40.271,47.456,47.456,CCW
28,09,2022,12,33,31,12.028,163.016,163.016,40.271,47.456,47.456,CCW
28,09,2022,12,33,32,12.074,163.766,163.766,40.228,47.456,47.456,CCW
28,09,2022,12,33,32,12.074,164.508,164.508,40.228,47.456,47.456,CCW
28,09,2022,12,33,32,12.074,165.272,165.272,40.228,47.456,47.456,CCW
28,09,2022,12,33,32,12.074,166.021,166.021,40.228,47.456,47.456,CCW
28,09,2022,12,33,33,12.074,166.797,166.797,40.228,47.456,47.456,CCW
28,09,2022,12,33,33,12.074,167.574,167.574,40.228,47.456,47.456,CCW
28,09,2022,12,33,33,12.074,168.336,168.336,40.228,47.456,47.456,CCW
28,09,2022,12,33,34,12.074,169.089,169.089,40.228,47.456,47.456,CCW
28,09,2022,12,33,34,12.074,169.837,169.837,40.228,47.456,47.456,CCW
28,09,2022,12,33,34,12.074,170.606,170.606,40.228,47.456,47.456,CCW
28,09,2022,12,33,34,12.074,171.331,171.331,40.228,47.456,47.456,CCW
28,09,2022,12,33,35,12.074,172.100,172.100,40.228,47.456,47.456,CCW
28,09,2022,12,33,35,12.074,172.876,172.876,40.228,47.456,47.456,CCW
28,09,2022,12,33,35,12.074,173.667,173.667,40.228,47.456,47.456,CCW
28,09,2022,12,33,35,12.074,174.429,174.429,40.228,47.456,47.456,CCW
28,09,2022,12,33,36,12.074,175.198,175.198,40.228,47.456,47.456,CCW
28,09,2022,12,33,36,12.074,175.950,175.950,40.228,47.456,47.456,CCW
28,09,2022,12,33,36,12.074,176.698,176.698,40.228,47.456,47.456,CCW
28,09,2022,12,33,36,12.074,177.481,177.481,40.228,47.456,47.456,CCW
28,09,2022,12,33,37,12.074,178.249,178.249,40.228,47.456,47.456,CCW
28,09,2022,12,33,37,12.074,179.016,179.016,40.228,47.456,47.456,CCW
28,09,2022,12,33,37,12.074,179.763,179.763,40.228,47.456,47.456,CCW
28,09,2022,12,33,37,12.074,180.522,180.522,40.228,47.456,47.456,CCW
28,09,2022,12,33,38,12.074,181.324,181.324,40.228,47.456,47.456,CCW
28,09,2022,12,33,38,12.074,182.058,182.058,40.228,47.456,47.456,CCW
28,09,2022,12,33,38,12.074,182.802,182.802,40.228,47.456,47.456,CCW
28,09,2022,12,33,38,12.074,183.586,183.586,40.228,47.456,47.456,CCW
28,09,2022,12,33,39,12.074,184.378,184.378,40.228,47.456,47.456,CCW
28,09,2022,12,33,39,12.074,185.137,185.137,40.228,47.456,47.456,CCW
28,09,2022,12,33,39,12.074,185.923,185.923,40.228,47.456,47.456,CCW
28,09,2022,12,33,39,12.074,186.688,186.688,40.228,47.455,47.455,CCW
28,09,2022,12,33,40,12.074,187.463,187.463,40.228,47.455,47.455,CCW
28,09,2022,12,33,40,12.074,188.230,188.230,40.228,47.455,47.455,CCW
28,09,2022,12,33,40,12.074,188.993,188.993,40.228,47.455,47.455,CCW
28,09,2022,12,33,40,12.074,189.750,189.750,40.228,47.455,47.455,CCW
28,09,2022,12,33,41,12.074,190.485,190.485,40.228,47.455,47.455,CCW
28,09,2022,12,33,41,12.074,191.227,191.227,40.228,47.455,47.455,CCW
28,09,2022,12,33,41,12.074,191.993,191.993,40.228,47.455,47.455,CCW
28,09,2022,12,33,41,12.121,192.781,192.781,40.184,47.456,47.456,CCW
28,09,2022,12,33,42,12.121,193.547,193.547,40.184,47.456,47.456,CCW
28,09,2022,12,33,42,12.121,194.303,194.303,40.184,47.455,47.455,CCW
28,09,2022,12,33,42,12.121,195.077,195.077,40.184,47.455,47.455,CCW
28,09,2022,12,33,43,12.121,195.833,195.833,40.184,47.455,47.455,CCW
28,09,2022,12,33,43,12.121,196.589,196.589,40.184,47.455,47.455,CCW
28,09,2022,12,33,43,12.121,197.331,197.331,40.184,47.455,47.455,CCW
28,09,2022,12,33,43,12.121,198.063,198.063,40.184,47.455,47.455,CCW
28,09,2022,12,33,43,12.121,198.827,198.827,40.184,47.456,47.456,CCW
28,09,2022,12,33,44,12.121,199.613,199.613,40.184,47.456,47.456,CCW
28,09,2022,12,33,44,12.121,200.406,200.406,40.184,47.456,47.456,CCW
28,09,2022,12,33,44,12.121,201.173,201.173,40.184,47.456,47.456,CCW
28,09,2022,12,33,45,12.121,201.880,201.880,40.184,47.456,47.456,CCW
28,09,2022,12,33,45,12.121,202.620,202.620,40.184,47.456,47.456,CCW
28,09,2022,12,33,45,12.121,203.409,203.409,40.184,47.455,47.455,CCW
28,09,2022,12,33,45,12.121,204.148,204.148,40.184,47.455,47.455,CCW
28,09,2022,12,33,46,12.121,204.874,204.874,40.184,47.455,47.455,CCW
28,09,2022,12,33,46,12.121,205.625,205.625,40.184,47.455,47.455,CCW
28,09,2022,12,33,46,12.121,206.400,206.400,40.184,47.455,47.455,CCW
28,09,2022,12,33,46,12.121,207.162,207.162,40.184,47.455,47.455,CCW
28,09,2022,12,33,47,12.121,207.941,207.941,40.184,47.455,47.455,CCW
28,09,2022,12,33,47,12.121,208.719,208.719,40.184,47.456,47.456,CCW
28,09,2022,12,33,47,12.121,209.470,209.470,40.184,47.456,47.456,CCW
28,09,2022,12,33,47,12.121,210.218,210.218,40.184,47.456,47.456,CCW
28,09,2022,12,33,48,12.121,210.978,210.978,40.184,47.456,47.456,CCW
28,09,2022,12,33,48,12.121,211.750,211.750,40.184,47.456,47.456,CCW
28,09,2022,12,33,48,12.121,212.508,212.508,40.184,47.456,47.456,CCW
28,09,2022,12,33,49,12.121,214.127,214.127,40.184,47.456,47.456,CCW
28,09,2022,12,33,49,12.121,214.988,214.988,40.184,47.456,47.456,CCW
28,09,2022,12,33,49,12.121,215.869,215.870,40.184,47.456,47.456,CCW
28,09,2022,12,33,49,12.121,216.748,216.748,40.184,47.456,47.456,CCW
28,09,2022,12,33,50,12.121,217.504,217.504,40.184,47.456,47.456,CCW
28,09,2022,12,33,50,12.121,218.208,218.208,40.184,47.456,47.456,CCW
28,09,2022,12,33,50,12.121,218.942,218.942,40.184,47.456,47.456,CCW
28,09,2022,12,33,50,12.121,219.674,219.674,40.184,47.456,47.456,CCW
28,09,2022,12,33,51,12.121,220.377,220.377,40.184,47.456,47.456,CCW
28,09,2022,12,33,51,12.121,221.650,221.650,40.184,47.455,47.455,CCW
28,09,2022,12,33,52,12.167,223.192,223.192,40.141,47.455,47.455,CCW
28,09,2022,12,33,52,12.167,223.887,223.887,40.141,47.455,47.455,CCW
28,09,2022,12,33,52,12.167,225.423,225.423,40.141,47.456,47.456,CCW
28,09,2022,12,33,53,12.167,226.191,226.191,40.141,47.456,47.456,CCW
28,09,2022,12,33,53,12.167,226.957,226.957,40.141,47.456,47.456,CCW
28,09,2022,12,33,53,12.167,227.729,227.729,40.141,47.456,47.456,CCW
28,09,2022,12,33,54,12.167,229.291,229.291,40.141,47.456,47.456,CCW
28,09,2022,12,33,54,12.167,230.070,230.070,40.141,47.456,47.456,CCW
28,09,2022,12,33,54,12.167,231.668,231.668,40.141,47.456,47.456,CCW
28,09,2022,12,33,55,12.167,232.529,232.529,40.141,47.456,47.456,CCW
28,09,2022,12,33,55,12.167,233.398,233.398,40.141,47.456,47.456,CCW
28,09,2022,12,33,55,12.167,234.216,234.216,40.141,47.456,47.456,CCW
28,09,2022,12,33,56,12.167,234.992,234.992,40.141,47.456,47.456,CCW
28,09,2022,12,33,56,12.167,235.748,235.748,40.141,47.456,47.456,CCW
28,09,2022,12,33,56,12.167,236.484,236.484,40.141,47.456,47.456,CCW
28,09,2022,12,33,57,12.167,237.823,237.823,40.141,47.456,47.456,CCW
28,09,2022,12,33,57,12.167,238.421,238.421,40.141,47.456,47.456,CCW
28,09,2022,12,33,57,12.167,239.144,239.144,40.141,47.455,47.455,CCW
28,09,2022,12,33,57,12.167,240.033,240.033,40.141,47.456,47.456,CCW
28,09,2022,12,33,58,12.167,240.948,240.948,40.141,47.456,47.456,CCW
28,09,2022,12,33,58,12.167,241.884,241.884,40.141,47.456,47.456,CCW
28,09,2022,12,33,58,12.167,242.641,242.641,40.141,47.456,47.456,CCW
28,09,2022,12,33,58,12.167,243.326,243.326,40.141,47.456,47.456,CCW
28,09,2022,12,33,59,12.167,244.007,244.007,40.141,47.456,47.456,CCW
28,09,2022,12,33,59,12.167,244.689,244.689,40.141,47.456,47.456,CCW
28,09,2022,12,33,59,12.167,245.373,245.373,40.141,47.456,47.456,CCW
28,09,2022,12,33,59,12.167,246.083,246.083,40.141,47.456,47.456,CCW
28,09,2022,12,34,00,12.167,246.824,246.824,40.141,47.456,47.456,CCW
28,09,2022,12,34,00,12.167,247.573,247.573,40.141,47.456,47.456,CCW
28,09,2022,12,34,00,12.167,248.313,248.313,40.141,47.456,47.456,CCW
28,09,2022,12,34,00,12.167,249.076,249.076,40.141,47.456,47.456,CCW
28,09,2022,12,34,01,12.167,249.857,249.857,40.141,47.456,47.456,CCW
28,09,2022,12,34,01,12.167,250.619,250.619,40.141,47.456,47.456,CCW
28,09,2022,12,34,01,12.167,251.391,251.391,40.141,47.456,47.456,CCW
28,09,2022,12,34,01,12.214,252.154,252.154,40.098,47.456,47.456,CCW
28,09,2022,12,34,02,12.214,252.896,252.896,40.098,47.456,47.456,CCW
28,09,2022,12,34,02,12.214,253.673,253.673,40.098,47.456,47.456,CCW
28,09,2022,12,34,02,12.214,254.452,254.452,40.098,47.456,47.456,CCW
28,09,2022,12,34,03,12.214,255.222,255.221,40.098,47.456,47.456,CCW
28,09,2022,12,34,03,12.214,255.970,255.970,40.098,47.456,47.456,CCW
28,09,2022,12,34,03,12.214,256.718,256.718,40.098,47.456,47.456,CCW
28,09,2022,12,34,03,12.214,257.478,257.478,40.098,47.456,47.456,CCW
28,09,2022,12,34,03,12.214,258.244,258.244,40.098,47.456,47.456,CCW
28,09,2022,12,34,04,12.214,258.994,258.994,40.098,47.456,47.456,CCW
28,09,2022,12,34,04,12.214,259.756,259.756,40.098,47.456,47.456,CCW
28,09,2022,12,34,04,12.214,260.545,260.545,40.098,47.456,47.456,CCW
28,09,2022,12,34,05,12.214,261.320,261.320,40.098,47.456,47.456,CCW
28,09,2022,12,34,05,12.214,262.087,262.087,40.098,47.456,47.456,CCW
28,09,2022,12,34,05,12.214,262.849,262.849,40.098,47.456,47.456,CCW
28,09,2022,12,34,05,12.214,263.614,263.614,40.098,47.456,47.456,CCW
28,09,2022,12,34,06,12.214,264.371,264.371,40.098,47.455,47.455,CCW
28,09,2022,12,34,06,12.214,265.183,265.183,40.098,47.455,47.455,CCW
28,09,2022,12,34,06,12.214,265.958,265.958,40.098,47.455,47.455,CCW
28,09,2022,12,34,06,12.214,266.748,266.748,40.098,47.455,47.455,CCW
28,09,2022,12,34,07,12.214,267.499,267.499,40.098,47.455,47.455,CCW
28,09,2022,12,34,07,12.214,268.268,268.268,40.098,47.455,47.455,CCW
28,09,2022,12,34,07,12.214,269.060,269.060,40.098,47.455,47.455,CCW
28,09,2022,12,34,07,12.214,269.874,269.874,40.098,47.455,47.455,CCW
28,09,2022,12,34,08,12.214,270.729,270.729,40.098,47.455,47.455,CCW
28,09,2022,12,34,08,12.214,271.579,271.579,40.098,47.455,47.455,CCW
28,09,2022,12,34,08,12.214,272.325,272.325,40.098,47.455,47.455,CCW
28,09,2022,12,34,08,12.214,272.954,272.954,40.098,47.455,47.455,CCW
28,09,2022,12,34,09,12.214,273.590,273.590,40.098,47.455,47.455,CCW
28,09,2022,12,34,09,12.214,274.540,274.540,40.098,47.455,47.455,CCW
28,09,2022,12,34,09,12.214,275.329,275.329,40.098,47.455,47.455,CCW
28,09,2022,12,34,09,12.214,275.996,275.996,40.098,47.455,47.455,CCW
28,09,2022,12,34,10,12.214,276.638,276.638,40.098,47.455,47.455,CCW
28,09,2022,12,34,10,12.214,277.466,277.466,40.098,47.455,47.455,CCW
28,09,2022,12,34,10,12.214,278.174,278.174,40.098,47.455,47.455,CCW
28,09,2022,12,34,10,12.214,278.918,278.918,40.098,47.455,47.455,CCW
28,09,2022,12,34,11,12.214,279.678,279.678,40.098,47.455,47.455,CCW
28,09,2022,12,34,11,12.214,280.429,280.429,40.098,47.455,47.455,CCW
28,09,2022,12,34,11,12.214,281.195,281.195,40.098,47.455,47.455,CCW
28,09,2022,12,34,11,12.261,281.963,281.963,40.055,47.455,47.455,CCW
28,09,2022,12,34,12,12.261,282.707,282.707,40.055,47.455,47.455,CCW
28,09,2022,12,34,12,12.261,283.447,283.447,40.055,47.455,47.455,CCW
28,09,2022,12,34,12,12.261,284.944,284.944,40.055,47.455,47.455,CCW
28,09,2022,12,34,13,12.261,285.701,285.701,40.055,47.455,47.455,CCW
28,09,2022,12,34,13,12.261,287.232,287.232,40.055,47.455,47.455,CCW
28,09,2022,12,34,14,12.261,287.990,287.990,40.055,47.455,47.455,CCW
28,09,2022,12,34,14,12.261,289.493,289.493,40.055,47.455,47.455,CCW
28,09,2022,12,34,14,12.261,290.247,290.247,40.055,47.455,47.455,CCW
28,09,2022,12,34,15,12.261,291.004,291.004,40.055,47.455,47.455,CCW
28,09,2022,12,34,15,12.261,291.750,291.750,40.055,47.455,47.455,CCW
28,09,2022,12,34,15,12.261,292.519,292.519,40.055,47.455,47.455,CCW
28,09,2022,12,34,15,12.261,293.301,293.301,40.055,47.455,47.455,CCW
28,09,2022,12,34,16,12.261,294.065,294.065,40.055,47.455,47.455,CCW
28,09,2022,12,34,16,12.261,294.828,294.828,40.055,47.455,47.455,CCW
28,09,2022,12,34,16,12.261,295.583,295.583,40.055,47.455,47.455,CCW
28,09,2022,12,34,17,12.261,297.105,297.105,40.055,47.455,47.455,CCW
28,09,2022,12,34,17,12.261,297.900,297.900,40.055,47.455,47.455,CCW
28,09,2022,12,34,17,12.261,298.670,298.670,40.055,47.455,47.455,CCW
28,09,2022,12,34,17,12.261,299.428,299.428,40.055,47.455,47.455,CCW
28,09,2022,12,34,18,12.261,300.173,300.173,40.055,47.455,47.455,CCW
28,09,2022,12,34,18,12.261,300.925,300.925,40.055,47.455,47.455,CCW
28,09,2022,12,34,18,12.261,301.694,301.694,40.055,47.455,47.455,CCW
28,09,2022,12,34,18,12.261,302.440,302.440,40.055,47.455,47.455,CCW
28,09,2022,12,34,19,12.261,303.190,303.190,40.055,47.455,47.455,CCW
28,09,2022,12,34,19,12.261,303.949,303.949,40.055,47.455,47.455,CCW
28,09,2022,12,34,19,12.261,304.736,304.736,40.055,47.455,47.455,CCW
28,09,2022,12,34,19,12.261,305.529,305.529,40.055,47.455,47.455,CCW
28,09,2022,12,34,20,12.261,306.312,306.312,40.055,47.455,47.455,CCW
28,09,2022,12,34,20,12.261,307.091,307.091,40.055,47.455,47.455,CCW
28,09,2022,12,34,20,12.261,307.873,307.873,40.055,47.455,47.455,CCW
28,09,2022,12,34,20,12.261,308.638,308.638,40.055,47.455,47.455,CCW
28,09,2022,12,34,21,12.261,309.394,309.394,40.055,47.455,47.455,CCW
28,09,2022,12,34,21,12.261,310.145,310.145,40.055,47.455,47.455,CCW
28,09,2022,12,34,21,12.261,310.875,310.875,40.055,47.455,47.455,CCW
28,09,2022,12,34,21,12.261,311.625,311.625,40.055,47.455,47.455,CCW
28,09,2022,12,34,22,12.307,312.391,312.391,40.012,47.455,47.455,CCW
28,09,2022,12,34,22,12.307,313.114,313.114,40.012,47.455,47.455,CCW
28,09,2022,12,34,22,12.307,313.864,313.864,40.012,47.455,47.455,CCW
28,09,2022,12,34,22,12.307,314.639,314.639,40.012,47.455,47.455,CCW
28,09,2022,12,34,23,12.307,315.410,315.410,40.012,47.455,47.455,CCW
28,09,2022,12,34,23,12.307,316.180,316.180,40.012,47.455,47.455,CCW
28,09,2022,12,34,23,12.307,316.905,316.905,40.012,47.455,47.455,CCW
28,09,2022,12,34,23,12.307,317.662,317.662,40.012,47.455,47.455,CCW
28,09,2022,12,34,24,12.307,318.418,318.418,40.012,47.455,47.455,CCW
28,09,2022,12,34,24,12.307,319.177,319.177,40.012,47.455,47.455,CCW
28,09,2022,12,34,24,12.307,319.951,319.951,40.012,47.455,47.455,CCW
28,09,2022,12,34,24,12.307,320.720,320.720,40.012,47.455,47.455,CCW
28,09,2022,12,34,25,12.307,321.486,321.486,40.012,47.455,47.455,CCW
28,09,2022,12,34,25,12.307,322.238,322.238,40.012,47.455,47.455,CCW
28,09,2022,12,34,25,12.307,322.991,322.991,40.012,47.455,47.455,CCW
28,09,2022,12,34,26,12.307,323.758,323.758,40.012,47.455,47.455,CCW
28,09,2022,12,34,26,12.307,324.512,324.512,40.012,47.455,47.455,CCW
28,09,2022,12,34,26,12.307,325.256,325.256,40.012,47.455,47.455,CCW
28,09,2022,12,34,26,12.307,326.800,326.800,40.012,47.455,47.455,CCW
28,09,2022,12,34,27,12.307,327.582,327.582,40.012,47.455,47.455,CCW
28,09,2022,12,34,27,12.307,328.335,328.335,40.012,47.455,47.455,CCW
28,09,2022,12,34,27,12.307,329.087,329.087,40.012,47.455,47.455,CCW
28,09,2022,12,34,28,12.307,329.846,329.846,40.012,47.455,47.455,CCW
28,09,2022,12,34,28,12.307,330.610,330.610,40.012,47.455,47.455,CCW
28,09,2022,12,34,28,12.307,331.371,331.371,40.012,47.455,47.455,CCW
28,09,2022,12,34,28,12.307,332.136,332.136,40.012,47.455,47.455,CCW
28,09,2022,12,34,29,12.307,332.881,332.881,40.012,47.455,47.455,CCW
28,09,2022,12,34,29,12.307,333.666,333.666,40.012,47.455,47.455,CCW
28,09,2022,12,34,29,12.307,334.441,334.441,40.012,47.455,47.455,CCW
28,09,2022,12,34,29,12.307,335.198,335.198,40.012,47.455,47.455,CCW
28,09,2022,12,34,30,12.307,335.949,335.949,40.012,47.455,47.455,CCW
28,09,2022,12,34,30,12.307,336.705,336.705,40.012,47.455,47.455,CCW
28,09,2022,12,34,30,12.307,337.462,337.462,40.012,47.455,47.455,CCW
28,09,2022,12,34,30,12.307,338.217,338.217,40.012,47.455,47.455,CCW
28,09,2022,12,34,31,12.307,338.987,338.987,40.012,47.455,47.455,CCW
28,09,2022,12,34,31,12.307,339.787,339.787,40.012,47.455,47.455,CCW
28,09,2022,12,34,31,12.307,340.546,340.546,40.012,47.455,47.455,CCW
28,09,2022,12,34,31,12.354,341.294,341.294,39.969,47.455,47.455,CCW
28,09,2022,12,34,32,12.354,342.057,342.057,39.969,47.455,47.455,CCW
28,09,2022,12,34,32,12.354,342.846,342.846,39.969,47.455,47.455,CCW
28,09,2022,12,34,32,12.354,343.629,343.629,39.969,47.455,47.455,CCW
28,09,2022,12,34,32,12.354,344.435,344.435,39.969,47.455,47.455,CCW
28,09,2022,12,34,33,12.354,345.295,345.295,39.969,47.455,47.455,CCW
28,09,2022,12,34,33,12.354,346.179,346.179,39.969,47.455,47.455,CCW
28,09,2022,12,34,33,12.354,347.045,347.045,39.969,47.455,47.455,CCW
28,09,2022,12,34,34,12.354,347.763,347.763,39.969,47.455,47.455,CCW
28,09,2022,12,34,34,12.354,348.487,348.487,39.969,47.455,47.455,CCW
28,09,2022,12,34,34,12.354,349.204,349.204,39.969,47.455,47.455,CCW
28,09,2022,12,34,34,12.354,349.908,349.908,39.969,47.455,47.455,CCW
28,09,2022,12,34,34,12.354,350.575,350.575,39.969,47.455,47.455,CCW
28,09,2022,12,34,35,12.354,351.226,351.226,39.969,47.455,47.455,CCW
28,09,2022,12,34,35,12.354,351.884,351.884,39.969,47.455,47.455,CCW
28,09,2022,12,34,35,12.354,352.650,352.650,39.969,47.455,47.455,CCW
28,09,2022,12,34,36,12.354,354.248,354.248,39.969,47.455,47.455,CCW
28,09,2022,12,34,36,12.354,355.028,355.028,39.969,47.455,47.455,CCW
28,09,2022,12,34,37,12.354,356.590,356.590,39.969,47.455,47.455,CCW
28,09,2022,12,34,37,12.354,358.094,358.094,39.969,47.455,47.455,CCW
28,09,2022,12,34,37,12.354,358.838,358.838,39.969,47.455,47.455,CCW
28,09,2022,12,34,38,12.354,0.285,0.285,39.969,47.455,47.455,CW
28,09,2022,12,34,38,12.354,1.057,1.057,39.969,47.455,47.455,CW
28,09,2022,12,34,38,12.354,2.554,2.554,39.969,47.455,47.455,CW
28,09,2022,12,34,39,12.354,3.319,3.319,39.969,47.455,47.455,CW
28,09,2022,12,34,39,12.354,4.836,4.836,39.969,47.455,47.455,CW
28,09,2022,12,34,40,12.354,5.586,5.586,39.969,47.455,47.455,CW
28,09,2022,12,34,40,12.354,6.358,6.358,39.969,47.455,47.455,CW
28,09,2022,12,34,40,12.354,7.122,7.122,39.969,47.455,47.455,CW
28,09,2022,12,34,40,12.354,7.820,7.820,39.969,47.455,47.455,CW
28,09,2022,12,34,41,12.354,8.208,8.208,39.969,47.455,47.455,CW
28,09,2022,12,34,41,12.354,8.576,8.576,39.969,47.455,47.455,CW
28,09,2022,12,34,41,12.354,8.912,8.912,39.969,47.455,47.455,CW
28,09,2022,12,34,41,12.354,9.108,9.108,39.969,47.455,47.455,CW
28,09,2022,12,34,42,12.400,9.293,9.293,39.926,47.455,47.455,CW
28,09,2022,12,34,42,12.400,9.462,9.462,39.926,47.455,47.455,CW
28,09,2022,12,34,42,12.400,9.617,9.617,39.926,47.455,47.455,CW
28,09,2022,12,34,42,12.400,9.765,9.765,39.926,47.455,47.455,CW
28,09,2022,12,34,43,12.400,9.906,9.906,39.926,47.455,47.455,CW
28,09,2022,12,34,43,12.400,10.043,9.906,39.926,47.455,47.455,CW
28,09,2022,12,34,43,12.400,10.178,9.906,39.926,47.455,47.455,CW
28,09,2022,12,34,43,12.400,10.351,10.351,39.926,47.455,47.455,CW
28,09,2022,12,34,44,12.400,10.529,10.529,39.926,47.455,47.455,CW
28,09,2022,12,34,44,12.400,10.702,10.702,39.926,47.455,47.455,CW
28,09,2022,12,34,44,12.400,10.846,10.846,39.926,47.455,47.455,CW
28,09,2022,12,34,44,12.400,11.004,11.004,39.926,47.455,47.455,CW
28,09,2022,12,34,45,12.400,11.152,11.152,39.926,47.455,47.455,CW
28,09,2022,12,34,45,12.400,11.303,11.303,39.926,47.455,47.455,CW
28,09,2022,12,34,45,12.400,11.451,11.451,39.926,47.455,47.455,CW
28,09,2022,12,34,46,12.400,11.590,11.590,39.926,47.455,47.455,CW
28,09,2022,12,34,46,12.400,11.747,11.747,39.926,47.455,47.455,CW
28,09,2022,12,34,46,12.400,11.865,11.865,39.926,47.455,47.455,CW
28,09,2022,12,34,47,12.400,12.003,12.003,39.926,47.455,47.455,CW
28,09,2022,12,34,48,12.400,12.114,12.114,39.926,47.455,47.455,CW
28,09,2022,12,34,48,12.400,12.257,12.257,39.926,47.455,47.455,CW
28,09,2022,12,34,49,12.400,12.364,12.364,39.926,47.455,47.455,CW
28,09,2022,12,35,03,12.494,12.472,12.472,39.840,47.455,47.455,CW
28,09,2022,12,35,23,12.587,12.576,12.576,39.754,47.455,47.455,CW
28,09,2022,12,42,05,12.633,13.089,13.089,39.711,47.454,47.454,CW
28,09,2022,12,42,18,14.529,13.208,13.208,38.008,47.454,47.454,CW
28,09,2022,12,42,19,14.529,13.385,13.385,38.008,47.454,47.454,CW
28,09,2022,12,42,19,14.529,13.506,13.506,38.008,47.454,47.454,CW
28,09,2022,12,42,19,14.529,13.668,13.668,38.008,47.454,47.454,CW
28,09,2022,12,42,19,14.529,13.802,13.802,38.008,47.454,47.454,CW
28,09,2022,12,42,20,14.529,13.931,13.931,38.008,47.454,47.454,CW
28,09,2022,12,42,20,14.529,14.082,14.082,38.008,47.454,47.454,CW
28,09,2022,12,42,21,14.529,14.258,14.258,38.008,47.454,47.454,CW
28,09,2022,12,42,22,14.529,14.405,14.405,38.008,47.454,47.454,CW
28,09,2022,12,42,23,14.529,14.519,14.519,38.008,47.454,47.454,CW
28,09,2022,12,42,39,14.623,14.623,14.623,37.926,47.454,47.454,CW
28,09,2022,12,43,08,14.763,14.727,14.727,37.803,47.454,47.454,CW
28,09,2022,12,43,16,14.763,14.883,14.883,37.803,47.454,47.454,CW
28,09,2022,12,43,17,14.763,15.104,15.104,37.803,47.454,47.454,CW
28,09,2022,12,43,17,14.763,15.206,15.206,37.803,47.454,47.454,CW
28,09,2022,12,46,19,14.763,15.103,15.103,37.803,47.454,47.454,CW
28,09,2022,12,47,48,14.763,15.204,15.204,37.803,47.454,47.454,CW
28,09,2022,12,52,13,14.763,15.104,15.104,37.803,47.454,47.454,CW
28,09,2022,14,04,34,14.763,14.873,14.873,37.803,47.452,47.452,CW
28,09,2022,14,05,33,14.763,14.977,14.977,37.803,47.452,47.452,CW
28,09,2022,14,05,35,14.763,15.212,15.212,37.803,47.452,47.452,CW
29,09,2022,11,32,19,0.000,15.190,15.190,0.000,47.450,47.450,CW
29,09,2022,11,33,57,0.000,14.837,14.837,0.000,47.451,47.451,CW
29,09,2022,11,34,17,0.000,15.196,15.196,0.000,47.451,47.451,CW
29,09,2022,11,34,45,0.000,14.826,14.826,0.000,47.450,47.450,CW
29,09,2022,11,34,53,0.000,14.967,14.967,0.000,47.450,47.450,CW
29,09,2022,11,34,54,0.000,15.188,15.188,0.000,47.451,47.451,CW
29,09,2022,11,34,58,0.000,15.055,15.055,0.000,47.451,47.451,CW
29,09,2022,11,34,58,0.000,14.943,14.943,0.000,47.451,47.451,CW
29,09,2022,11,35,06,0.000,14.841,14.841,0.000,47.451,47.451,CW
29,09,2022,11,35,09,34.329,15.016,15.016,15.266,47.392,47.392,CW
29,09,2022,11,35,10,34.329,16.995,16.995,15.266,46.830,46.830,CW
29,09,2022,11,35,10,34.329,17.610,17.610,15.266,46.547,46.547,CW
29,09,2022,11,35,11,34.329,18.854,18.854,15.266,45.981,45.981,CW
29,09,2022,11,35,11,34.329,19.730,19.730,15.266,45.705,45.705,CW
29,09,2022,11,35,11,34.329,20.571,20.571,15.266,45.421,45.421,CW
29,09,2022,11,35,12,34.329,21.380,21.380,15.266,45.142,45.142,CW
29,09,2022,11,35,12,34.329,22.202,22.202,15.266,44.863,44.863,CW
29,09,2022,11,35,12,34.329,23.057,23.057,15.266,44.581,44.581,CW
29,09,2022,11,35,12,34.329,23.884,23.884,15.266,44.299,44.299,CW
29,09,2022,11,35,13,34.329,24.588,24.588,15.266,44.014,44.014,CW
29,09,2022,11,35,13,34.329,25.352,25.352,15.266,43.733,43.733,CW
29,09,2022,11,35,13,34.329,26.143,26.143,15.266,43.449,43.449,CW
29,09,2022,11,35,13,34.329,26.908,26.908,15.266,43.163,43.163,CW
29,09,2022,11,35,14,34.329,27.673,27.673,15.266,42.882,42.882,CW
29,09,2022,11,35,14,34.329,28.940,28.940,15.266,42.312,42.312,CW
29,09,2022,11,35,14,34.329,29.380,29.380,15.266,42.027,42.027,CW
29,09,2022,11,35,15,34.329,29.802,29.802,15.266,41.733,41.733,CW
29,09,2022,11,35,15,34.329,30.216,30.216,15.266,41.451,41.451,CW
29,09,2022,11,35,15,34.329,30.606,30.606,15.266,41.163,41.163,CW
29,09,2022,11,35,16,34.329,30.930,30.930,15.266,40.878,40.878,CW
29,09,2022,11,35,16,34.329,31.147,31.147,15.266,40.586,40.586,CW
29,09,2022,11,35,16,34.329,31.416,31.416,15.266,40.300,40.300,CW
29,09,2022,11,35,16,34.329,31.636,31.636,15.266,40.009,40.009,CW
29,09,2022,11,35,17,34.329,31.999,31.999,15.266,39.429,39.429,CW
29,09,2022,11,35,17,34.329,32.365,32.365,15.266,38.849,38.849,CW
29,09,2022,11,35,18,34.329,32.528,32.528,15.266,38.556,38.556,CW
29,09,2022,11,35,18,34.329,32.823,32.823,15.266,37.971,37.971,CW
29,09,2022,11,35,18,34.329,32.978,32.978,15.266,37.676,37.676,CW
29,09,2022,11,35,19,34.329,33.130,33.130,15.266,37.379,37.379,CW
29,09,2022,11,35,19,34.329,33.270,33.270,15.266,37.088,37.088,CW
29,09,2022,11,35,19,34.353,33.483,33.483,15.222,36.495,36.495,CW
29,09,2022,11,35,20,34.353,33.613,33.613,15.222,35.903,35.903,CW
29,09,2022,11,35,20,34.353,33.653,33.653,15.222,35.600,35.600,CW
29,09,2022,11,35,20,34.353,33.686,33.686,15.222,35.006,35.006,CW
29,09,2022,11,35,21,34.353,33.700,33.700,15.222,34.706,34.706,CW
29,09,2022,11,35,21,34.353,33.704,33.704,15.222,34.402,34.402,CW
29,09,2022,11,35,21,34.353,33.753,33.753,15.222,34.107,34.107,CW
29,09,2022,11,35,22,34.353,33.831,33.831,15.222,33.802,33.802,CW
29,09,2022,11,35,22,34.353,33.910,33.910,15.222,33.501,33.501,CW
29,09,2022,11,35,22,34.353,34.031,34.031,15.222,32.894,32.894,CW
29,09,2022,11,35,23,34.353,34.085,34.085,15.222,32.587,32.587,CW
29,09,2022,11,35,23,34.353,34.187,34.187,15.222,31.980,31.980,CW
29,09,2022,11,35,23,34.353,34.229,34.229,15.222,31.671,31.671,CW
29,09,2022,11,35,24,34.353,34.269,34.269,15.222,31.367,31.367,CW
29,09,2022,11,35,24,34.353,34.301,34.301,15.222,31.059,31.059,CW
29,09,2022,11,35,24,34.353,34.329,34.329,15.222,30.752,30.752,CW
29,09,2022,11,35,25,34.353,34.348,34.348,15.222,30.438,30.438,CW
29,09,2022,11,35,25,34.353,34.355,34.355,15.222,29.818,29.818,CW
29,09,2022,11,35,25,34.353,34.357,34.357,15.222,29.196,29.196,CW
29,09,2022,11,35,26,34.353,34.357,34.357,15.222,28.881,28.881,CW
29,09,2022,11,35,26,34.353,34.358,34.358,15.222,28.253,28.253,CW
29,09,2022,11,35,26,34.353,34.358,34.358,15.222,27.934,27.934,CW
29,09,2022,11,35,27,34.353,34.358,34.358,15.222,27.303,27.303,CW
29,09,2022,11,35,27,34.353,34.358,34.358,15.222,26.983,26.983,CW
29,09,2022,11,35,28,34.353,34.358,34.358,15.222,26.667,26.667,CW
29,09,2022,11,35,28,34.353,34.358,34.358,15.222,26.347,26.347,CW
29,09,2022,11,35,28,34.353,34.359,34.359,15.222,26.027,26.027,CW
29,09,2022,11,35,28,34.353,34.359,34.359,15.222,25.705,25.705,CW
29,09,2022,11,35,29,34.353,34.359,34.359,15.222,25.381,25.381,CW
29,09,2022,11,35,29,34.353,34.359,34.359,15.222,25.055,25.055,CW
29,09,2022,11,35,29,34.377,34.359,34.359,15.177,24.413,24.413,CW
29,09,2022,11,35,29,34.377,34.361,34.361,15.177,24.089,24.089,CW
29,09,2022,11,35,30,34.377,34.369,34.369,15.177,23.756,23.756,CW
29,09,2022,11,35,30,34.377,34.375,34.375,15.177,23.429,23.429,CW
29,09,2022,11,35,30,34.377,34.376,34.376,15.177,23.099,23.099,CW
29,09,2022,11,35,30,34.377,34.377,34.377,15.177,22.771,22.771,CW
29,09,2022,11,35,31,34.377,34.378,34.378,15.177,22.107,22.107,CW
29,09,2022,11,35,31,34.377,34.378,34.378,15.177,21.811,21.811,CW
29,09,2022,11,35,31,34.377,34.378,34.378,15.177,21.529,21.529,CW
29,09,2022,11,35,32,34.377,34.378,34.378,15.177,21.252,21.252,CW
29,09,2022,11,35,32,34.377,34.379,34.379,15.177,20.969,20.969,CW
29,09,2022,11,35,32,34.377,34.379,34.379,15.177,20.723,20.723,CW
29,09,2022,11,35,33,34.377,34.380,34.380,15.177,20.500,20.500,CW
29,09,2022,11,35,33,34.377,34.380,34.380,15.177,20.273,20.273,CW
29,09,2022,11,35,33,34.377,34.380,34.380,15.177,20.053,20.053,CW
29,09,2022,11,35,33,34.377,34.380,34.380,15.177,19.858,19.858,CW
29,09,2022,11,35,34,34.377,34.381,34.381,15.177,19.683,19.683,CW
29,09,2022,11,35,34,34.377,34.385,34.385,15.177,19.513,19.513,CW
29,09,2022,11,35,34,34.377,34.391,34.391,15.177,19.345,19.345,CW
29,09,2022,11,35,35,34.377,34.440,34.440,15.177,19.035,19.035,CW
29,09,2022,11,35,35,34.377,34.508,34.508,15.177,18.921,18.921,CW
29,09,2022,11,35,35,34.377,34.736,34.736,15.177,18.696,18.696,CW
29,09,2022,11,35,36,34.377,34.832,34.832,15.177,18.473,18.473,CW
29,09,2022,11,35,36,34.377,34.832,34.832,15.177,18.359,18.359,CW
29,09,2022,11,35,37,34.377,34.832,34.832,15.177,18.129,18.129,CW
29,09,2022,11,35,37,34.377,34.832,34.832,15.177,18.005,18.005,CW
29,09,2022,11,35,38,34.377,34.833,34.833,15.177,17.882,17.882,CW
29,09,2022,11,35,39,34.377,34.833,34.833,15.177,17.760,17.760,CW
29,09,2022,11,35,40,34.401,34.822,34.822,15.132,17.631,17.631,CW
29,09,2022,11,35,40,34.401,34.679,34.679,15.132,17.508,17.508,CW
29,09,2022,11,35,41,34.401,34.579,34.579,15.132,17.430,17.430,CW
29,09,2022,11,35,42,34.401,34.466,34.466,15.132,17.298,17.298,CW
29,09,2022,11,35,42,34.401,34.410,34.410,15.132,17.173,17.173,CW
29,09,2022,11,35,43,34.401,34.401,34.401,15.132,17.056,17.056,CW
29,09,2022,11,35,45,34.401,34.401,34.401,15.132,16.948,16.948,CW
29,09,2022,11,35,46,34.401,34.400,34.400,15.132,16.823,16.823,CW
29,09,2022,11,35,48,34.401,34.400,34.400,15.132,16.705,16.705,CW
29,09,2022,11,35,49,34.425,34.399,34.399,15.088,16.597,16.597,CW
29,09,2022,11,35,50,34.425,34.417,34.417,15.088,16.467,16.467,CW
29,09,2022,11,35,52,34.425,34.423,34.423,15.088,16.361,16.361,CW
29,09,2022,11,35,53,34.425,34.425,34.425,15.088,16.232,16.232,CW
29,09,2022,11,35,55,34.425,34.428,34.428,15.088,16.126,16.126,CW
29,09,2022,11,35,56,34.425,34.429,34.429,15.088,16.026,16.026,CW
29,09,2022,11,35,58,34.425,34.428,34.428,15.088,15.909,15.909,CW
29,09,2022,11,36,00,34.449,34.444,34.444,15.043,15.808,15.808,CW
29,09,2022,11,36,02,34.449,34.445,34.445,15.043,15.704,15.704,CW
29,09,2022,11,36,05,34.449,34.449,34.449,15.043,15.604,15.604,CW
29,09,2022,11,36,08,34.449,34.452,34.452,15.043,15.502,15.502,CW
29,09,2022,11,36,14,34.474,34.449,34.449,14.999,15.401,15.401,CW
29,09,2022,11,36,18,34.474,34.601,34.601,14.999,15.339,15.339,CW
29,09,2022,11,36,18,34.474,34.702,34.702,14.999,15.335,15.335,CW
29,09,2022,11,36,20,34.498,34.592,34.592,14.954,15.299,15.299,CW
29,09,2022,11,36,26,34.498,34.495,34.495,14.954,15.198,15.198,CW
29,09,2022,11,36,33,34.522,34.499,34.499,14.910,15.094,15.094,CW
29,09,2022,11,36,39,34.547,34.497,34.497,14.865,14.992,14.992,CW
29,09,2022,11,36,46,34.547,34.549,34.549,14.865,14.892,14.892,CW
29,09,2022,11,37,02,34.596,34.601,34.601,14.776,14.790,14.790,CW
29,09,2022,11,37,23,34.645,34.650,34.650,14.688,14.689,14.689,CW
29,09,2022,11,37,24,34.645,34.759,34.759,14.688,14.685,14.685,CW
29,09,2022,11,37,25,34.645,34.937,34.937,14.688,14.684,14.684,CW
29,09,2022,11,37,26,34.645,35.068,35.068,14.688,14.683,14.683,CW
29,09,2022,11,37,31,34.670,34.931,34.931,14.643,14.673,14.673,CW
29,09,2022,11,37,31,34.670,34.800,34.800,14.643,14.662,14.662,CW
29,09,2022,11,37,32,34.670,34.688,34.688,14.643,14.647,14.647,CW
29,09,2022,11,37,35,34.670,34.588,34.588,14.643,14.641,14.641,CW
29,09,2022,11,37,38,34.670,34.483,34.483,14.643,14.640,14.640,CW
29,09,2022,11,37,41,34.695,34.592,34.592,14.599,14.632,14.632,CW
29,09,2022,11,37,42,34.695,34.696,34.696,14.599,14.608,14.608,CW
29,09,2022,11,37,55,34.720,34.549,34.549,14.555,14.553,14.553,CW
29,09,2022,11,37,55,34.720,34.338,34.338,14.555,14.552,14.552,CW
29,09,2022,11,38,00,34.745,34.446,34.446,14.511,14.549,14.549,CW
29,09,2022,11,38,01,34.745,34.593,34.593,14.511,14.540,14.540,CW
29,09,2022,11,38,02,34.745,34.723,34.723,14.511,14.520,14.520,CW
29,09,2022,11,38,25,34.795,34.796,34.796,14.423,14.419,14.419,CW
