11,11,2022,09,19,46,209.166,209.164,0.000,9.134,9.134,0.000,CCW
11,11,2022,09,19,47,209.118,209.116,0.000,9.138,9.137,0.000,CCW
11,11,2022,09,19,48,209.071,209.069,0.000,9.141,9.141,0.000,CCW
11,11,2022,09,19,49,209.024,209.024,0.000,9.144,9.144,0.000,CCW
11,11,2022,09,19,50,208.977,208.976,0.000,9.148,9.147,0.000,CCW
11,11,2022,09,19,51,208.930,208.930,0.000,9.152,9.150,0.000,CCW
11,11,2022,09,19,52,208.883,208.883,0.000,9.155,9.153,0.000,CCW
11,11,2022,09,19,53,208.836,208.836,0.000,9.159,9.159,0.000,CCW
11,11,2022,09,19,54,208.789,208.788,0.000,9.162,9.162,0.000,CCW
11,11,2022,09,19,55,208.742,208.740,0.000,9.166,9.166,0.000,CCW
11,11,2022,09,19,56,208.695,208.693,0.000,9.170,9.169,0.000,CCW
11,11,2022,09,19,57,208.649,208.649,0.000,9.174,9.173,0.000,CCW
11,11,2022,09,19,58,208.602,208.601,0.000,9.177,9.176,0.000,CCW
11,11,2022,09,19,59,208.555,208.555,0.000,9.181,9.179,0.000,CCW
11,11,2022,09,20,00,208.508,208.508,0.000,9.185,9.185,0.000,CCW
11,11,2022,09,20,01,208.462,208.461,0.000,9.189,9.189,0.000,CCW
11,11,2022,09,20,02,208.415,208.413,0.000,9.193,9.192,0.000,CCW
11,11,2022,09,20,03,208.369,208.367,0.000,9.197,9.195,0.000,CCW
11,11,2022,09,20,04,208.322,208.322,0.000,9.201,9.201,0.000,CCW
11,11,2022,09,20,05,208.276,208.276,0.000,9.205,9.205,0.000,CCW
11,11,2022,09,20,06,208.229,208.229,0.000,9.209,9.208,0.000,CCW
11,11,2022,09,20,07,208.183,208.182,0.000,9.213,9.211,0.000,CCW
11,11,2022,09,20,08,208.136,208.134,0.000,9.217,9.217,0.000,CCW
11,11,2022,09,20,09,208.090,208.090,0.000,9.222,9.221,0.000,CCW
11,11,2022,09,20,10,208.044,208.043,0.000,9.226,9.226,0.000,CCW
11,11,2022,09,20,11,207.997,207.997,0.000,9.230,9.230,0.000,CCW
11,11,2022,09,20,12,207.951,207.950,0.000,9.234,9.234,0.000,CCW
11,11,2022,09,20,13,207.905,207.904,0.000,9.239,9.239,0.000,CCW
11,11,2022,09,20,14,207.859,207.859,0.000,9.243,9.243,0.000,CCW
11,11,2022,09,20,15,207.812,207.812,0.000,9.247,9.246,0.000,CCW
11,11,2022,09,20,16,207.766,207.764,0.000,9.252,9.252,0.000,CCW
11,11,2022,09,20,17,207.720,207.719,0.000,9.256,9.256,0.000,CCW
11,11,2022,09,20,18,207.674,207.673,0.000,9.261,9.259,0.000,CCW
11,11,2022,09,20,19,207.628,207.626,0.000,9.265,9.265,0.000,CCW
11,11,2022,09,20,20,207.582,207.581,0.000,9.270,9.269,0.000,CCW
11,11,2022,09,20,21,207.536,207.536,0.000,9.275,9.275,0.000,CCW
11,11,2022,09,20,22,207.491,207.490,0.000,9.279,9.278,0.000,CCW
11,11,2022,09,20,23,207.445,207.443,0.000,9.284,9.284,0.000,CCW
11,11,2022,09,20,24,207.399,207.399,0.000,9.289,9.288,0.000,CCW
11,11,2022,09,20,25,207.353,207.353,0.000,9.293,9.291,0.000,CCW
11,11,2022,09,20,26,207.307,207.306,0.000,9.298,9.298,0.000,CCW
11,11,2022,09,20,27,207.262,207.261,0.000,9.303,9.303,0.000,CCW
11,11,2022,09,20,28,207.216,207.216,0.000,9.308,9.307,0.000,CCW
11,11,2022,09,20,29,207.170,207.168,0.000,9.313,9.313,0.000,CCW
11,11,2022,09,20,30,207.125,207.125,0.000,9.318,9.317,0.000,CCW
11,11,2022,09,20,31,207.079,207.078,0.000,9.323,9.323,0.000,CCW
11,11,2022,09,20,32,207.034,207.033,0.000,9.328,9.326,0.000,CCW
11,11,2022,09,20,33,206.988,206.986,0.000,9.333,9.333,0.000,CCW
11,11,2022,09,20,34,206.943,206.942,0.000,9.338,9.336,0.000,CCW
11,11,2022,09,20,35,206.897,206.895,0.000,9.343,9.343,0.000,CCW
11,11,2022,09,20,36,206.852,206.851,0.000,9.348,9.348,0.000,CCW
11,11,2022,09,20,37,206.807,206.806,0.000,9.353,9.352,0.000,CCW
11,11,2022,09,20,38,206.761,206.759,0.000,9.358,9.358,0.000,CCW
11,11,2022,09,20,39,206.716,206.716,0.000,9.363,9.362,0.000,CCW
11,11,2022,09,20,40,206.671,206.669,0.000,9.369,9.368,0.000,CCW
11,11,2022,09,20,41,206.626,206.625,0.000,9.374,9.374,0.000,CCW
11,11,2022,09,20,42,206.581,206.580,0.000,9.379,9.378,0.000,CCW
11,11,2022,09,20,43,206.536,206.536,0.000,9.385,9.384,0.000,CCW
11,11,2022,10,43,58,100.000,100.000,0.000,30.000,30.000,0.000,CCW
11,11,2022,10,44,09,100.000,100.000,0.000,30.000,30.000,0.000,CCW
11,11,2022,10,44,19,100.000,100.000,0.000,30.000,30.000,0.000,CCW
11,11,2022,10,44,20,100.000,100.000,0.000,30.000,30.000,0.000,CCW
11,11,2022,10,44,27,100.000,100.000,0.000,30.000,30.000,0.000,CCW
11,11,2022,10,44,29,100.000,100.000,0.000,30.000,30.000,0.000,CCW
11,11,2022,10,44,30,100.000,100.000,0.000,30.000,30.000,0.000,CCW
11,11,2022,10,44,35,100.000,100.000,0.000,30.000,30.000,0.000,CCW
11,11,2022,10,44,37,100.000,100.000,0.000,30.000,30.000,0.000,CCW
11,11,2022,10,44,43,100.000,100.000,0.000,30.000,30.000,0.000,CCW
11,11,2022,10,44,45,100.000,100.000,0.000,30.000,30.000,0.000,CCW
11,11,2022,10,44,47,100.000,100.000,0.000,30.000,30.000,0.000,CCW
11,11,2022,10,44,53,100.000,100.000,0.000,30.000,30.000,0.000,CCW
11,11,2022,10,44,55,100.000,100.000,0.000,30.000,30.000,0.000,CCW
11,11,2022,10,44,57,100.000,100.000,0.000,30.000,30.000,0.000,CCW
11,11,2022,10,45,03,100.000,100.000,0.000,30.000,30.000,0.000,CCW
11,11,2022,10,45,05,100.000,100.000,0.000,30.000,30.000,0.000,CCW
11,11,2022,10,45,07,100.000,100.000,0.000,30.000,30.000,0.000,CCW
11,11,2022,10,45,13,100.000,100.000,0.000,30.000,30.000,0.000,CCW
11,11,2022,10,45,15,100.000,100.000,0.000,30.000,30.000,0.000,CCW
11,11,2022,10,45,17,100.000,100.000,0.000,30.000,30.000,0.000,CCW
11,11,2022,10,45,23,100.000,100.000,0.000,30.000,30.000,0.000,CCW
11,11,2022,10,45,25,100.000,100.000,0.000,30.000,30.000,0.000,CCW
11,11,2022,10,45,27,100.000,100.000,0.000,30.000,30.000,0.000,CCW
11,11,2022,10,45,33,100.000,100.000,0.000,30.000,30.000,0.000,CCW
11,11,2022,10,45,35,100.000,100.000,0.000,30.000,30.000,0.000,CCW
11,11,2022,10,45,37,100.000,100.000,0.000,30.000,30.000,0.000,CCW
11,11,2022,10,45,43,100.000,100.000,0.000,30.000,30.000,0.000,CCW
11,11,2022,10,45,45,100.000,100.000,0.000,30.000,30.000,0.000,CCW
11,11,2022,10,45,48,100.000,100.000,0.000,30.000,30.000,0.000,CCW
11,11,2022,10,45,53,100.000,100.000,0.000,30.000,30.000,0.000,CCW
11,11,2022,10,45,55,100.000,100.000,0.000,30.000,30.000,0.000,CCW
11,11,2022,10,45,58,100.000,100.000,0.000,30.000,30.000,0.000,CCW
11,11,2022,10,46,03,100.000,100.000,0.000,30.000,30.000,0.000,CCW
11,11,2022,10,46,05,100.000,100.000,0.000,30.000,30.000,0.000,CCW
11,11,2022,10,46,08,100.000,100.000,0.000,30.000,30.000,0.000,CCW
11,11,2022,10,46,14,100.000,100.000,0.000,30.000,30.000,0.000,CCW
11,11,2022,10,46,16,100.000,100.000,0.000,30.000,30.000,0.000,CCW
11,11,2022,10,46,18,100.000,100.000,0.000,30.000,30.000,0.000,CCW
11,11,2022,10,46,24,100.000,100.000,0.000,30.000,30.000,0.000,CCW
11,11,2022,10,46,26,100.000,100.000,0.000,30.000,30.000,0.000,CCW
11,11,2022,10,46,28,100.000,100.000,0.000,30.000,30.000,0.000,CCW
11,11,2022,10,46,34,100.000,100.000,0.000,30.000,30.000,0.000,CCW
11,11,2022,10,46,36,100.000,100.000,0.000,30.000,30.000,0.000,CCW
11,11,2022,10,46,38,100.000,100.000,0.000,30.000,30.000,0.000,CCW
11,11,2022,10,46,44,100.000,100.000,0.000,30.000,30.000,0.000,CCW
11,11,2022,10,46,46,100.000,100.000,0.000,30.000,30.000,0.000,CCW
11,11,2022,10,46,48,100.000,100.000,0.000,30.000,30.000,0.000,CCW
11,11,2022,10,46,54,100.000,100.000,0.000,30.000,30.000,0.000,CCW
11,11,2022,10,46,56,100.000,100.000,0.000,30.000,30.000,0.000,CCW
11,11,2022,10,46,58,100.000,100.000,0.000,30.000,30.000,0.000,CCW
11,11,2022,10,47,04,100.000,100.000,0.000,30.000,30.000,0.000,CCW
11,11,2022,10,47,06,100.000,100.000,0.000,30.000,30.000,0.000,CCW
11,11,2022,10,47,08,100.000,100.000,0.000,30.000,30.000,0.000,CCW
11,11,2022,10,47,14,100.000,100.000,0.000,30.000,30.000,0.000,CCW
11,11,2022,10,47,16,100.000,100.000,0.000,30.000,30.000,0.000,CCW
11,11,2022,10,47,18,100.000,100.000,0.000,30.000,30.000,0.000,CCW
11,11,2022,10,47,24,100.000,100.000,0.000,30.000,30.000,0.000,CCW
11,11,2022,10,47,26,100.000,100.000,0.000,30.000,30.000,0.000,CCW
11,11,2022,10,47,29,100.000,100.000,0.000,30.000,30.000,0.000,CCW
11,11,2022,10,47,34,100.000,100.000,0.000,30.000,30.000,0.000,CCW
11,11,2022,10,47,36,100.000,100.000,0.000,30.000,30.000,0.000,CCW
11,11,2022,10,47,39,100.000,100.000,0.000,30.000,30.000,0.000,CCW
11,11,2022,10,47,44,100.000,100.000,0.000,30.000,30.000,0.000,CCW
11,11,2022,10,47,46,100.000,100.000,0.000,30.000,30.000,0.000,CCW
11,11,2022,10,47,49,100.000,100.000,0.000,30.000,30.000,0.000,CCW
11,11,2022,10,47,55,100.000,100.000,0.000,30.000,30.000,0.000,CCW
11,11,2022,10,47,57,100.000,100.000,0.000,30.000,30.000,0.000,CCW
11,11,2022,10,47,59,100.000,100.000,0.000,30.000,30.000,0.000,CCW
11,11,2022,10,48,05,100.000,100.000,0.000,30.000,30.000,0.000,CCW
11,11,2022,10,48,07,100.000,100.000,0.000,30.000,30.000,0.000,CCW
11,11,2022,10,48,09,100.000,100.000,0.000,30.000,30.000,0.000,CCW
11,11,2022,10,48,29,100.000,100.000,0.000,30.000,30.000,0.000,CCW
11,11,2022,10,48,37,100.000,100.000,0.000,30.000,30.000,0.000,CCW
11,11,2022,10,48,39,100.000,100.000,0.000,30.000,30.000,0.000,CCW
11,11,2022,10,48,47,100.000,100.000,0.000,30.000,30.000,0.000,CCW
11,11,2022,10,48,50,100.000,100.000,0.000,30.000,30.000,0.000,CCW
11,11,2022,10,49,37,100.000,100.000,0.000,30.000,30.000,0.000,CCW
11,11,2022,10,52,08,100.000,100.000,0.000,30.000,30.000,0.000,CCW
11,11,2022,10,52,18,100.000,100.000,0.000,30.000,30.000,0.000,CCW
11,11,2022,10,52,29,100.000,100.000,0.000,30.000,30.000,0.000,CCW
11,11,2022,10,52,39,100.000,100.000,0.000,30.000,30.000,0.000,CCW
11,11,2022,10,52,49,100.000,100.000,0.000,30.000,30.000,0.000,CCW
11,11,2022,10,52,59,100.000,100.000,0.000,30.000,30.000,0.000,CCW
11,11,2022,10,53,09,100.000,100.000,0.000,30.000,30.000,0.000,CCW
11,11,2022,10,53,19,100.000,100.000,0.000,30.000,30.000,0.000,CCW
11,11,2022,10,57,20,100.000,100.000,0.000,30.000,30.000,0.000,CCW
11,11,2022,10,57,30,100.000,100.000,0.000,30.000,30.000,0.000,CCW
11,11,2022,10,58,12,100.000,100.000,0.000,30.000,30.000,0.000,CCW
11,11,2022,10,58,22,100.000,100.000,0.000,30.000,30.000,0.000,CCW
11,11,2022,10,58,32,100.000,100.000,0.000,30.000,30.000,0.000,CCW
