15,09,2022,09,16,25,0.000,186.299,0.000,74.604,CW
15,09,2022,09,22,48,0.000,186.299,0.000,74.604,CW
15,09,2022,09,23,06,71.994,185.457,43.009,74.368,CW
15,09,2022,09,23,06,71.994,183.944,43.009,73.905,CW
15,09,2022,09,23,07,71.994,182.323,43.009,73.462,CW
15,09,2022,09,23,07,71.994,180.850,43.009,73.033,CW
15,09,2022,09,23,08,71.994,180.103,43.009,72.808,CW
15,09,2022,09,23,09,71.994,177.850,43.009,72.110,CW
15,09,2022,09,23,09,71.994,176.312,43.009,71.609,CW
15,09,2022,09,23,10,71.994,174.796,43.009,71.116,CW
15,09,2022,09,23,10,71.994,173.286,43.009,70.622,CW
15,09,2022,09,23,11,71.994,171.737,43.009,70.143,CW
15,09,2022,09,23,11,71.994,170.238,43.009,69.673,CW
15,09,2022,09,23,11,71.994,169.478,43.009,69.441,CW
15,09,2022,09,23,12,71.994,167.963,43.009,68.952,CW
15,09,2022,09,23,12,71.994,166.436,43.009,68.459,CW
15,09,2022,09,23,13,71.994,164.918,43.009,67.969,CW
15,09,2022,09,23,13,71.994,163.375,43.009,67.480,CW
15,09,2022,09,23,14,71.994,161.854,43.009,66.991,CW
15,09,2022,09,23,14,71.994,160.329,43.009,66.496,CW
15,09,2022,09,23,15,71.994,158.813,43.009,66.003,CW
15,09,2022,09,23,15,71.494,157.273,42.885,65.497,CW
15,09,2022,09,23,16,71.494,155.757,42.885,64.980,CW
15,09,2022,09,23,16,71.494,154.988,42.885,64.717,CW
15,09,2022,09,23,17,71.494,153.494,42.885,64.184,CW
15,09,2022,09,23,17,71.494,151.956,42.885,63.650,CW
15,09,2022,09,23,18,71.494,150.418,42.885,63.113,CW
15,09,2022,09,23,18,71.494,148.914,42.885,62.596,CW
15,09,2022,09,23,19,71.494,147.424,42.885,62.069,CW
15,09,2022,09,23,19,71.494,145.898,42.885,61.547,CW
15,09,2022,09,23,20,71.494,144.360,42.885,61.009,CW
15,09,2022,09,23,20,71.494,142.855,42.885,60.487,CW
15,09,2022,09,23,21,71.494,141.323,42.885,59.967,CW
15,09,2022,09,23,21,71.494,139.815,42.885,59.454,CW
15,09,2022,09,23,22,71.494,138.272,42.885,58.938,CW
15,09,2022,09,23,22,71.494,136.766,42.885,58.433,CW
15,09,2022,09,23,23,71.494,135.993,42.885,58.174,CW
15,09,2022,09,23,23,71.494,134.482,42.885,57.647,CW
15,09,2022,09,23,24,71.494,132.954,42.885,57.131,CW
15,09,2022,09,23,24,71.494,131.429,42.885,56.620,CW
15,09,2022,09,23,25,71.494,129.906,42.885,56.120,CW
15,09,2022,09,23,25,70.994,128.390,42.760,55.604,CW
15,09,2022,09,23,26,70.994,126.870,42.760,55.087,CW
15,09,2022,09,23,26,70.994,125.342,42.760,54.560,CW
15,09,2022,09,23,27,70.994,123.824,42.760,54.023,CW
15,09,2022,09,23,27,70.994,123.061,42.760,53.758,CW
15,09,2022,09,23,28,70.994,121.547,42.760,53.220,CW
15,09,2022,09,23,28,70.994,120.019,42.760,52.676,CW
15,09,2022,09,23,29,70.994,118.501,42.760,52.126,CW
15,09,2022,09,23,29,70.994,116.959,42.760,51.572,CW
15,09,2022,09,23,30,70.994,115.431,42.760,51.033,CW
15,09,2022,09,23,30,70.994,113.899,42.760,50.495,CW
15,09,2022,09,23,31,70.994,112.407,42.760,49.957,CW
15,09,2022,09,23,31,70.994,110.851,42.760,49.451,CW
15,09,2022,09,23,32,70.994,109.322,42.760,49.001,CW
15,09,2022,09,23,32,70.994,107.813,42.760,48.539,CW
15,09,2022,09,23,33,70.994,106.270,42.760,48.155,CW
15,09,2022,09,23,33,70.994,105.511,42.760,47.968,CW
15,09,2022,09,23,33,70.994,104.012,42.760,47.600,CW
15,09,2022,09,23,34,70.994,102.486,42.760,47.309,CW
15,09,2022,09,23,34,70.994,100.969,42.760,47.034,CW
15,09,2022,09,23,35,70.994,99.457,42.760,46.754,CW
15,09,2022,09,23,35,70.494,97.904,42.636,46.551,CW
15,09,2022,09,23,36,70.494,96.393,42.636,46.364,CW
15,09,2022,09,23,36,70.494,95.613,42.636,46.271,CW
15,09,2022,09,23,37,70.494,94.123,42.636,46.090,CW
15,09,2022,09,23,37,70.494,92.592,42.636,45.908,CW
15,09,2022,09,23,38,70.494,90.300,42.636,45.628,CW
15,09,2022,09,23,38,70.494,89.533,42.636,45.573,CW
15,09,2022,09,23,39,70.494,88.039,42.636,45.507,CW
15,09,2022,09,23,39,70.494,86.540,42.636,45.441,CW
15,09,2022,09,23,40,70.494,85.033,42.636,45.375,CW
15,09,2022,09,23,40,70.494,83.512,42.636,45.308,CW
15,09,2022,09,23,41,70.494,82.006,42.636,45.244,CW
15,09,2022,09,23,41,70.494,80.501,42.636,45.178,CW
15,09,2022,09,23,42,70.494,78.984,42.636,45.112,CW
15,09,2022,09,23,42,70.494,77.473,42.636,45.044,CW
15,09,2022,09,23,43,70.494,76.112,42.636,44.980,CW
15,09,2022,09,23,43,70.494,75.117,42.636,44.914,CW
15,09,2022,09,23,44,70.494,74.635,42.636,44.880,CW
15,09,2022,09,23,44,70.494,73.943,42.636,44.815,CW
15,09,2022,09,23,45,70.494,73.476,42.636,44.749,CW
15,09,2022,09,23,45,69.994,73.051,42.511,44.683,CW
15,09,2022,09,23,46,69.994,72.724,42.511,44.617,CW
15,09,2022,09,23,46,69.994,72.366,42.511,44.551,CW
15,09,2022,09,23,47,69.994,72.002,42.511,44.486,CW
15,09,2022,09,23,47,69.994,71.653,42.511,44.447,CW
15,09,2022,09,23,48,69.994,71.343,42.511,44.414,CW
15,09,2022,09,23,48,69.994,71.031,42.511,44.381,CW
15,09,2022,09,23,49,69.994,70.741,42.511,44.350,CW
15,09,2022,09,23,49,69.994,70.614,42.511,44.321,CW
15,09,2022,09,23,50,69.994,70.471,42.511,44.288,CW
15,09,2022,09,23,51,69.994,70.296,42.511,44.238,CW
15,09,2022,09,23,51,69.994,70.191,42.511,44.205,CW
15,09,2022,09,23,52,69.994,70.020,42.511,44.139,CW
15,09,2022,09,23,54,69.994,69.987,42.511,44.013,CW
15,09,2022,09,23,56,69.494,69.927,42.387,43.898,CW
15,09,2022,09,23,56,69.494,69.823,42.387,43.865,CW
15,09,2022,09,23,57,69.494,69.713,42.387,43.833,CW
15,09,2022,09,23,58,69.494,69.552,42.387,43.766,CW
15,09,2022,09,24,00,69.494,69.494,42.387,43.635,CW
15,09,2022,09,24,02,69.494,69.494,42.387,43.519,CW
15,09,2022,09,24,04,69.494,69.494,42.387,43.381,CW
15,09,2022,09,24,05,69.494,69.494,42.387,43.497,CW
15,09,2022,09,24,05,68.994,69.493,42.262,43.325,CW
15,09,2022,09,24,06,68.994,69.345,42.262,43.272,CW
15,09,2022,09,24,07,68.994,69.147,42.262,43.221,CW
15,09,2022,09,24,08,68.994,69.014,42.262,43.182,CW
15,09,2022,09,24,11,68.994,68.993,42.262,43.067,CW
15,09,2022,09,24,14,68.994,68.951,42.262,42.947,CW
15,09,2022,09,24,17,68.494,68.839,42.137,42.854,CW
15,09,2022,09,24,17,68.494,68.734,42.137,42.832,CW
15,09,2022,09,24,18,68.494,68.525,42.137,42.794,CW
15,09,2022,09,24,20,68.494,68.492,42.137,42.693,CW
15,09,2022,09,24,25,68.494,68.488,42.137,42.590,CW
15,09,2022,09,24,26,67.994,68.341,42.012,42.557,CW
15,09,2022,09,24,27,67.994,68.235,42.012,42.535,CW
15,09,2022,09,24,28,67.994,68.065,42.012,42.497,CW
15,09,2022,09,24,36,67.494,67.995,41.887,42.397,CW
15,09,2022,09,24,36,67.494,67.884,41.887,42.382,CW
15,09,2022,09,24,37,67.494,67.704,41.887,42.361,CW
15,09,2022,09,24,38,67.494,67.586,41.887,42.356,CW
15,09,2022,09,24,46,66.994,67.488,41.762,42.248,CW
15,09,2022,09,24,46,66.994,67.377,41.762,42.239,CW
15,09,2022,09,24,47,66.994,67.270,41.762,42.232,CW
15,09,2022,09,24,48,66.994,67.093,41.762,42.217,CW
15,09,2022,09,24,50,66.994,66.987,41.762,42.189,CW
15,09,2022,09,24,54,66.994,67.404,41.762,42.134,CW
15,09,2022,09,24,55,66.994,66.895,41.762,42.123,CW
15,09,2022,09,24,56,66.494,66.753,41.637,42.102,CW
15,09,2022,09,24,57,66.494,66.648,41.637,42.091,CW
15,09,2022,09,24,58,66.494,66.483,41.637,42.080,CW
15,09,2022,09,25,06,65.994,66.395,41.512,41.970,CW
15,09,2022,09,25,07,65.994,66.221,41.512,41.959,CW
15,09,2022,09,25,08,65.994,66.060,41.512,41.948,CW
15,09,2022,09,25,15,65.994,65.960,41.512,41.847,CW
15,09,2022,09,25,16,65.494,65.809,41.387,41.827,CW
15,09,2022,09,25,17,65.494,65.648,41.387,41.821,CW
15,09,2022,09,25,18,65.494,65.516,41.387,41.805,CW
15,09,2022,09,25,26,64.994,65.457,41.261,41.699,CW
15,09,2022,09,25,26,64.994,65.328,41.261,41.695,CW
15,09,2022,09,25,27,64.994,65.208,41.261,41.684,CW
15,09,2022,09,25,28,64.994,65.053,41.261,41.673,CW
15,09,2022,09,25,36,64.494,64.963,41.136,41.569,CW
15,09,2022,09,25,37,64.494,64.764,41.136,41.552,CW
15,09,2022,09,25,37,64.494,64.659,41.136,41.547,CW
15,09,2022,09,25,38,64.494,64.526,41.136,41.530,CW
15,09,2022,09,25,46,63.994,64.408,41.010,41.420,CW
15,09,2022,09,25,47,63.994,64.260,41.010,41.409,CW
15,09,2022,09,25,47,63.994,64.159,41.010,41.405,CW
15,09,2022,09,25,48,63.994,64.027,41.010,41.392,CW
15,09,2022,09,25,55,63.994,63.919,41.010,41.300,CW
15,09,2022,09,25,57,63.494,63.771,40.885,41.278,CW
15,09,2022,09,25,57,63.494,63.670,40.885,41.272,CW
15,09,2022,09,25,58,63.494,63.478,40.885,41.256,CW
15,09,2022,09,26,06,62.994,63.423,40.759,41.146,CW
15,09,2022,09,26,06,62.994,63.312,40.759,41.136,CW
15,09,2022,09,26,07,62.994,63.132,40.759,41.124,CW
15,09,2022,09,26,08,62.994,62.944,40.759,41.111,CW
15,09,2022,09,26,16,62.494,62.944,40.634,41.007,CW
15,09,2022,09,26,17,62.494,62.824,40.634,40.997,CW
15,09,2022,09,26,17,62.494,62.704,40.634,40.988,CW
15,09,2022,09,26,18,62.494,62.539,40.634,40.975,CW
15,09,2022,09,26,25,61.994,62.495,40.508,40.871,CW
15,09,2022,09,26,26,61.994,62.292,40.508,40.855,CW
15,09,2022,09,26,27,61.994,62.160,40.508,40.844,CW
15,09,2022,09,26,28,61.994,62.021,40.508,40.827,CW
15,09,2022,09,26,36,61.494,61.966,40.383,40.724,CW
15,09,2022,09,26,37,61.494,61.826,40.383,40.710,CW
15,09,2022,09,26,37,61.494,61.720,40.383,40.706,CW
15,09,2022,09,26,38,61.494,61.561,40.383,40.688,CW
15,09,2022,09,26,45,60.994,61.494,40.257,40.585,CW
15,09,2022,09,26,47,60.994,61.302,40.257,40.563,CW
15,09,2022,09,26,47,60.994,61.188,40.257,40.558,CW
15,09,2022,09,26,48,60.994,61.028,40.257,40.541,CW
15,09,2022,09,26,53,60.994,60.924,40.257,40.465,CW
15,09,2022,09,26,57,60.494,60.770,40.132,40.415,CW
15,09,2022,09,26,58,60.494,60.585,40.132,40.404,CW
15,09,2022,09,26,59,60.494,60.479,40.132,40.388,CW
15,09,2022,09,27,07,59.994,60.276,40.006,40.278,CW
15,09,2022,09,27,08,59.994,60.090,40.006,40.261,CW
15,09,2022,09,27,12,59.994,59.990,40.006,40.206,CW
15,09,2022,09,27,16,59.494,59.876,39.880,40.146,CW
15,09,2022,09,27,17,59.494,59.769,39.880,40.135,CW
15,09,2022,09,27,18,59.494,59.589,39.880,40.124,CW
15,09,2022,09,27,25,59.494,59.490,39.880,40.020,CW
15,09,2022,09,27,26,58.994,59.386,39.755,40.009,CW
15,09,2022,09,27,27,58.994,59.187,39.755,39.992,CW
15,09,2022,09,27,28,58.994,59.040,39.755,39.981,CW
15,09,2022,09,27,36,58.494,58.996,39.629,39.877,CW
15,09,2022,09,27,36,58.494,58.885,39.629,39.871,CW
15,09,2022,09,27,37,58.494,58.727,39.629,39.860,CW
15,09,2022,09,27,38,58.494,58.563,39.629,39.849,CW
15,09,2022,09,27,45,58.494,58.492,39.629,39.745,CW
15,09,2022,09,27,46,57.994,58.342,39.504,39.728,CW
15,09,2022,09,27,47,57.994,58.184,39.504,39.719,CW
15,09,2022,09,27,48,57.994,58.036,39.504,39.707,CW
15,09,2022,09,27,55,57.494,57.991,39.378,39.602,CW
15,09,2022,09,27,56,57.494,57.791,39.378,39.591,CW
15,09,2022,09,27,57,57.494,57.639,39.378,39.579,CW
15,09,2022,09,27,58,57.494,57.529,39.378,39.564,CW
15,09,2022,09,28,06,56.994,57.315,39.253,39.454,CW
15,09,2022,09,28,07,56.994,57.150,39.253,39.443,CW
15,09,2022,09,28,08,56.994,57.025,39.253,39.432,CW
15,09,2022,09,28,15,56.494,56.989,39.127,39.332,CW
15,09,2022,09,28,16,56.494,56.831,39.127,39.317,CW
15,09,2022,09,28,17,56.494,56.679,39.127,39.306,CW
15,09,2022,09,28,18,56.494,56.529,39.127,39.289,CW
15,09,2022,09,28,26,55.994,56.358,39.002,39.190,CW
15,09,2022,09,28,27,55.994,56.189,39.002,39.179,CW
15,09,2022,09,28,28,55.994,56.058,39.002,39.170,CW
15,09,2022,09,28,35,55.494,55.997,38.876,39.064,CW
15,09,2022,09,28,36,55.494,55.870,38.876,39.053,CW
15,09,2022,09,28,37,55.494,55.661,38.876,39.042,CW
15,09,2022,09,28,38,55.494,55.557,38.876,39.031,CW
15,09,2022,09,28,43,55.494,55.447,38.876,38.965,CW
15,09,2022,09,28,47,54.994,55.298,38.751,38.916,CW
15,09,2022,09,28,47,54.994,55.189,38.751,38.909,CW
15,09,2022,09,28,48,54.994,55.046,38.751,38.892,CW
15,09,2022,09,28,56,54.494,54.848,38.626,38.784,CW
15,09,2022,09,28,57,54.494,54.739,38.626,38.778,CW
15,09,2022,09,28,58,54.494,54.574,38.626,38.762,CW
15,09,2022,09,29,04,54.494,54.441,38.626,38.679,CW
15,09,2022,09,29,07,53.994,54.240,38.500,38.642,CW
15,09,2022,09,29,08,53.994,54.074,38.500,38.626,CW
15,09,2022,09,29,10,53.994,53.942,38.500,38.608,CW
15,09,2022,09,29,17,53.494,53.794,38.375,38.515,CW
15,09,2022,09,29,17,53.494,53.689,38.375,38.509,CW
15,09,2022,09,29,18,53.494,53.519,38.375,38.494,CW
15,09,2022,09,29,26,52.994,53.442,38.250,38.394,CW
15,09,2022,09,29,27,52.994,53.320,38.250,38.387,CW
15,09,2022,09,29,27,52.994,53.201,38.250,38.377,CW
15,09,2022,09,29,28,52.994,53.014,38.250,38.361,CW
15,09,2022,09,29,36,52.494,52.986,38.125,38.260,CW
15,09,2022,09,29,37,52.494,52.811,38.125,38.251,CW
15,09,2022,09,29,37,52.494,52.661,38.125,38.244,CW
15,09,2022,09,29,38,52.494,52.526,38.125,38.227,CW
15,09,2022,09,29,46,51.994,52.415,38.000,38.125,CW
15,09,2022,09,29,47,51.994,52.245,38.000,38.114,CW
15,09,2022,09,29,48,51.994,52.068,38.000,38.098,CW
15,09,2022,09,29,53,51.994,51.992,38.000,37.993,CW
15,09,2022,09,29,57,51.494,51.793,37.875,38.019,CW
15,09,2022,09,29,57,51.494,51.683,37.875,38.009,CW
15,09,2022,09,29,58,51.494,51.536,37.875,37.998,CW
15,09,2022,09,30,06,50.994,51.393,37.750,37.894,CW
15,09,2022,09,30,07,50.994,51.196,37.750,37.881,CW
15,09,2022,09,30,08,50.994,51.075,37.750,37.866,CW
15,09,2022,09,30,11,50.994,50.954,37.750,37.833,CW
15,09,2022,09,30,17,50.494,50.755,37.625,37.751,CW
15,09,2022,09,30,18,50.494,50.580,37.625,37.739,CW
15,09,2022,09,30,25,49.994,50.486,37.501,37.630,CW
15,09,2022,09,30,26,49.994,50.343,37.501,37.619,CW
15,09,2022,09,30,27,49.994,50.233,37.501,37.614,CW
15,09,2022,09,30,28,49.994,50.068,37.501,37.603,CW
15,09,2022,09,30,36,49.494,49.932,37.376,37.505,CW
15,09,2022,09,30,37,49.494,49.767,37.376,37.498,CW
15,09,2022,09,30,37,49.494,49.664,37.376,37.493,CW
15,09,2022,09,30,38,49.494,49.524,37.376,37.476,CW
15,09,2022,09,30,46,48.994,49.381,37.252,37.377,CW
15,09,2022,09,30,47,48.994,49.218,37.252,37.366,CW
15,09,2022,09,30,48,48.994,49.060,37.252,37.351,CW
15,09,2022,09,30,56,48.494,48.932,37.127,37.251,CW
15,09,2022,09,30,56,48.494,48.824,37.127,37.246,CW
15,09,2022,09,30,57,48.494,48.713,37.127,37.240,CW
15,09,2022,09,30,58,48.494,48.586,37.127,37.229,CW
15,09,2022,09,31,06,47.994,48.389,37.003,37.125,CW
15,09,2022,09,31,07,47.994,48.229,37.003,37.119,CW
15,09,2022,09,31,08,47.994,48.064,37.003,37.103,CW
15,09,2022,09,31,16,47.494,47.938,36.879,37.004,CW
15,09,2022,09,31,17,47.494,47.780,36.879,36.993,CW
15,09,2022,09,31,18,47.494,47.610,36.879,36.982,CW
15,09,2022,09,31,19,47.494,47.508,36.879,36.967,CW
15,09,2022,09,31,26,46.994,47.328,36.755,36.872,CW
15,09,2022,09,31,27,46.994,47.218,36.755,36.867,CW
15,09,2022,09,31,28,46.994,47.059,36.755,36.850,CW
15,09,2022,09,31,36,46.494,46.933,36.631,36.755,CW
15,09,2022,09,31,37,46.494,46.746,36.631,36.746,CW
15,09,2022,09,31,37,46.494,46.643,36.631,36.740,CW
15,09,2022,09,31,38,46.494,46.510,36.631,36.724,CW
15,09,2022,09,31,46,45.994,46.401,36.507,36.630,CW
15,09,2022,09,31,47,45.994,46.290,36.507,36.624,CW
15,09,2022,09,31,47,45.994,46.179,36.507,36.615,CW
15,09,2022,09,31,48,45.994,46.025,36.507,36.603,CW
15,09,2022,09,31,56,45.494,45.895,36.384,36.508,CW
15,09,2022,09,31,57,45.494,45.735,36.384,36.499,CW
15,09,2022,09,31,58,45.494,45.565,36.384,36.482,CW
15,09,2022,09,32,03,45.494,45.454,36.384,36.416,CW
15,09,2022,09,32,06,44.994,45.345,36.260,36.378,CW
15,09,2022,09,32,07,44.994,45.192,36.260,36.368,CW
15,09,2022,09,32,08,44.994,45.047,36.260,36.356,CW
15,09,2022,09,32,16,44.494,44.889,36.137,36.262,CW
15,09,2022,09,32,17,44.494,44.721,36.137,36.253,CW
15,09,2022,09,32,18,44.494,44.558,36.137,36.240,CW
15,09,2022,09,32,26,43.994,44.395,36.014,36.136,CW
15,09,2022,09,32,27,43.994,44.280,36.014,36.130,CW
15,09,2022,09,32,27,43.994,44.175,36.014,36.120,CW
15,09,2022,09,32,28,43.994,44.037,36.014,36.109,CW
15,09,2022,09,32,36,43.494,43.884,35.891,36.015,CW
15,09,2022,09,32,37,43.494,43.721,35.891,36.004,CW
15,09,2022,09,32,38,43.494,43.553,35.891,35.993,CW
15,09,2022,09,32,45,43.494,43.494,35.891,35.889,CW
15,09,2022,09,32,46,42.994,43.384,35.768,35.883,CW
15,09,2022,09,32,47,42.994,43.270,35.768,35.878,CW
15,09,2022,09,32,48,42.994,43.093,35.768,35.867,CW
15,09,2022,09,32,52,42.994,42.983,35.768,35.802,CW
15,09,2022,09,32,56,42.494,42.846,35.645,35.761,CW
15,09,2022,09,32,57,42.494,42.742,35.645,35.757,CW
15,09,2022,09,32,58,42.494,42.566,35.645,35.740,CW
15,09,2022,09,33,06,41.994,42.438,35.523,35.647,CW
15,09,2022,09,33,07,41.994,42.284,35.523,35.642,CW
15,09,2022,09,33,07,41.994,42.181,35.523,35.631,CW
15,09,2022,09,33,08,41.994,42.033,35.523,35.614,CW
15,09,2022,09,33,16,41.494,41.881,35.400,35.521,CW
15,09,2022,09,33,16,41.494,41.769,35.400,35.515,CW
15,09,2022,09,33,17,41.494,41.627,35.400,35.503,CW
15,09,2022,09,33,18,41.494,41.517,35.400,35.488,CW
15,09,2022,09,33,26,40.994,41.397,35.278,35.394,CW
15,09,2022,09,33,27,40.994,41.286,35.278,35.389,CW
15,09,2022,09,33,27,40.994,41.182,35.278,35.385,CW
15,09,2022,09,33,28,40.994,41.079,35.278,35.378,CW
15,09,2022,09,33,30,40.994,40.963,35.278,35.350,CW
15,09,2022,09,33,36,40.494,40.846,35.156,35.274,CW
15,09,2022,09,33,37,40.494,40.715,35.156,35.268,CW
15,09,2022,09,33,38,40.494,40.561,35.156,35.252,CW
15,09,2022,09,33,46,39.994,40.440,35.035,35.158,CW
15,09,2022,09,33,47,39.994,40.270,35.035,35.147,CW
15,09,2022,09,33,48,39.994,40.094,35.035,35.136,CW
15,09,2022,09,33,50,39.994,39.994,35.035,35.109,CW
15,09,2022,09,33,56,39.494,39.830,34.913,35.032,CW
15,09,2022,09,33,57,39.494,39.722,34.913,35.026,CW
15,09,2022,09,33,58,39.494,39.561,34.913,35.011,CW
15,09,2022,09,34,06,38.994,39.495,34.792,34.911,CW
15,09,2022,09,34,07,38.994,39.325,34.792,34.906,CW
15,09,2022,09,34,07,38.994,39.215,34.792,34.900,CW
15,09,2022,09,34,08,38.994,39.061,34.792,34.884,CW
15,09,2022,09,34,16,38.494,38.935,34.670,34.790,CW
15,09,2022,09,34,17,38.494,38.759,34.670,34.785,CW
15,09,2022,09,34,18,38.494,38.590,34.670,34.768,CW
15,09,2022,09,34,19,38.494,38.490,34.670,34.746,CW
15,09,2022,09,34,27,37.994,38.342,34.549,34.664,CW
15,09,2022,09,34,27,37.994,38.232,34.549,34.658,CW
15,09,2022,09,34,28,37.994,38.063,34.549,34.643,CW
15,09,2022,09,34,36,37.494,37.946,34.429,34.548,CW
15,09,2022,09,34,36,37.494,37.842,34.429,34.544,CW
15,09,2022,09,34,37,37.494,37.682,34.429,34.533,CW
15,09,2022,09,34,38,37.494,37.534,34.429,34.521,CW
15,09,2022,09,34,46,36.994,37.386,34.308,34.428,CW
15,09,2022,09,34,47,36.994,37.272,34.308,34.422,CW
15,09,2022,09,34,48,36.994,37.133,34.308,34.411,CW
15,09,2022,09,34,49,36.994,37.014,34.308,34.400,CW
15,09,2022,09,34,56,36.494,36.908,34.188,34.307,CW
15,09,2022,09,34,57,36.494,36.798,34.188,34.301,CW
15,09,2022,09,34,57,36.494,36.683,34.188,34.290,CW
15,09,2022,09,34,58,36.494,36.534,34.188,34.279,CW
15,09,2022,09,35,03,36.494,42.260,34.188,34.212,CW
15,09,2022,09,35,04,36.494,36.496,34.188,34.208,CW
15,09,2022,09,35,06,35.994,36.375,34.068,34.186,CW
15,09,2022,09,35,07,35.994,36.272,34.068,34.180,CW
15,09,2022,09,35,08,35.994,36.128,34.068,34.168,CW
15,09,2022,09,35,09,35.994,36.014,34.068,34.154,CW
15,09,2022,09,35,16,35.494,35.897,33.948,34.071,CW
15,09,2022,09,35,17,35.494,35.772,33.948,34.065,CW
15,09,2022,09,35,18,35.494,35.606,33.948,34.049,CW
15,09,2022,09,35,19,35.494,35.496,33.948,34.032,CW
15,09,2022,09,35,26,34.994,35.331,33.828,33.944,CW
15,09,2022,09,35,27,34.994,35.228,33.828,33.939,CW
15,09,2022,09,35,28,34.994,35.062,33.828,33.926,CW
15,09,2022,09,35,36,34.494,34.936,33.709,33.829,CW
15,09,2022,09,35,37,34.494,34.782,33.709,33.823,CW
15,09,2022,09,35,38,34.494,34.606,33.709,33.807,CW
15,09,2022,09,35,39,34.494,34.502,33.709,33.795,CW
15,09,2022,09,35,46,33.994,34.392,33.590,33.708,CW
15,09,2022,09,35,47,33.994,34.237,33.590,33.697,CW
15,09,2022,09,35,48,33.994,34.068,33.590,33.686,CW
15,09,2022,09,35,56,33.494,33.931,33.471,33.593,CW
15,09,2022,09,35,56,33.494,33.777,33.471,33.587,CW
15,09,2022,09,35,57,33.494,33.589,33.471,33.576,CW
15,09,2022,09,36,05,33.494,33.498,33.471,33.476,CW
15,09,2022,09,36,06,32.994,33.337,33.353,33.472,CW
15,09,2022,09,36,07,32.994,33.201,33.353,33.461,CW
15,09,2022,09,36,08,32.994,33.046,33.353,33.444,CW
15,09,2022,09,36,16,32.494,32.927,33.234,33.351,CW
15,09,2022,09,36,17,32.494,32.761,33.234,33.340,CW
15,09,2022,09,36,17,32.494,32.655,33.234,33.335,CW
15,09,2022,09,36,18,32.494,32.515,33.234,33.318,CW
15,09,2022,09,36,20,32.494,32.377,33.234,33.291,CW
15,09,2022,09,36,26,31.994,32.151,33.116,33.229,CW
15,09,2022,09,36,27,31.994,32.029,33.116,33.215,CW
15,09,2022,09,36,35,31.994,31.987,33.116,33.115,CW
15,09,2022,09,36,37,31.494,31.788,32.998,33.104,CW
15,09,2022,09,36,37,31.494,31.684,32.998,33.093,CW
15,09,2022,09,36,38,31.494,31.514,32.998,33.082,CW
15,09,2022,09,36,46,30.994,31.380,32.881,32.994,CW
15,09,2022,09,36,47,30.994,31.272,32.881,32.988,CW
15,09,2022,09,36,48,30.994,31.092,32.881,32.977,CW
15,09,2022,09,36,52,30.994,30.946,32.881,32.906,CW
15,09,2022,09,36,57,30.494,30.805,32.764,32.873,CW
15,09,2022,09,36,58,30.494,30.644,32.764,32.862,CW
15,09,2022,09,36,59,30.494,30.519,32.764,32.844,CW
15,09,2022,09,37,06,29.994,30.360,32.647,32.763,CW
15,09,2022,09,37,07,29.994,30.164,32.647,32.741,CW
15,09,2022,09,37,08,29.994,30.020,32.647,32.725,CW
15,09,2022,09,37,16,29.494,29.899,32.530,32.642,CW
15,09,2022,09,37,17,29.494,29.739,32.530,32.631,CW
15,09,2022,09,37,18,29.494,29.575,32.530,32.620,CW
15,09,2022,09,37,26,28.994,29.404,32.414,32.531,CW
15,09,2022,09,37,27,28.994,29.294,32.414,32.522,CW
15,09,2022,09,37,27,28.994,29.190,32.414,32.516,CW
15,09,2022,09,37,28,28.994,29.053,32.414,32.500,CW
15,09,2022,09,37,36,28.494,28.888,32.298,32.412,CW
15,09,2022,09,37,37,28.494,28.733,32.298,32.401,CW
15,09,2022,09,37,38,28.494,28.569,32.298,32.384,CW
15,09,2022,09,37,46,27.994,28.454,32.182,32.296,CW
15,09,2022,09,37,46,27.994,28.350,32.182,32.291,CW
15,09,2022,09,37,47,27.994,28.238,32.182,32.285,CW
15,09,2022,09,37,48,27.994,28.113,32.182,32.274,CW
15,09,2022,09,37,49,27.994,27.993,32.182,32.252,CW
15,09,2022,09,37,56,27.494,27.881,32.066,32.175,CW
15,09,2022,09,37,57,27.494,27.729,32.066,32.170,CW
15,09,2022,09,37,58,27.494,27.568,32.066,32.153,CW
15,09,2022,09,38,06,26.994,27.383,31.951,32.060,CW
15,09,2022,09,38,07,26.994,27.267,31.951,32.055,CW
15,09,2022,09,38,08,26.994,27.086,31.951,32.044,CW
15,09,2022,09,38,16,26.494,26.868,31.836,31.945,CW
15,09,2022,09,38,17,26.494,26.713,31.836,31.939,CW
15,09,2022,09,38,18,26.494,26.559,31.836,31.923,CW
15,09,2022,09,38,26,25.994,26.453,31.722,31.835,CW
15,09,2022,09,38,26,25.994,26.345,31.722,31.834,CW
15,09,2022,09,38,27,25.994,26.180,31.722,31.824,CW
15,09,2022,09,38,28,25.994,26.041,31.722,31.807,CW
15,09,2022,09,38,36,25.494,25.905,31.608,31.720,CW
15,09,2022,09,38,37,25.494,25.735,31.608,31.709,CW
15,09,2022,09,38,38,25.494,25.565,31.608,31.692,CW
15,09,2022,09,38,46,24.994,25.455,31.494,31.611,CW
15,09,2022,09,38,47,24.994,25.341,31.494,31.604,CW
15,09,2022,09,38,47,24.994,25.230,31.494,31.597,CW
15,09,2022,09,38,48,24.994,25.065,31.494,31.584,CW
15,09,2022,09,38,56,24.494,24.949,31.380,31.494,CW
15,09,2022,09,38,57,24.494,24.742,31.380,31.489,CW
15,09,2022,09,38,59,24.494,24.565,31.380,31.450,CW
15,09,2022,09,39,06,23.994,24.378,31.267,31.373,CW
15,09,2022,09,39,07,23.994,24.267,31.267,31.368,CW
15,09,2022,09,39,08,23.994,24.120,31.267,31.357,CW
15,09,2022,09,39,09,23.994,24.010,31.267,31.342,CW
15,09,2022,09,39,16,23.494,23.882,31.154,31.264,CW
15,09,2022,09,39,17,23.494,23.774,31.154,31.258,CW
15,09,2022,09,39,17,23.494,23.674,31.154,31.253,CW
15,09,2022,09,39,18,23.494,23.532,31.154,31.236,CW
15,09,2022,09,39,26,22.994,23.382,31.042,31.154,CW
15,09,2022,09,39,27,22.994,23.226,31.042,31.144,CW
15,09,2022,09,39,28,22.994,23.069,31.042,31.130,CW
15,09,2022,09,39,36,22.494,22.960,30.930,31.044,CW
15,09,2022,09,39,36,22.494,22.846,30.930,31.038,CW
15,09,2022,09,39,37,22.494,22.692,30.930,31.027,CW
15,09,2022,09,39,38,22.494,22.549,30.930,31.016,CW
15,09,2022,09,39,46,21.994,22.401,30.818,30.929,CW
15,09,2022,09,39,47,21.994,22.287,30.818,30.923,CW
15,09,2022,09,39,48,21.994,22.104,30.818,30.907,CW
15,09,2022,09,39,49,21.994,21.995,30.818,30.894,CW
15,09,2022,09,39,56,21.494,21.831,30.707,30.812,CW
15,09,2022,09,39,57,21.494,21.677,30.707,30.802,CW
15,09,2022,09,39,58,21.494,21.531,30.707,30.790,CW
15,09,2022,09,40,07,20.994,21.335,30.596,30.703,CW
15,09,2022,09,40,07,20.994,21.225,30.596,30.698,CW
15,09,2022,09,40,08,20.994,21.059,30.596,30.681,CW
15,09,2022,09,40,16,20.494,20.939,30.485,30.599,CW
15,09,2022,09,40,17,20.494,20.775,30.485,30.589,CW
15,09,2022,09,40,17,20.494,20.674,30.485,30.582,CW
15,09,2022,09,40,18,20.494,20.532,30.485,30.567,CW
15,09,2022,09,40,26,19.994,20.389,30.375,30.478,CW
15,09,2022,09,40,27,19.994,20.280,30.375,30.473,CW
15,09,2022,09,40,28,19.994,20.136,30.375,30.462,CW
15,09,2022,09,40,29,19.994,20.011,30.375,30.451,CW
15,09,2022,09,40,36,19.494,19.900,30.265,30.368,CW
15,09,2022,09,40,37,19.494,19.787,30.265,30.363,CW
15,09,2022,09,40,37,19.494,19.681,30.265,30.357,CW
15,09,2022,09,40,38,19.494,19.539,30.265,30.346,CW
15,09,2022,09,40,46,18.994,19.385,30.155,30.258,CW
15,09,2022,09,40,47,18.994,19.220,30.155,30.247,CW
15,09,2022,09,40,48,18.994,19.061,30.155,30.236,CW
15,09,2022,09,40,56,18.494,18.950,30.046,30.153,CW
15,09,2022,09,40,57,18.494,18.781,30.046,30.143,CW
15,09,2022,09,40,57,18.494,18.675,30.046,30.138,CW
15,09,2022,09,40,58,18.494,18.533,30.046,30.122,CW
15,09,2022,09,41,06,17.994,18.396,29.937,30.048,CW
15,09,2022,09,41,07,17.994,18.281,29.937,30.043,CW
15,09,2022,09,41,07,17.994,18.138,29.937,30.033,CW
15,09,2022,09,41,09,17.994,18.017,29.937,30.017,CW
15,09,2022,09,41,17,17.494,17.829,29.829,29.934,CW
15,09,2022,09,41,17,17.494,17.722,29.829,29.929,CW
15,09,2022,09,41,18,17.494,17.557,29.829,29.912,CW
15,09,2022,09,41,26,16.994,17.400,29.721,29.824,CW
15,09,2022,09,41,27,16.994,17.291,29.721,29.819,CW
15,09,2022,09,41,27,16.994,17.188,29.721,29.813,CW
15,09,2022,09,41,28,16.994,17.041,29.721,29.798,CW
15,09,2022,09,41,36,16.494,16.909,29.614,29.720,CW
15,09,2022,09,41,37,16.494,16.798,29.614,29.715,CW
15,09,2022,09,41,38,16.494,16.645,29.614,29.704,CW
15,09,2022,09,41,39,16.494,16.523,29.614,29.687,CW
15,09,2022,09,41,46,15.994,16.349,29.506,29.610,CW
15,09,2022,09,41,47,15.994,16.237,29.506,29.599,CW
15,09,2022,09,41,48,15.994,16.085,29.506,29.587,CW
15,09,2022,09,41,56,15.494,15.882,29.400,29.506,CW
15,09,2022,09,41,57,15.494,15.721,29.400,29.495,CW
15,09,2022,09,41,58,15.494,15.591,29.400,29.484,CW
15,09,2022,09,42,00,15.494,15.490,29.400,29.456,CW
15,09,2022,09,42,07,14.994,15.294,29.293,29.390,CW
15,09,2022,09,42,07,14.994,15.188,29.293,29.385,CW
15,09,2022,09,42,08,14.994,15.077,29.293,29.374,CW
15,09,2022,09,42,16,14.494,14.941,29.188,29.292,CW
15,09,2022,09,42,16,14.494,14.831,29.188,29.286,CW
15,09,2022,09,42,17,14.494,14.723,29.188,29.281,CW
15,09,2022,09,42,18,14.494,14.561,29.188,29.264,CW
15,09,2022,09,42,26,13.994,14.349,29.082,29.182,CW
15,09,2022,09,42,27,13.994,14.183,29.082,29.169,CW
15,09,2022,09,42,28,13.994,14.036,29.082,29.154,CW
15,09,2022,09,42,29,13.994,13.996,29.082,28.513,CW
15,09,2022,09,42,30,13.994,13.996,29.082,29.138,CW
15,09,2022,09,42,36,13.494,13.881,28.977,29.127,CW
15,09,2022,09,42,37,13.494,13.667,28.977,29.121,CW
15,09,2022,09,42,38,13.494,13.547,28.977,29.105,CW
15,09,2022,09,42,45,13.494,13.491,28.977,29.000,CW
15,09,2022,09,42,47,12.994,13.287,28.872,28.978,CW
15,09,2022,09,42,47,12.994,13.183,28.872,28.973,CW
15,09,2022,09,42,48,12.994,13.035,28.872,28.956,CW
15,09,2022,09,42,56,12.494,12.892,28.768,28.874,CW
15,09,2022,09,42,57,12.494,12.777,28.768,28.863,CW
15,09,2022,09,42,58,12.494,12.635,28.768,28.852,CW
15,09,2022,09,42,59,12.494,12.517,28.768,28.841,CW
15,09,2022,09,43,06,11.994,12.387,28.665,28.770,CW
15,09,2022,09,43,07,11.994,12.273,28.665,28.764,CW
15,09,2022,09,43,08,11.994,12.095,28.665,28.748,CW
15,09,2022,09,43,13,11.994,11.995,28.665,28.676,CW
15,09,2022,09,43,16,11.494,11.880,28.561,28.660,CW
15,09,2022,09,43,17,11.494,11.716,28.561,28.654,CW
15,09,2022,09,43,18,11.494,11.548,28.561,28.638,CW
15,09,2022,09,45,17,0.000,11.502,0.000,28.555,CW
15,09,2022,09,45,39,0.000,11.501,0.000,28.554,CW
15,09,2022,09,45,46,11.000,11.273,45.000,29.539,CW
15,09,2022,09,45,47,11.000,11.217,45.000,29.834,CW
15,09,2022,09,45,47,11.000,11.125,45.000,30.440,CW
15,09,2022,09,45,47,11.000,11.053,45.000,31.049,CW
15,09,2022,09,45,48,11.000,11.008,45.000,31.665,CW
15,09,2022,09,45,48,11.000,11.008,45.000,32.273,CW
15,09,2022,09,45,49,11.000,11.008,45.000,32.879,CW
15,09,2022,09,45,50,11.000,11.006,45.000,33.477,CW
15,09,2022,09,45,50,11.000,11.008,45.000,34.055,CW
15,09,2022,09,45,51,11.000,11.008,45.000,34.631,CW
15,09,2022,09,45,51,11.000,11.008,45.000,35.208,CW
15,09,2022,09,45,52,11.000,11.008,45.000,35.806,CW
15,09,2022,09,45,52,11.000,11.008,45.000,36.416,CW
15,09,2022,09,45,52,11.000,11.008,45.000,37.031,CW
15,09,2022,09,45,53,11.000,11.008,45.000,37.324,CW
15,09,2022,09,45,53,11.000,11.008,45.000,37.898,CW
15,09,2022,09,45,54,11.000,11.006,45.000,38.427,CW
15,09,2022,09,45,54,11.000,11.008,45.000,38.894,CW
15,09,2022,09,45,55,11.000,11.008,45.000,39.345,CW
15,09,2022,09,45,55,11.000,11.006,45.000,39.739,CW
15,09,2022,09,45,56,11.000,11.008,45.000,40.129,CW
15,09,2022,09,45,56,11.000,11.006,45.000,40.447,CW
15,09,2022,09,45,57,11.000,11.008,45.000,40.741,CW
15,09,2022,09,45,57,11.000,11.008,45.000,40.888,CW
15,09,2022,09,45,58,11.000,11.008,45.000,41.140,CW
15,09,2022,09,45,58,11.000,11.008,45.000,41.321,CW
15,09,2022,09,45,59,11.000,11.006,45.000,41.503,CW
15,09,2022,09,45,59,11.000,11.008,45.000,41.684,CW
15,09,2022,09,46,00,11.000,11.008,45.000,41.871,CW
15,09,2022,09,46,00,11.000,11.008,45.000,42.059,CW
15,09,2022,09,46,01,11.000,11.008,45.000,42.222,CW
15,09,2022,09,46,02,11.000,11.008,45.000,42.356,CW
15,09,2022,09,46,03,11.000,11.006,45.000,42.486,CW
15,09,2022,09,46,04,11.000,11.006,45.000,42.590,CW
15,09,2022,09,46,05,11.000,11.008,45.000,42.728,CW
15,09,2022,09,46,06,11.000,11.008,45.000,42.865,CW
15,09,2022,09,46,07,11.000,11.006,45.000,43.008,CW
15,09,2022,09,46,09,11.000,11.006,45.000,43.112,CW
15,09,2022,09,46,11,11.000,11.008,45.000,43.233,CW
15,09,2022,09,46,12,11.000,11.006,45.000,43.370,CW
15,09,2022,09,46,14,11.000,11.008,45.000,43.486,CW
15,09,2022,09,46,16,11.000,11.008,45.000,43.618,CW
15,09,2022,12,17,44,0.000,10.998,0.000,43.749,CW
15,09,2022,12,20,19,0.000,11.002,0.000,43.749,CW
15,09,2022,12,20,30,170.000,12.738,10.000,43.107,CW
15,09,2022,12,20,31,170.000,13.609,10.000,42.827,CW
15,09,2022,12,20,31,170.000,15.040,10.000,42.272,CW
15,09,2022,12,20,32,170.000,16.538,10.000,41.718,CW
15,09,2022,12,20,32,170.000,18.006,10.000,41.157,CW
15,09,2022,12,20,33,170.000,19.555,10.000,40.580,CW
15,09,2022,12,20,33,170.000,21.073,10.000,39.992,CW
15,09,2022,12,20,34,170.000,22.582,10.000,39.410,CW
15,09,2022,12,20,34,170.000,24.076,10.000,38.839,CW
15,09,2022,12,20,35,170.000,25.651,10.000,38.273,CW
15,09,2022,12,20,35,170.000,27.202,10.000,37.696,CW
15,09,2022,12,20,36,170.000,28.718,10.000,37.108,CW
15,09,2022,12,20,36,170.000,30.205,10.000,36.504,CW
15,09,2022,12,20,37,170.000,30.964,10.000,36.202,CW
15,09,2022,12,20,37,170.000,32.480,10.000,35.598,CW
15,09,2022,12,20,37,170.000,34.046,10.000,35.004,CW
15,09,2022,12,20,38,170.000,35.551,10.000,34.410,CW
15,09,2022,12,20,38,170.000,37.088,10.000,33.823,CW
15,09,2022,12,20,39,170.000,38.626,10.000,33.236,CW
15,09,2022,12,20,39,170.000,40.154,10.000,32.641,CW
15,09,2022,12,20,40,170.000,41.688,10.000,32.038,CW
15,09,2022,12,20,40,170.000,43.170,10.000,31.430,CW
15,09,2022,12,20,41,170.000,44.670,10.000,30.826,CW
15,09,2022,12,20,41,170.000,46.235,10.000,30.220,CW
15,09,2022,12,20,42,170.000,47.015,10.000,29.914,CW
15,09,2022,12,20,42,170.000,48.492,10.000,29.297,CW
15,09,2022,12,20,43,170.000,50.024,10.000,28.671,CW
15,09,2022,12,20,43,170.000,52.316,10.000,27.743,CW
15,09,2022,12,20,44,170.000,53.828,10.000,27.133,CW
15,09,2022,12,20,44,170.000,54.596,10.000,26.820,CW
15,09,2022,12,20,45,170.000,56.117,10.000,26.182,CW
15,09,2022,12,20,45,170.000,57.672,10.000,25.523,CW
15,09,2022,12,20,46,170.000,59.248,10.000,24.864,CW
15,09,2022,12,20,46,170.000,60.732,10.000,24.216,CW
15,09,2022,12,20,47,170.000,62.230,10.000,23.575,CW
15,09,2022,12,20,47,170.000,63.729,10.000,22.936,CW
15,09,2022,12,20,48,170.000,65.241,10.000,22.277,CW
15,09,2022,12,20,48,170.000,66.796,10.000,21.623,CW
15,09,2022,12,20,49,170.000,67.514,10.000,21.305,CW
15,09,2022,12,20,49,170.000,69.011,10.000,20.662,CW
15,09,2022,12,20,50,170.000,70.500,10.000,20.010,CW
15,09,2022,12,20,50,170.000,72.053,10.000,19.316,CW
15,09,2022,12,20,51,170.000,73.592,10.000,18.634,CW
15,09,2022,12,20,51,170.000,75.103,10.000,17.954,CW
15,09,2022,12,20,52,170.000,76.563,10.000,17.273,CW
15,09,2022,12,20,52,170.000,78.079,10.000,16.613,CW
15,09,2022,12,20,53,170.000,80.397,10.000,15.739,CW
15,09,2022,12,20,54,170.000,81.902,10.000,15.262,CW
15,09,2022,12,20,54,170.000,84.149,10.000,14.871,CW
15,09,2022,12,20,55,170.000,85.676,10.000,14.806,CW
15,09,2022,12,20,56,170.000,87.961,10.000,14.713,CW
15,09,2022,12,20,57,170.000,90.949,10.000,14.586,CW
15,09,2022,12,20,57,170.000,92.486,10.000,14.526,CW
15,09,2022,12,20,58,170.000,94.767,10.000,14.427,CW
15,09,2022,12,20,58,170.000,96.276,10.000,14.367,CW
15,09,2022,12,20,59,170.000,98.575,10.000,14.267,CW
15,09,2022,12,21,00,170.000,100.139,10.000,14.202,CW
15,09,2022,12,21,00,170.000,101.666,10.000,14.131,CW
15,09,2022,12,21,01,170.000,103.151,10.000,14.059,CW
15,09,2022,12,21,01,170.000,104.678,10.000,13.993,CW
15,09,2022,12,21,02,170.000,106.231,10.000,13.922,CW
15,09,2022,12,21,02,170.000,107.764,10.000,13.852,CW
15,09,2022,12,21,03,170.000,109.263,10.000,13.779,CW
15,09,2022,12,21,03,170.000,110.752,10.000,13.708,CW
15,09,2022,12,21,04,170.000,111.539,10.000,13.675,CW
15,09,2022,12,21,04,170.000,113.113,10.000,13.598,CW
15,09,2022,12,21,04,170.000,113.850,10.000,13.565,CW
15,09,2022,12,21,05,170.000,115.366,10.000,13.493,CW
15,09,2022,12,21,05,170.000,116.119,10.000,13.455,CW
15,09,2022,12,21,06,170.000,117.629,10.000,13.388,CW
15,09,2022,12,21,06,170.000,119.207,10.000,13.316,CW
15,09,2022,12,21,07,170.000,120.733,10.000,13.246,CW
15,09,2022,12,21,07,170.000,122.238,10.000,13.173,CW
15,09,2022,12,21,08,170.000,123.732,10.000,13.103,CW
15,09,2022,12,21,08,170.000,124.479,10.000,13.070,CW
15,09,2022,12,21,08,170.000,126.050,10.000,12.999,CW
15,09,2022,12,21,09,170.000,127.554,10.000,12.926,CW
15,09,2022,12,21,09,170.000,129.082,10.000,12.856,CW
15,09,2022,12,21,10,170.000,130.556,10.000,12.781,CW
15,09,2022,12,21,10,170.000,132.120,10.000,12.708,CW
15,09,2022,12,21,11,170.000,133.658,10.000,12.636,CW
15,09,2022,12,21,11,170.000,135.159,10.000,12.560,CW
15,09,2022,12,21,12,170.000,136.657,10.000,12.488,CW
15,09,2022,12,21,12,170.000,138.154,10.000,12.417,CW
15,09,2022,12,21,13,170.000,139.735,10.000,12.341,CW
15,09,2022,12,21,13,170.000,140.521,10.000,12.307,CW
15,09,2022,12,21,14,170.000,142.744,10.000,12.187,CW
15,09,2022,12,21,14,170.000,144.243,10.000,12.115,CW
15,09,2022,12,21,15,170.000,145.029,10.000,12.076,CW
15,09,2022,12,21,15,170.000,146.562,10.000,12.005,CW
15,09,2022,12,21,16,170.000,148.090,10.000,11.933,CW
15,09,2022,12,21,16,170.000,149.583,10.000,11.856,CW
15,09,2022,12,21,17,170.000,151.089,10.000,11.785,CW
15,09,2022,12,21,17,170.000,152.627,10.000,11.712,CW
15,09,2022,12,21,18,170.000,154.153,10.000,11.638,CW
15,09,2022,12,21,18,170.000,155.664,10.000,11.565,CW
15,09,2022,12,21,19,170.000,157.152,10.000,11.499,CW
15,09,2022,12,21,19,170.000,157.925,10.000,11.461,CW
15,09,2022,12,21,20,170.000,159.486,10.000,11.389,CW
15,09,2022,12,21,20,170.000,160.992,10.000,11.318,CW
15,09,2022,12,21,21,170.000,162.501,10.000,11.247,CW
15,09,2022,12,21,21,170.000,163.931,10.000,11.181,CW
15,09,2022,12,21,22,170.000,165.179,10.000,11.109,CW
15,09,2022,12,21,22,170.000,165.958,10.000,11.037,CW
15,09,2022,12,21,23,170.000,166.644,10.000,10.964,CW
15,09,2022,12,21,23,170.000,167.168,10.000,10.895,CW
15,09,2022,12,21,24,170.000,167.567,10.000,10.822,CW
15,09,2022,12,21,24,170.000,167.937,10.000,10.752,CW
15,09,2022,12,21,25,170.000,168.281,10.000,10.681,CW
15,09,2022,12,21,25,170.000,168.571,10.000,10.604,CW
15,09,2022,12,21,26,170.000,168.715,10.000,10.571,CW
15,09,2022,12,21,26,170.000,169.013,10.000,10.498,CW
15,09,2022,12,21,27,170.000,169.182,10.000,10.428,CW
15,09,2022,12,21,27,170.000,169.329,10.000,10.355,CW
15,09,2022,12,21,28,170.000,169.478,10.000,10.285,CW
15,09,2022,12,21,28,170.000,169.612,10.000,10.213,CW
15,09,2022,12,21,29,170.000,169.726,10.000,10.137,CW
15,09,2022,12,21,30,170.000,169.900,10.000,9.994,CW
15,09,2022,12,21,31,170.000,169.983,10.000,9.851,CW
15,09,2022,12,21,32,170.000,169.995,10.000,9.742,CW
15,09,2022,12,21,32,170.000,169.995,10.000,9.600,CW
15,09,2022,12,21,34,170.000,169.999,10.000,9.456,CW
15,09,2022,12,21,35,170.000,170.001,10.000,9.313,CW
15,09,2022,12,21,35,170.000,169.999,10.000,9.172,CW
15,09,2022,12,21,36,170.000,170.001,10.000,9.022,CW
15,09,2022,12,21,37,170.000,169.999,10.000,8.874,CW
15,09,2022,12,21,38,170.000,170.001,10.000,8.765,CW
15,09,2022,12,21,39,170.000,170.001,10.000,8.617,CW
15,09,2022,12,21,43,170.000,170.001,10.000,8.736,CW
15,09,2022,12,21,44,170.000,169.999,10.000,8.841,CW
15,09,2022,12,21,46,170.000,170.001,10.000,8.966,CW
15,09,2022,12,21,48,170.000,169.999,10.000,9.088,CW
15,09,2022,12,21,50,170.000,169.999,10.000,9.192,CW
15,09,2022,12,21,53,170.000,169.999,10.000,9.313,CW
15,09,2022,12,21,55,170.000,170.001,10.000,9.433,CW
15,09,2022,12,21,59,170.000,170.001,10.000,9.540,CW
15,09,2022,12,22,05,170.000,169.999,10.000,9.643,CW
15,09,2022,12,22,12,170.000,170.001,10.000,9.747,CW
15,09,2022,12,22,19,170.000,170.001,10.000,9.857,CW
15,09,2022,12,22,26,170.000,169.999,10.000,9.971,CW
15,09,2022,12,24,01,0.000,170.002,0.000,10.005,CW
15,09,2022,12,24,09,0.000,168.441,10.000,10.016,CW
15,09,2022,12,24,10,0.000,166.967,10.000,10.016,CW
15,09,2022,12,24,10,0.000,165.348,10.000,10.016,CW
15,09,2022,12,24,11,0.000,163.770,10.000,10.016,CW
15,09,2022,12,24,11,0.000,162.243,10.000,10.015,CW
15,09,2022,12,24,12,0.000,160.717,10.000,10.016,CW
15,09,2022,12,24,12,0.000,159.212,10.000,10.016,CW
15,09,2022,12,24,13,0.000,157.669,10.000,10.016,CW
15,09,2022,12,24,13,0.000,156.158,10.000,10.016,CW
15,09,2022,12,24,14,0.000,154.642,10.000,10.016,CW
15,09,2022,12,24,14,0.000,153.175,10.000,10.016,CW
15,09,2022,12,24,15,0.000,151.632,10.000,10.016,CW
15,09,2022,12,24,15,0.000,150.072,10.000,10.016,CW
15,09,2022,12,24,16,0.000,148.609,10.000,10.016,CW
15,09,2022,12,24,16,0.000,147.902,10.000,10.015,CW
15,09,2022,12,24,17,0.000,146.338,10.000,10.016,CW
15,09,2022,12,24,17,0.000,144.811,10.000,10.015,CW
15,09,2022,12,24,18,0.000,143.303,10.000,10.016,CW
15,09,2022,12,24,18,0.000,141.717,10.000,10.016,CW
15,09,2022,12,24,19,0.000,140.245,10.000,10.012,CW
15,09,2022,12,24,19,0.000,138.746,10.000,9.983,CW
15,09,2022,12,24,20,0.000,137.196,10.000,9.982,CW
15,09,2022,12,24,20,0.000,135.630,10.000,9.982,CW
15,09,2022,12,24,21,0.000,134.118,10.000,9.983,CW
15,09,2022,12,24,21,0.000,133.362,10.000,9.982,CW
15,09,2022,12,24,22,0.000,131.906,10.000,9.983,CW
15,09,2022,12,24,22,0.000,130.362,10.000,9.979,CW
15,09,2022,12,24,23,0.000,128.850,10.000,9.978,CW
15,09,2022,12,24,23,0.000,127.330,10.000,9.978,CW
15,09,2022,12,24,24,0.000,125.815,10.000,9.978,CW
15,09,2022,12,24,24,0.000,124.309,10.000,9.978,CW
15,09,2022,12,24,25,0.000,122.771,10.000,9.978,CW
15,09,2022,12,24,25,0.000,121.256,10.000,9.978,CW
15,09,2022,12,24,26,0.000,119.739,10.000,9.978,CW
15,09,2022,12,24,26,0.000,118.212,10.000,9.978,CW
15,09,2022,12,24,27,0.000,116.680,10.000,9.978,CW
15,09,2022,12,24,27,0.000,115.157,10.000,9.978,CW
15,09,2022,12,24,28,0.000,113.634,10.000,9.979,CW
15,09,2022,12,24,28,0.000,112.898,10.000,9.978,CW
15,09,2022,12,24,29,0.000,111.340,10.000,9.978,CW
15,09,2022,12,24,29,0.000,109.824,10.000,9.978,CW
15,09,2022,12,24,30,0.000,108.286,10.000,9.978,CW
15,09,2022,12,24,30,0.000,106.747,10.000,9.983,CW
15,09,2022,12,24,31,0.000,105.248,10.000,9.982,CW
15,09,2022,12,24,31,0.000,103.743,10.000,9.983,CW
15,09,2022,12,24,32,0.000,102.221,10.000,9.990,CW
15,09,2022,12,24,32,0.000,100.694,10.000,9.994,CW
15,09,2022,12,24,33,0.000,99.179,10.000,9.994,CW
15,09,2022,12,24,33,0.000,97.649,10.000,9.994,CW
15,09,2022,12,24,34,0.000,96.125,10.000,9.994,CW
15,09,2022,12,24,34,0.000,95.370,10.000,9.994,CW
15,09,2022,12,24,35,0.000,93.888,10.000,9.994,CW
15,09,2022,12,24,35,0.000,92.357,10.000,9.994,CW
15,09,2022,12,24,36,0.000,90.839,10.000,9.994,CW
15,09,2022,12,24,36,0.000,89.323,10.000,9.994,CW
15,09,2022,12,24,37,0.000,87.817,10.000,9.994,CW
15,09,2022,12,24,37,0.000,86.306,10.000,9.994,CW
15,09,2022,12,24,38,0.000,84.807,10.000,9.994,CW
15,09,2022,12,24,38,0.000,83.281,10.000,9.993,CW
15,09,2022,12,24,38,0.000,81.776,10.000,9.994,CW
15,09,2022,12,24,39,0.000,80.271,10.000,9.993,CW
15,09,2022,12,24,39,0.000,79.508,10.000,9.993,CW
15,09,2022,12,24,40,0.000,77.991,10.000,9.994,CW
15,09,2022,12,24,40,0.000,76.464,10.000,9.994,CW
15,09,2022,12,24,41,0.000,74.975,10.000,9.993,CW
15,09,2022,12,24,41,0.000,73.430,10.000,9.993,CW
15,09,2022,12,24,42,0.000,71.933,10.000,9.994,CW
15,09,2022,12,24,42,0.000,70.399,10.000,9.994,CW
15,09,2022,12,24,43,0.000,68.850,10.000,9.994,CW
15,09,2022,12,24,43,0.000,67.322,10.000,9.994,CW
15,09,2022,12,24,44,0.000,65.791,10.000,9.993,CW
15,09,2022,12,24,44,0.000,64.265,10.000,9.994,CW
15,09,2022,12,24,45,0.000,62.732,10.000,9.993,CW
15,09,2022,12,24,45,0.000,61.231,10.000,9.994,CW
15,09,2022,12,24,46,0.000,60.479,10.000,9.993,CW
15,09,2022,12,24,46,0.000,58.952,10.000,9.993,CW
15,09,2022,12,24,47,0.000,57.419,10.000,9.994,CW
15,09,2022,12,24,47,0.000,55.903,10.000,9.994,CW
15,09,2022,12,24,48,0.000,54.364,10.000,9.994,CW
15,09,2022,12,24,48,0.000,52.848,10.000,9.993,CW
15,09,2022,12,24,49,0.000,51.294,10.000,9.993,CW
15,09,2022,12,24,49,0.000,49.778,10.000,9.994,CW
15,09,2022,12,24,50,0.000,49.011,10.000,9.993,CW
15,09,2022,12,24,50,0.000,47.510,10.000,9.994,CW
15,09,2022,12,24,51,0.000,45.966,10.000,9.994,CW
15,09,2022,12,24,51,0.000,44.417,10.000,9.994,CW
15,09,2022,12,24,52,0.000,42.136,10.000,9.994,CW
15,09,2022,12,24,52,0.000,40.599,10.000,9.994,CW
15,09,2022,12,24,53,0.000,39.083,10.000,9.994,CW
15,09,2022,12,24,53,0.000,38.305,10.000,9.993,CW
15,09,2022,12,24,54,0.000,36.782,10.000,9.994,CW
15,09,2022,12,24,54,0.000,35.260,10.000,9.993,CW
15,09,2022,12,24,55,0.000,33.766,10.000,9.994,CW
15,09,2022,12,24,55,0.000,32.195,10.000,9.994,CW
15,09,2022,12,24,56,0.000,30.662,10.000,9.993,CW
15,09,2022,12,24,56,0.000,29.141,10.000,9.994,CW
15,09,2022,12,24,57,0.000,27.657,10.000,9.993,CW
15,09,2022,12,24,57,0.000,26.121,10.000,9.993,CW
15,09,2022,12,24,58,0.000,24.570,10.000,9.994,CW
15,09,2022,12,24,58,0.000,23.054,10.000,9.993,CW
15,09,2022,12,24,59,0.000,21.549,10.000,9.994,CW
15,09,2022,12,24,59,0.000,20.809,10.000,9.994,CW
15,09,2022,12,25,00,0.000,19.290,10.000,9.994,CW
15,09,2022,12,25,00,0.000,17.738,10.000,9.994,CW
15,09,2022,12,25,01,0.000,16.247,10.000,9.994,CW
15,09,2022,12,25,01,0.000,14.749,10.000,9.993,CW
15,09,2022,12,25,02,0.000,13.217,10.000,9.994,CW
15,09,2022,12,25,02,0.000,11.682,10.000,9.994,CW
15,09,2022,12,25,03,0.000,10.141,10.000,9.993,CW
15,09,2022,12,25,03,0.000,8.644,10.000,9.993,CW
15,09,2022,12,25,04,0.000,7.124,10.000,9.994,CW
15,09,2022,12,25,04,0.000,5.674,10.000,9.994,CW
15,09,2022,12,25,05,0.000,4.586,10.000,9.994,CW
15,09,2022,12,25,05,0.000,4.130,10.000,9.994,CW
15,09,2022,12,25,06,0.000,3.486,10.000,9.994,CW
15,09,2022,12,25,06,0.000,2.988,10.000,9.994,CW
15,09,2022,12,25,07,0.000,2.599,10.000,9.994,CW
15,09,2022,12,25,07,0.000,2.230,10.000,9.993,CW
15,09,2022,12,25,07,0.000,1.869,10.000,9.993,CW
15,09,2022,12,25,08,0.000,1.561,10.000,9.993,CW
15,09,2022,12,25,08,0.000,1.269,10.000,9.994,CW
15,09,2022,12,25,09,0.000,0.961,10.000,9.994,CW
15,09,2022,12,25,09,0.000,0.855,10.000,9.993,CW
15,09,2022,12,25,10,0.000,0.703,10.000,9.993,CW
15,09,2022,12,25,10,0.000,0.549,10.000,9.993,CW
15,09,2022,12,25,11,0.000,0.351,10.000,9.993,CW
15,09,2022,12,25,12,0.000,0.186,10.000,9.994,CW
15,09,2022,12,25,13,0.000,0.042,10.000,9.994,CW
15,09,2022,12,25,14,0.000,359.997,10.000,9.994,CCW
