17,11,2022,09,30,42,10.000,10.000,0.000,30.000,30.000,0.000,CW
17,11,2022,09,30,52,10.100,10.098,0.000,30.000,30.000,0.000,CW
17,11,2022,09,30,53,10.198,10.197,0.000,30.000,30.000,0.000,CW
17,11,2022,09,30,54,10.297,10.295,0.000,30.000,30.000,0.000,CW
17,11,2022,09,30,55,10.395,10.394,0.000,30.000,30.000,0.000,CW
17,11,2022,09,30,56,10.494,10.492,0.000,30.000,30.000,0.000,CW
17,11,2022,09,30,57,10.592,10.591,0.000,30.000,30.000,0.000,CW
17,11,2022,09,30,58,10.691,10.689,0.000,30.000,30.000,0.000,CW
17,11,2022,09,30,59,10.789,10.788,0.000,30.000,30.000,0.000,CW
17,11,2022,09,31,00,10.888,10.887,0.000,30.000,30.000,0.000,CW
17,11,2022,09,31,01,10.987,10.987,0.000,30.000,30.000,0.000,CW
17,11,2022,09,31,02,11.087,11.086,0.000,30.000,30.000,0.000,CW
17,11,2022,09,31,03,11.186,11.185,0.000,30.000,30.000,0.000,CW
17,11,2022,09,31,04,11.285,11.285,0.000,30.000,30.000,0.000,CW
17,11,2022,09,31,05,11.385,11.384,0.000,30.000,30.000,0.000,CW
17,11,2022,09,31,06,11.484,11.483,0.000,30.000,30.000,0.000,CW
17,11,2022,09,31,07,11.583,11.583,0.000,30.000,30.000,0.000,CW
17,11,2022,09,31,08,11.683,11.682,0.000,30.000,30.000,0.000,CW
17,11,2022,09,31,09,11.782,11.781,0.000,30.000,30.000,0.000,CW
17,11,2022,09,31,10,11.881,11.880,0.000,30.000,30.000,0.000,CW
17,11,2022,09,31,11,11.980,11.980,0.000,30.000,30.000,0.000,CW
17,11,2022,09,31,12,12.080,12.079,0.000,30.000,30.000,0.000,CW
17,11,2022,09,31,13,12.179,12.178,0.000,30.000,30.000,0.000,CW
17,11,2022,09,31,14,12.278,12.278,0.000,30.000,30.000,0.000,CW
17,11,2022,09,31,15,12.378,12.377,0.000,30.000,30.000,0.000,CW
17,11,2022,09,31,16,12.477,12.476,0.000,30.000,30.000,0.000,CW
17,11,2022,09,31,17,12.576,12.576,0.000,30.000,30.000,0.000,CW
17,11,2022,09,31,18,12.676,12.675,0.000,30.000,30.000,0.000,CW
17,11,2022,09,31,19,12.775,12.774,0.000,30.000,30.000,0.000,CW
17,11,2022,09,31,20,12.874,12.872,0.000,30.000,30.000,0.000,CW
17,11,2022,09,31,21,12.972,12.971,0.000,30.000,30.000,0.000,CW
17,11,2022,09,31,22,13.071,13.069,0.000,30.000,30.000,0.000,CW
17,11,2022,09,31,23,13.169,13.168,0.000,30.000,30.000,0.000,CW
17,11,2022,09,31,24,13.268,13.266,0.000,30.000,30.000,0.000,CW
17,11,2022,09,31,25,13.366,13.365,0.000,30.000,30.000,0.000,CW
17,11,2022,09,31,26,13.465,13.463,0.000,30.000,30.000,0.000,CW
17,11,2022,09,31,27,13.563,13.562,0.000,30.000,30.000,0.000,CW
17,11,2022,09,31,28,13.662,13.661,0.000,30.000,30.000,0.000,CW
17,11,2022,09,31,29,13.761,13.759,0.000,30.000,30.000,0.000,CW
17,11,2022,09,31,30,13.859,13.858,0.000,30.000,30.000,0.000,CW
17,11,2022,09,31,31,13.958,13.958,0.000,30.000,30.000,0.000,CW
17,11,2022,09,31,32,14.058,14.057,0.000,30.000,30.000,0.000,CW
17,11,2022,09,31,33,14.157,14.156,0.000,30.000,30.000,0.000,CW
17,11,2022,09,31,34,14.256,14.255,0.000,30.000,30.000,0.000,CW
17,11,2022,09,31,35,14.355,14.355,0.000,30.000,30.000,0.000,CW
17,11,2022,09,31,36,14.455,14.454,0.000,30.000,30.000,0.000,CW
17,11,2022,09,31,37,14.554,14.553,0.000,30.000,30.000,0.000,CW
17,11,2022,09,31,38,14.653,14.653,0.000,30.000,30.000,0.000,CW
17,11,2022,09,31,39,14.753,14.752,0.000,30.000,30.000,0.000,CW
17,11,2022,09,31,40,14.852,14.851,0.000,30.000,30.000,0.000,CW
17,11,2022,09,31,41,14.951,14.951,0.000,30.000,30.000,0.000,CW
17,11,2022,09,31,42,15.051,15.050,0.000,30.000,30.000,0.000,CW
17,11,2022,09,31,43,15.150,15.149,0.000,30.000,30.000,0.000,CW
17,11,2022,09,31,44,15.249,15.247,0.000,30.000,30.000,0.000,CW
17,11,2022,09,31,45,15.347,15.346,0.000,30.000,30.000,0.000,CW
17,11,2022,09,31,46,15.446,15.444,0.000,30.000,30.000,0.000,CW
17,11,2022,09,31,47,15.544,15.543,0.000,30.000,30.000,0.000,CW
17,11,2022,09,31,48,15.643,15.641,0.000,30.000,30.000,0.000,CW
17,11,2022,09,31,49,15.741,15.740,0.000,30.000,30.000,0.000,CW
17,11,2022,09,31,50,15.840,15.838,0.000,30.000,30.000,0.000,CW
17,11,2022,09,31,51,15.938,15.937,0.000,30.000,30.000,0.000,CW
17,11,2022,09,31,52,16.037,16.036,0.000,30.000,30.000,0.000,CW
17,11,2022,09,31,53,16.136,16.136,0.000,30.000,30.000,0.000,CW
17,11,2022,09,31,54,16.236,16.235,0.000,30.000,30.000,0.000,CW
17,11,2022,09,31,55,16.335,16.334,0.000,30.000,30.000,0.000,CW
17,11,2022,09,31,56,16.434,16.434,0.000,30.000,30.000,0.000,CW
17,11,2022,09,31,57,16.534,16.533,0.000,30.000,30.000,0.000,CW
17,11,2022,09,31,58,16.633,16.632,0.000,30.000,30.000,0.000,CW
17,11,2022,09,31,59,16.732,16.731,0.000,30.000,30.000,0.000,CW
17,11,2022,09,32,00,16.831,16.831,0.000,30.000,30.000,0.000,CW
17,11,2022,09,32,01,16.931,16.930,0.000,30.000,30.000,0.000,CW
17,11,2022,09,32,02,17.030,17.029,0.000,30.000,30.000,0.000,CW
17,11,2022,09,32,03,17.129,17.129,0.000,30.000,30.000,0.000,CW
17,11,2022,09,32,04,17.229,17.228,0.000,30.000,30.000,0.000,CW
17,11,2022,09,32,05,17.328,17.327,0.000,30.000,30.000,0.000,CW
17,11,2022,09,32,06,17.427,17.427,0.000,30.000,30.000,0.000,CW
17,11,2022,09,32,07,17.527,17.526,0.000,30.000,30.000,0.000,CW
17,11,2022,09,32,08,17.626,17.625,0.000,30.000,30.000,0.000,CW
17,11,2022,09,32,09,17.725,17.725,0.000,30.000,30.000,0.000,CW
17,11,2022,09,32,10,17.825,17.824,0.000,30.000,30.000,0.000,CW
17,11,2022,09,32,11,17.924,17.923,0.000,30.000,30.000,0.000,CW
17,11,2022,09,32,12,18.023,18.021,0.000,30.000,30.000,0.000,CW
17,11,2022,09,32,13,18.121,18.120,0.000,30.000,30.000,0.000,CW
17,11,2022,09,32,14,18.220,18.220,0.000,30.000,30.000,0.000,CW
17,11,2022,09,32,15,18.320,18.319,0.000,30.000,30.000,0.000,CW
17,11,2022,09,32,16,18.419,18.418,0.000,30.000,30.000,0.000,CW
17,11,2022,09,32,17,18.518,18.518,0.000,30.000,30.000,0.000,CW
17,11,2022,09,32,18,18.618,18.617,0.000,30.000,30.000,0.000,CW
17,11,2022,09,32,19,18.717,18.716,0.000,30.000,30.000,0.000,CW
17,11,2022,09,32,20,18.816,18.815,0.000,30.000,30.000,0.000,CW
17,11,2022,09,32,21,18.915,18.915,0.000,30.000,30.000,0.000,CW
17,11,2022,09,32,22,19.015,19.014,0.000,30.000,30.000,0.000,CW
17,11,2022,09,32,23,19.114,19.113,0.000,30.000,30.000,0.000,CW
17,11,2022,09,32,24,19.213,19.213,0.000,30.000,30.000,0.000,CW
17,11,2022,09,32,25,19.313,19.312,0.000,30.000,30.000,0.000,CW
17,11,2022,09,32,26,19.412,19.411,0.000,30.000,30.000,0.000,CW
17,11,2022,09,32,27,19.511,19.511,0.000,30.000,30.000,0.000,CW
17,11,2022,09,32,28,19.611,19.610,0.000,30.000,30.000,0.000,CW
17,11,2022,09,32,29,19.710,19.709,0.000,30.000,30.000,0.000,CW
17,11,2022,09,32,30,19.809,19.809,0.000,30.000,30.000,0.000,CW
17,11,2022,09,32,31,19.909,19.908,0.000,30.000,30.000,0.000,CW
17,11,2022,09,32,32,20.008,20.007,0.000,30.000,30.000,0.000,CW
17,11,2022,09,32,33,20.107,20.106,0.000,30.000,30.000,0.000,CW
17,11,2022,09,32,34,20.206,20.206,0.000,30.000,30.000,0.000,CW
17,11,2022,09,32,35,20.306,20.305,0.000,30.000,30.000,0.000,CW
17,11,2022,09,32,36,20.405,20.404,0.000,30.000,30.000,0.000,CW
17,11,2022,09,32,37,20.504,20.504,0.000,30.000,30.000,0.000,CW
17,11,2022,09,32,38,20.604,20.603,0.000,30.000,30.000,0.000,CW
17,11,2022,09,32,39,20.703,20.702,0.000,30.000,30.000,0.000,CW
17,11,2022,09,32,40,20.802,20.802,0.000,30.000,30.000,0.000,CW
17,11,2022,09,32,41,20.902,20.901,0.000,30.000,30.000,0.000,CW
17,11,2022,09,32,42,21.001,21.000,0.000,30.000,30.000,0.000,CW
17,11,2022,09,32,43,21.100,21.100,0.000,30.000,30.000,0.000,CW
17,11,2022,09,32,44,21.200,21.199,0.000,30.000,30.000,0.000,CW
17,11,2022,09,32,45,21.299,21.298,0.000,30.000,30.000,0.000,CW
17,11,2022,09,32,46,21.398,21.396,0.000,30.000,30.000,0.000,CW
17,11,2022,09,32,47,21.496,21.495,0.000,30.000,30.000,0.000,CW
17,11,2022,09,32,48,21.595,21.595,0.000,30.000,30.000,0.000,CW
17,11,2022,09,32,49,21.695,21.694,0.000,30.000,30.000,0.000,CW
17,11,2022,09,32,50,21.794,21.793,0.000,30.000,30.000,0.000,CW
17,11,2022,09,32,51,21.893,21.893,0.000,30.000,30.000,0.000,CW
17,11,2022,09,32,52,21.993,21.992,0.000,30.000,30.000,0.000,CW
17,11,2022,09,32,53,22.092,22.091,0.000,30.000,30.000,0.000,CW
17,11,2022,09,32,54,22.191,22.190,0.000,30.000,30.000,0.000,CW
17,11,2022,09,32,55,22.290,22.290,0.000,30.000,30.000,0.000,CW
17,11,2022,09,32,56,22.390,22.389,0.000,30.000,30.000,0.000,CW
17,11,2022,09,32,57,22.489,22.488,0.000,30.000,30.000,0.000,CW
17,11,2022,09,32,58,22.588,22.588,0.000,30.000,30.000,0.000,CW
17,11,2022,09,32,59,22.688,22.687,0.000,30.000,30.000,0.000,CW
17,11,2022,09,33,00,22.787,22.786,0.000,30.000,30.000,0.000,CW
17,11,2022,09,33,01,22.886,22.886,0.000,30.000,30.000,0.000,CW
17,11,2022,09,33,02,22.986,22.985,0.000,30.000,30.000,0.000,CW
17,11,2022,09,33,03,23.085,23.084,0.000,30.000,30.000,0.000,CW
17,11,2022,09,33,04,23.184,23.184,0.000,30.000,30.000,0.000,CW
17,11,2022,09,33,05,23.284,23.283,0.000,30.000,30.000,0.000,CW
17,11,2022,09,33,06,23.383,23.382,0.000,30.000,30.000,0.000,CW
17,11,2022,09,33,07,23.482,23.481,0.000,30.000,30.000,0.000,CW
17,11,2022,09,33,08,23.581,23.581,0.000,30.000,30.000,0.000,CW
17,11,2022,09,33,09,23.681,23.680,0.000,30.000,30.000,0.000,CW
17,11,2022,09,33,10,23.780,23.779,0.000,30.000,30.000,0.000,CW
17,11,2022,09,33,11,23.879,23.879,0.000,30.000,30.000,0.000,CW
17,11,2022,09,33,12,23.979,23.978,0.000,30.000,30.000,0.000,CW
17,11,2022,09,33,13,24.078,24.077,0.000,30.000,30.000,0.000,CW
17,11,2022,09,33,14,24.177,24.177,0.000,30.000,30.000,0.000,CW
17,11,2022,09,33,15,24.277,24.276,0.000,30.000,30.000,0.000,CW
17,11,2022,09,33,16,24.376,24.375,0.000,30.000,30.000,0.000,CW
17,11,2022,09,33,17,24.475,24.475,0.000,30.000,30.000,0.000,CW
17,11,2022,09,33,18,24.575,24.574,0.000,30.000,30.000,0.000,CW
17,11,2022,09,33,19,24.674,24.673,0.000,30.000,30.000,0.000,CW
17,11,2022,09,33,20,24.773,24.771,0.000,30.000,30.000,0.000,CW
17,11,2022,09,33,21,24.871,24.870,0.000,30.000,30.000,0.000,CW
17,11,2022,09,33,22,24.970,24.970,0.000,30.000,30.000,0.000,CW
17,11,2022,09,33,23,25.000,25.000,0.000,30.000,30.000,0.000,CW
17,11,2022,09,33,24,25.000,25.000,0.000,30.000,30.000,0.000,CW
17,11,2022,09,33,25,25.000,25.000,0.000,30.000,30.000,0.000,CW
17,11,2022,09,33,26,25.000,25.000,0.000,30.000,30.000,0.000,CW
17,11,2022,09,33,27,25.000,25.000,0.000,30.000,30.000,0.000,CW
17,11,2022,09,33,28,25.000,25.000,0.000,30.000,30.000,0.000,CW
17,11,2022,09,33,29,25.000,25.000,0.000,30.000,30.000,0.000,CW
17,11,2022,09,33,30,25.000,25.000,0.000,30.000,30.000,0.000,CW
17,11,2022,09,33,31,25.000,25.000,0.000,30.000,30.000,0.000,CW
17,11,2022,09,33,32,24.900,24.899,0.000,30.000,30.000,0.000,CW
17,11,2022,09,33,33,24.799,24.798,0.000,30.000,30.000,0.000,CW
17,11,2022,09,33,34,24.698,24.697,0.000,30.000,30.000,0.000,CW
17,11,2022,09,33,35,24.597,24.596,0.000,30.000,30.000,0.000,CW
17,11,2022,09,33,36,24.496,24.495,0.000,30.000,30.000,0.000,CW
17,11,2022,09,33,37,24.395,24.394,0.000,30.000,30.000,0.000,CW
17,11,2022,09,33,38,24.294,24.293,0.000,30.000,30.000,0.000,CW
17,11,2022,09,33,39,24.193,24.192,0.000,30.000,30.000,0.000,CW
17,11,2022,09,33,40,24.092,24.091,0.000,30.000,30.000,0.000,CW
17,11,2022,09,33,41,23.991,23.990,0.000,30.000,30.000,0.000,CW
17,11,2022,09,33,42,23.890,23.889,0.000,30.000,30.000,0.000,CW
17,11,2022,09,33,43,23.789,23.788,0.000,30.000,30.000,0.000,CW
17,11,2022,09,33,44,23.688,23.687,0.000,30.000,30.000,0.000,CW
17,11,2022,09,33,45,23.587,23.586,0.000,30.000,30.000,0.000,CW
17,11,2022,09,33,46,23.486,23.485,0.000,30.000,30.000,0.000,CW
17,11,2022,09,33,47,23.385,23.384,0.000,30.000,30.000,0.000,CW
17,11,2022,09,33,48,23.284,23.283,0.000,30.000,30.000,0.000,CW
17,11,2022,09,33,49,23.183,23.182,0.000,30.000,30.000,0.000,CW
17,11,2022,09,33,50,23.082,23.081,0.000,30.000,30.000,0.000,CW
17,11,2022,09,33,51,22.981,22.980,0.000,30.000,30.000,0.000,CW
17,11,2022,09,33,52,22.880,22.879,0.000,30.000,30.000,0.000,CW
17,11,2022,09,33,53,22.779,22.778,0.000,30.000,30.000,0.000,CW
17,11,2022,09,33,54,22.678,22.677,0.000,30.000,30.000,0.000,CW
17,11,2022,09,33,56,22.577,22.576,0.000,30.000,30.000,0.000,CW
17,11,2022,09,33,57,22.476,22.475,0.000,30.000,30.000,0.000,CW
17,11,2022,09,33,58,22.375,22.375,0.000,30.000,30.000,0.000,CW
17,11,2022,09,33,59,22.275,22.274,0.000,30.000,30.000,0.000,CW
17,11,2022,09,34,00,22.174,22.173,0.000,30.000,30.000,0.000,CW
17,11,2022,09,34,01,22.073,22.072,0.000,30.000,30.000,0.000,CW
17,11,2022,09,34,02,21.972,21.971,0.000,30.000,30.000,0.000,CW
17,11,2022,09,34,03,21.871,21.870,0.000,30.000,30.000,0.000,CW
17,11,2022,09,34,04,21.770,21.769,0.000,30.000,30.000,0.000,CW
17,11,2022,09,34,05,21.669,21.668,0.000,30.000,30.000,0.000,CW
17,11,2022,09,34,06,21.568,21.567,0.000,30.000,30.000,0.000,CW
17,11,2022,09,34,07,21.467,21.466,0.000,30.000,30.000,0.000,CW
17,11,2022,09,34,08,21.366,21.365,0.000,30.000,30.000,0.000,CW
17,11,2022,09,34,09,21.265,21.264,0.000,30.000,30.000,0.000,CW
17,11,2022,09,34,10,21.164,21.163,0.000,30.000,30.000,0.000,CW
17,11,2022,09,34,11,21.063,21.062,0.000,30.000,30.000,0.000,CW
17,11,2022,09,34,12,20.962,20.961,0.000,30.000,30.000,0.000,CW
17,11,2022,09,34,13,20.861,20.860,0.000,30.000,30.000,0.000,CW
17,11,2022,09,34,14,20.760,20.759,0.000,30.000,30.000,0.000,CW
17,11,2022,09,34,15,20.659,20.658,0.000,30.000,30.000,0.000,CW
17,11,2022,09,34,16,20.558,20.557,0.000,30.000,30.000,0.000,CW
17,11,2022,09,34,17,20.457,20.456,0.000,30.000,30.000,0.000,CW
17,11,2022,09,34,18,20.356,20.355,0.000,30.000,30.000,0.000,CW
17,11,2022,09,34,19,20.255,20.254,0.000,30.000,30.000,0.000,CW
17,11,2022,09,34,20,20.154,20.153,0.000,30.000,30.000,0.000,CW
17,11,2022,09,34,21,20.053,20.052,0.000,30.000,30.000,0.000,CW
17,11,2022,09,34,22,19.952,19.951,0.000,30.000,30.000,0.000,CW
17,11,2022,09,34,23,19.851,19.850,0.000,30.000,30.000,0.000,CW
17,11,2022,09,34,24,19.750,19.750,0.000,30.000,30.000,0.000,CW
17,11,2022,09,34,25,19.650,19.649,0.000,30.000,30.000,0.000,CW
17,11,2022,09,34,26,19.549,19.548,0.000,30.000,30.000,0.000,CW
17,11,2022,09,34,27,19.448,19.447,0.000,30.000,30.000,0.000,CW
17,11,2022,09,34,28,19.347,19.346,0.000,30.000,30.000,0.000,CW
17,11,2022,09,34,29,19.246,19.245,0.000,30.000,30.000,0.000,CW
17,11,2022,09,34,30,19.145,19.144,0.000,30.000,30.000,0.000,CW
17,11,2022,09,34,31,19.044,19.043,0.000,30.000,30.000,0.000,CW
17,11,2022,09,34,32,18.943,18.942,0.000,30.000,30.000,0.000,CW
17,11,2022,09,34,33,18.842,18.841,0.000,30.000,30.000,0.000,CW
17,11,2022,09,34,34,18.741,18.740,0.000,30.000,30.000,0.000,CW
17,11,2022,09,34,35,18.640,18.639,0.000,30.000,30.000,0.000,CW
17,11,2022,09,34,36,18.539,18.538,0.000,30.000,30.000,0.000,CW
17,11,2022,09,34,37,18.438,18.437,0.000,30.000,30.000,0.000,CW
17,11,2022,09,34,38,18.337,18.336,0.000,30.000,30.000,0.000,CW
17,11,2022,09,34,39,18.236,18.235,0.000,30.000,30.000,0.000,CW
17,11,2022,09,34,40,18.135,18.134,0.000,30.000,30.000,0.000,CW
17,11,2022,09,34,41,18.034,18.033,0.000,30.000,30.000,0.000,CW
17,11,2022,09,34,42,17.933,17.932,0.000,30.000,30.000,0.000,CW
17,11,2022,09,34,43,17.832,17.831,0.000,30.000,30.000,0.000,CW
17,11,2022,09,34,44,17.731,17.730,0.000,30.000,30.000,0.000,CW
17,11,2022,09,34,45,17.630,17.629,0.000,30.000,30.000,0.000,CW
17,11,2022,09,34,46,17.529,17.528,0.000,30.000,30.000,0.000,CW
17,11,2022,09,34,47,17.428,17.427,0.000,30.000,30.000,0.000,CW
17,11,2022,09,34,48,17.327,17.326,0.000,30.000,30.000,0.000,CW
17,11,2022,09,34,49,17.226,17.225,0.000,30.000,30.000,0.000,CW
17,11,2022,09,34,50,17.125,17.125,0.000,30.000,30.000,0.000,CW
17,11,2022,09,34,51,17.025,17.024,0.000,30.000,30.000,0.000,CW
17,11,2022,09,34,52,16.924,16.923,0.000,30.000,30.000,0.000,CW
17,11,2022,09,34,53,16.823,16.822,0.000,30.000,30.000,0.000,CW
17,11,2022,09,34,54,16.722,16.721,0.000,30.000,30.000,0.000,CW
17,11,2022,09,34,55,16.621,16.620,0.000,30.000,30.000,0.000,CW
17,11,2022,09,34,56,16.520,16.519,0.000,30.000,30.000,0.000,CW
17,11,2022,09,34,57,16.419,16.418,0.000,30.000,30.000,0.000,CW
17,11,2022,09,34,58,16.318,16.317,0.000,30.000,30.000,0.000,CW
17,11,2022,09,34,59,16.217,16.216,0.000,30.000,30.000,0.000,CW
17,11,2022,09,35,00,16.116,16.115,0.000,30.000,30.000,0.000,CW
17,11,2022,09,35,01,16.015,16.014,0.000,30.000,30.000,0.000,CW
17,11,2022,09,35,02,15.914,15.913,0.000,30.000,30.000,0.000,CW
17,11,2022,09,35,03,15.813,15.812,0.000,30.000,30.000,0.000,CW
17,11,2022,09,35,04,15.712,15.711,0.000,30.000,30.000,0.000,CW
17,11,2022,09,35,05,15.611,15.610,0.000,30.000,30.000,0.000,CW
17,11,2022,09,35,06,15.510,15.509,0.000,30.000,30.000,0.000,CW
17,11,2022,09,35,07,15.409,15.408,0.000,30.000,30.000,0.000,CW
17,11,2022,09,35,08,15.308,15.307,0.000,30.000,30.000,0.000,CW
17,11,2022,09,35,09,15.207,15.206,0.000,30.000,30.000,0.000,CW
17,11,2022,09,35,10,15.106,15.105,0.000,30.000,30.000,0.000,CW
17,11,2022,09,35,11,15.005,15.004,0.000,30.000,30.000,0.000,CW
17,11,2022,09,35,12,14.904,14.903,0.000,30.000,30.000,0.000,CW
17,11,2022,09,35,13,14.803,14.802,0.000,30.000,30.000,0.000,CW
17,11,2022,09,35,14,14.702,14.701,0.000,30.000,30.000,0.000,CW
17,11,2022,09,35,15,14.601,14.600,0.000,30.000,30.000,0.000,CW
17,11,2022,09,35,16,14.500,14.500,0.000,30.000,30.000,0.000,CW
17,11,2022,09,35,17,14.400,14.399,0.000,30.000,30.000,0.000,CW
17,11,2022,09,35,18,14.299,14.298,0.000,30.000,30.000,0.000,CW
17,11,2022,09,35,19,14.198,14.197,0.000,30.000,30.000,0.000,CW
17,11,2022,09,35,20,14.097,14.096,0.000,30.000,30.000,0.000,CW
17,11,2022,09,35,21,13.996,13.995,0.000,30.000,30.000,0.000,CW
17,11,2022,09,35,22,13.895,13.894,0.000,30.000,30.000,0.000,CW
17,11,2022,09,35,23,13.794,13.793,0.000,30.000,30.000,0.000,CW
17,11,2022,09,35,24,13.693,13.692,0.000,30.000,30.000,0.000,CW
17,11,2022,09,35,25,13.592,13.591,0.000,30.000,30.000,0.000,CW
17,11,2022,09,35,26,13.491,13.490,0.000,30.000,30.000,0.000,CW
17,11,2022,09,35,27,13.390,13.389,0.000,30.000,30.000,0.000,CW
17,11,2022,09,35,28,13.289,13.288,0.000,30.000,30.000,0.000,CW
17,11,2022,09,35,29,13.188,13.187,0.000,30.000,30.000,0.000,CW
17,11,2022,09,35,30,13.087,13.086,0.000,30.000,30.000,0.000,CW
17,11,2022,09,35,31,12.986,12.985,0.000,30.000,30.000,0.000,CW
17,11,2022,09,35,32,12.885,12.884,0.000,30.000,30.000,0.000,CW
17,11,2022,09,35,33,12.784,12.783,0.000,30.000,30.000,0.000,CW
17,11,2022,09,35,34,12.683,12.682,0.000,30.000,30.000,0.000,CW
17,11,2022,09,35,35,12.582,12.581,0.000,30.000,30.000,0.000,CW
17,11,2022,09,35,36,12.481,12.480,0.000,30.000,30.000,0.000,CW
17,11,2022,09,35,37,12.380,12.379,0.000,30.000,30.000,0.000,CW
17,11,2022,09,35,38,12.279,12.278,0.000,30.000,30.000,0.000,CW
17,11,2022,09,35,39,12.178,12.177,0.000,30.000,30.000,0.000,CW
17,11,2022,09,35,40,12.077,12.076,0.000,30.000,30.000,0.000,CW
17,11,2022,09,35,41,11.976,11.975,0.000,30.000,30.000,0.000,CW
17,11,2022,09,35,42,11.875,11.875,0.000,30.000,30.000,0.000,CW
17,11,2022,09,35,43,11.775,11.774,0.000,30.000,30.000,0.000,CW
17,11,2022,09,35,44,11.674,11.673,0.000,30.000,30.000,0.000,CW
17,11,2022,09,35,45,11.573,11.572,0.000,30.000,30.000,0.000,CW
17,11,2022,09,35,46,11.472,11.471,0.000,30.000,30.000,0.000,CW
17,11,2022,09,35,47,11.371,11.370,0.000,30.000,30.000,0.000,CW
17,11,2022,09,35,48,11.270,11.269,0.000,30.000,30.000,0.000,CW
17,11,2022,09,35,49,11.169,11.168,0.000,30.000,30.000,0.000,CW
17,11,2022,09,35,50,11.068,11.067,0.000,30.000,30.000,0.000,CW
17,11,2022,09,35,51,10.967,10.966,0.000,30.000,30.000,0.000,CW
17,11,2022,09,35,52,10.866,10.865,0.000,30.000,30.000,0.000,CW
17,11,2022,09,35,53,10.765,10.764,0.000,30.000,30.000,0.000,CW
17,11,2022,09,35,54,10.664,10.663,0.000,30.000,30.000,0.000,CW
17,11,2022,09,35,55,10.563,10.562,0.000,30.000,30.000,0.000,CW
17,11,2022,09,35,56,10.462,10.461,0.000,30.000,30.000,0.000,CW
17,11,2022,09,35,57,10.361,10.360,0.000,30.000,30.000,0.000,CW
17,11,2022,09,35,58,10.260,10.259,0.000,30.000,30.000,0.000,CW
17,11,2022,09,35,59,10.159,10.158,0.000,30.000,30.000,0.000,CW
17,11,2022,09,36,00,10.058,10.057,0.000,30.000,30.000,0.000,CW
17,11,2022,09,36,01,9.957,9.956,0.000,30.000,30.000,0.000,CW
17,11,2022,09,36,02,9.856,9.855,0.000,30.000,30.000,0.000,CW
17,11,2022,09,36,03,9.755,9.754,0.000,30.000,30.000,0.000,CW
17,11,2022,09,36,04,9.654,9.653,0.000,30.000,30.000,0.000,CW
17,11,2022,09,36,05,9.553,9.552,0.000,30.000,30.000,0.000,CW
17,11,2022,09,36,06,9.452,9.451,0.000,30.000,30.000,0.000,CW
17,11,2022,09,36,07,9.351,9.350,0.000,30.000,30.000,0.000,CW
17,11,2022,09,36,08,9.250,9.250,0.000,30.000,30.000,0.000,CW
17,11,2022,09,36,09,9.150,9.149,0.000,30.000,30.000,0.000,CW
17,11,2022,09,36,10,9.049,9.048,0.000,30.000,30.000,0.000,CW
17,11,2022,09,36,11,8.948,8.947,0.000,30.000,30.000,0.000,CW
17,11,2022,09,36,12,8.847,8.846,0.000,30.000,30.000,0.000,CW
17,11,2022,09,36,13,8.746,8.745,0.000,30.000,30.000,0.000,CW
17,11,2022,09,36,14,8.645,8.644,0.000,30.000,30.000,0.000,CW
17,11,2022,09,36,15,8.544,8.543,0.000,30.000,30.000,0.000,CW
17,11,2022,09,36,16,8.443,8.442,0.000,30.000,30.000,0.000,CW
17,11,2022,09,36,17,8.342,8.341,0.000,30.000,30.000,0.000,CW
17,11,2022,09,36,18,8.241,8.240,0.000,30.000,30.000,0.000,CW
17,11,2022,09,36,19,8.140,8.139,0.000,30.000,30.000,0.000,CW
17,11,2022,09,36,20,8.039,8.038,0.000,30.000,30.000,0.000,CW
17,11,2022,09,36,21,7.938,7.937,0.000,30.000,30.000,0.000,CW
17,11,2022,09,36,22,7.837,7.836,0.000,30.000,30.000,0.000,CW
17,11,2022,09,36,23,7.736,7.735,0.000,30.000,30.000,0.000,CW
17,11,2022,09,36,24,7.635,7.634,0.000,30.000,30.000,0.000,CW
17,11,2022,09,36,25,7.534,7.533,0.000,30.000,30.000,0.000,CW
17,11,2022,09,36,26,7.433,7.432,0.000,30.000,30.000,0.000,CW
17,11,2022,09,36,27,7.332,7.331,0.000,30.000,30.000,0.000,CW
17,11,2022,09,36,28,7.231,7.230,0.000,30.000,30.000,0.000,CW
17,11,2022,09,36,29,7.130,7.129,0.000,30.000,30.000,0.000,CW
17,11,2022,09,36,30,7.029,7.028,0.000,30.000,30.000,0.000,CW
17,11,2022,09,36,31,6.928,6.927,0.000,30.000,30.000,0.000,CW
17,11,2022,09,36,32,6.827,6.826,0.000,30.000,30.000,0.000,CW
17,11,2022,09,36,33,6.726,6.725,0.000,30.000,30.000,0.000,CW
17,11,2022,09,36,34,6.625,6.625,0.000,30.000,30.000,0.000,CW
17,11,2022,09,36,35,6.525,6.524,0.000,30.000,30.000,0.000,CW
17,11,2022,09,36,36,6.424,6.423,0.000,30.000,30.000,0.000,CW
17,11,2022,09,36,37,6.323,6.322,0.000,30.000,30.000,0.000,CW
17,11,2022,09,36,38,6.222,6.221,0.000,30.000,30.000,0.000,CW
17,11,2022,09,36,39,6.121,6.120,0.000,30.000,30.000,0.000,CW
17,11,2022,09,36,40,6.020,6.019,0.000,30.000,30.000,0.000,CW
17,11,2022,09,36,41,5.919,5.918,0.000,30.000,30.000,0.000,CW
17,11,2022,09,36,42,5.818,5.817,0.000,30.000,30.000,0.000,CW
17,11,2022,09,36,43,5.717,5.716,0.000,30.000,30.000,0.000,CW
17,11,2022,09,36,44,5.616,5.615,0.000,30.000,30.000,0.000,CW
17,11,2022,09,36,45,5.515,5.514,0.000,30.000,30.000,0.000,CW
17,11,2022,09,36,46,5.414,5.413,0.000,30.000,30.000,0.000,CW
17,11,2022,09,36,47,5.313,5.312,0.000,30.000,30.000,0.000,CW
17,11,2022,09,36,48,5.212,5.211,0.000,30.000,30.000,0.000,CW
17,11,2022,09,36,49,5.111,5.110,0.000,30.000,30.000,0.000,CW
17,11,2022,09,36,50,5.010,5.009,0.000,30.000,30.000,0.000,CW
17,11,2022,09,36,51,4.909,4.908,0.000,30.000,30.000,0.000,CW
17,11,2022,09,36,52,4.808,4.807,0.000,30.000,30.000,0.000,CW
17,11,2022,09,36,53,4.707,4.706,0.000,30.000,30.000,0.000,CW
17,11,2022,09,36,54,4.606,4.605,0.000,30.000,30.000,0.000,CW
17,11,2022,09,36,55,4.505,4.504,0.000,30.000,30.000,0.000,CW
17,11,2022,09,36,56,4.404,4.403,0.000,30.000,30.000,0.000,CW
17,11,2022,09,36,57,4.303,4.302,0.000,30.000,30.000,0.000,CW
17,11,2022,09,36,58,4.202,4.201,0.000,30.000,30.000,0.000,CW
17,11,2022,09,36,59,4.101,4.100,0.000,30.000,30.000,0.000,CW
17,11,2022,09,37,00,4.000,3.999,0.000,30.000,30.000,0.000,CW
17,11,2022,09,37,01,3.899,3.899,0.000,30.000,30.000,0.000,CW
17,11,2022,09,37,02,3.799,3.798,0.000,30.000,30.000,0.000,CW
17,11,2022,09,37,03,3.698,3.697,0.000,30.000,30.000,0.000,CW
17,11,2022,09,37,04,3.597,3.596,0.000,30.000,30.000,0.000,CW
17,11,2022,09,37,05,3.496,3.495,0.000,30.000,30.000,0.000,CW
17,11,2022,09,37,06,3.395,3.394,0.000,30.000,30.000,0.000,CW
17,11,2022,09,37,07,3.294,3.293,0.000,30.000,30.000,0.000,CW
17,11,2022,09,37,08,3.193,3.192,0.000,30.000,30.000,0.000,CW
17,11,2022,09,37,09,3.092,3.091,0.000,30.000,30.000,0.000,CW
17,11,2022,09,37,10,2.991,2.990,0.000,30.000,30.000,0.000,CW
17,11,2022,09,37,11,2.890,2.889,0.000,30.000,30.000,0.000,CW
17,11,2022,09,37,12,2.789,2.788,0.000,30.000,30.000,0.000,CW
17,11,2022,09,37,13,2.688,2.687,0.000,30.000,30.000,0.000,CW
17,11,2022,09,37,14,2.587,2.586,0.000,30.000,30.000,0.000,CW
17,11,2022,09,37,15,2.486,2.485,0.000,30.000,30.000,0.000,CW
17,11,2022,09,37,16,2.385,2.384,0.000,30.000,30.000,0.000,CW
17,11,2022,09,37,17,2.284,2.283,0.000,30.000,30.000,0.000,CW
17,11,2022,09,37,18,2.183,2.182,0.000,30.000,30.000,0.000,CW
17,11,2022,09,37,19,2.082,2.081,0.000,30.000,30.000,0.000,CW
17,11,2022,09,37,20,1.981,1.980,0.000,30.000,30.000,0.000,CW
17,11,2022,09,37,21,1.880,1.879,0.000,30.000,30.000,0.000,CW
17,11,2022,09,37,22,1.779,1.778,0.000,30.000,30.000,0.000,CW
17,11,2022,09,37,23,1.678,1.677,0.000,30.000,30.000,0.000,CW
17,11,2022,09,37,24,1.577,1.576,0.000,30.000,30.000,0.000,CW
17,11,2022,09,37,25,1.476,1.475,0.000,30.000,30.000,0.000,CW
17,11,2022,09,37,26,1.375,1.375,0.000,30.000,30.000,0.000,CW
17,11,2022,09,37,27,1.275,1.274,0.000,30.000,30.000,0.000,CW
17,11,2022,09,37,28,1.174,1.173,0.000,30.000,30.000,0.000,CW
17,11,2022,09,37,29,1.073,1.072,0.000,30.000,30.000,0.000,CW
17,11,2022,09,37,30,0.972,0.971,0.000,30.000,30.000,0.000,CW
17,11,2022,09,37,31,0.871,0.870,0.000,30.000,30.000,0.000,CW
17,11,2022,09,37,32,0.770,0.769,0.000,30.000,30.000,0.000,CW
17,11,2022,09,37,33,0.669,0.668,0.000,30.000,30.000,0.000,CW
17,11,2022,09,37,34,0.568,0.567,0.000,30.000,30.000,0.000,CW
17,11,2022,09,37,35,0.467,0.466,0.000,30.000,30.000,0.000,CW
17,11,2022,09,37,36,0.366,0.365,0.000,30.000,30.000,0.000,CW
17,11,2022,09,37,37,0.265,0.264,0.000,30.000,30.000,0.000,CW
17,11,2022,09,37,38,0.164,0.163,0.000,30.000,30.000,0.000,CW
17,11,2022,09,37,39,0.063,0.062,0.000,30.000,30.000,0.000,CW
17,11,2022,09,37,40,359.962,359.961,0.000,30.000,30.000,0.000,CCW
17,11,2022,09,37,41,359.861,359.860,0.000,30.000,30.000,0.000,CCW
17,11,2022,09,37,42,359.760,359.759,0.000,30.000,30.000,0.000,CCW
17,11,2022,09,37,43,359.659,359.658,0.000,30.000,30.000,0.000,CCW
17,11,2022,09,37,45,359.558,359.557,0.000,30.000,30.000,0.000,CCW
17,11,2022,09,37,46,359.457,359.456,0.000,30.000,30.000,0.000,CCW
17,11,2022,09,37,47,359.356,359.355,0.000,30.000,30.000,0.000,CCW
17,11,2022,09,37,48,359.255,359.254,0.000,30.000,30.000,0.000,CCW
17,11,2022,09,37,49,359.154,359.153,0.000,30.000,30.000,0.000,CCW
17,11,2022,09,37,50,359.053,359.052,0.000,30.000,30.000,0.000,CCW
17,11,2022,09,37,51,358.952,358.951,0.000,30.000,30.000,0.000,CCW
17,11,2022,09,37,52,358.851,358.850,0.000,30.000,30.000,0.000,CCW
17,11,2022,09,37,53,358.750,358.750,0.000,30.000,30.000,0.000,CCW
17,11,2022,09,37,54,358.650,358.649,0.000,30.000,30.000,0.000,CCW
17,11,2022,09,37,55,358.549,358.548,0.000,30.000,30.000,0.000,CCW
17,11,2022,09,37,56,358.448,358.447,0.000,30.000,30.000,0.000,CCW
17,11,2022,09,37,57,358.347,358.346,0.000,30.000,30.000,0.000,CCW
17,11,2022,09,37,58,358.246,358.245,0.000,30.000,30.000,0.000,CCW
17,11,2022,09,37,59,358.145,358.144,0.000,30.000,30.000,0.000,CCW
17,11,2022,09,38,00,358.044,358.043,0.000,30.000,30.000,0.000,CCW
17,11,2022,09,38,01,357.943,357.942,0.000,30.000,30.000,0.000,CCW
17,11,2022,09,38,02,357.842,357.841,0.000,30.000,30.000,0.000,CCW
17,11,2022,09,38,03,357.741,357.740,0.000,30.000,30.000,0.000,CCW
17,11,2022,09,38,04,357.640,357.639,0.000,30.000,30.000,0.000,CCW
17,11,2022,09,38,05,357.539,357.538,0.000,30.000,30.000,0.000,CCW
17,11,2022,09,38,06,357.438,357.437,0.000,30.000,30.000,0.000,CCW
17,11,2022,09,38,07,357.337,357.336,0.000,30.000,30.000,0.000,CCW
17,11,2022,09,38,08,357.236,357.235,0.000,30.000,30.000,0.000,CCW
17,11,2022,09,38,09,357.135,357.134,0.000,30.000,30.000,0.000,CCW
17,11,2022,09,38,10,357.034,357.033,0.000,30.000,30.000,0.000,CCW
17,11,2022,09,38,11,356.933,356.932,0.000,30.000,30.000,0.000,CCW
17,11,2022,09,38,12,356.832,356.831,0.000,30.000,30.000,0.000,CCW
17,11,2022,09,38,13,356.731,356.730,0.000,30.000,30.000,0.000,CCW
17,11,2022,09,38,14,356.630,356.629,0.000,30.000,30.000,0.000,CCW
17,11,2022,09,38,15,356.529,356.528,0.000,30.000,30.000,0.000,CCW
17,11,2022,09,38,16,356.428,356.427,0.000,30.000,30.000,0.000,CCW
17,11,2022,09,38,17,356.327,356.326,0.000,30.000,30.000,0.000,CCW
17,11,2022,09,38,18,356.226,356.225,0.000,30.000,30.000,0.000,CCW
17,11,2022,09,38,19,356.125,356.125,0.000,30.000,30.000,0.000,CCW
17,11,2022,09,38,20,356.025,356.024,0.000,30.000,30.000,0.000,CCW
17,11,2022,09,38,21,355.924,355.923,0.000,30.000,30.000,0.000,CCW
17,11,2022,09,38,22,355.823,355.822,0.000,30.000,30.000,0.000,CCW
17,11,2022,09,38,23,355.722,355.721,0.000,30.000,30.000,0.000,CCW
17,11,2022,09,38,24,355.621,355.620,0.000,30.000,30.000,0.000,CCW
17,11,2022,09,38,25,355.520,355.519,0.000,30.000,30.000,0.000,CCW
17,11,2022,09,38,26,355.419,355.418,0.000,30.000,30.000,0.000,CCW
17,11,2022,09,38,27,355.318,355.317,0.000,30.000,30.000,0.000,CCW
17,11,2022,09,38,28,355.217,355.216,0.000,30.000,30.000,0.000,CCW
17,11,2022,09,38,29,355.116,355.115,0.000,30.000,30.000,0.000,CCW
17,11,2022,09,38,30,355.015,355.014,0.000,30.000,30.000,0.000,CCW
17,11,2022,09,38,31,354.914,354.913,0.000,30.000,30.000,0.000,CCW
17,11,2022,09,38,32,354.813,354.812,0.000,30.000,30.000,0.000,CCW
17,11,2022,09,38,33,354.712,354.711,0.000,30.000,30.000,0.000,CCW
17,11,2022,09,38,34,354.611,354.610,0.000,30.000,30.000,0.000,CCW
17,11,2022,09,38,35,354.510,354.509,0.000,30.000,30.000,0.000,CCW
17,11,2022,09,38,36,354.409,354.408,0.000,30.000,30.000,0.000,CCW
17,11,2022,09,38,37,354.308,354.307,0.000,30.000,30.000,0.000,CCW
17,11,2022,09,38,38,354.207,354.206,0.000,30.000,30.000,0.000,CCW
17,11,2022,09,38,39,354.106,354.105,0.000,30.000,30.000,0.000,CCW
17,11,2022,09,38,40,354.005,354.004,0.000,30.000,30.000,0.000,CCW
17,11,2022,09,38,41,353.904,353.903,0.000,30.000,30.000,0.000,CCW
17,11,2022,09,38,42,353.803,353.802,0.000,30.000,30.000,0.000,CCW
17,11,2022,09,38,43,353.702,353.701,0.000,30.000,30.000,0.000,CCW
17,11,2022,09,38,44,353.601,353.600,0.000,30.000,30.000,0.000,CCW
17,11,2022,09,38,45,353.500,353.500,0.000,30.000,30.000,0.000,CCW
17,11,2022,09,38,46,353.400,353.399,0.000,30.000,30.000,0.000,CCW
17,11,2022,09,38,47,353.299,353.298,0.000,30.000,30.000,0.000,CCW
17,11,2022,09,38,48,353.198,353.197,0.000,30.000,30.000,0.000,CCW
17,11,2022,09,38,49,353.097,353.096,0.000,30.000,30.000,0.000,CCW
17,11,2022,09,38,50,352.996,352.995,0.000,30.000,30.000,0.000,CCW
17,11,2022,09,38,51,352.895,352.894,0.000,30.000,30.000,0.000,CCW
17,11,2022,09,38,52,352.794,352.793,0.000,30.000,30.000,0.000,CCW
17,11,2022,09,38,53,352.693,352.692,0.000,30.000,30.000,0.000,CCW
17,11,2022,09,38,54,352.592,352.591,0.000,30.000,30.000,0.000,CCW
17,11,2022,09,38,55,352.491,352.490,0.000,30.000,30.000,0.000,CCW
17,11,2022,09,38,56,352.390,352.389,0.000,30.000,30.000,0.000,CCW
17,11,2022,09,38,57,352.289,352.288,0.000,30.000,30.000,0.000,CCW
17,11,2022,09,38,58,352.188,352.187,0.000,30.000,30.000,0.000,CCW
17,11,2022,09,38,59,352.087,352.086,0.000,30.000,30.000,0.000,CCW
17,11,2022,09,39,00,351.986,351.985,0.000,30.000,30.000,0.000,CCW
17,11,2022,09,39,01,351.885,351.884,0.000,30.000,30.000,0.000,CCW
17,11,2022,09,39,02,351.784,351.783,0.000,30.000,30.000,0.000,CCW
17,11,2022,09,39,03,351.683,351.682,0.000,30.000,30.000,0.000,CCW
17,11,2022,09,39,04,351.582,351.581,0.000,30.000,30.000,0.000,CCW
17,11,2022,09,39,05,351.481,351.480,0.000,30.000,30.000,0.000,CCW
17,11,2022,09,39,06,351.380,351.379,0.000,30.000,30.000,0.000,CCW
17,11,2022,09,39,07,351.279,351.278,0.000,30.000,30.000,0.000,CCW
17,11,2022,09,39,08,351.178,351.177,0.000,30.000,30.000,0.000,CCW
17,11,2022,09,39,09,351.077,351.076,0.000,30.000,30.000,0.000,CCW
17,11,2022,09,39,10,350.976,350.975,0.000,30.000,30.000,0.000,CCW
17,11,2022,09,39,11,350.875,350.875,0.000,30.000,30.000,0.000,CCW
17,11,2022,09,39,12,350.775,350.774,0.000,30.000,30.000,0.000,CCW
17,11,2022,09,39,13,350.674,350.673,0.000,30.000,30.000,0.000,CCW
17,11,2022,09,39,14,350.573,350.572,0.000,30.000,30.000,0.000,CCW
17,11,2022,09,39,15,350.472,350.471,0.000,30.000,30.000,0.000,CCW
17,11,2022,09,39,16,350.371,350.370,0.000,30.000,30.000,0.000,CCW
17,11,2022,09,39,17,350.270,350.269,0.000,30.000,30.000,0.000,CCW
17,11,2022,09,39,18,350.169,350.168,0.000,30.000,30.000,0.000,CCW
17,11,2022,09,39,19,350.068,350.067,0.000,30.000,30.000,0.000,CCW
17,11,2022,09,39,20,349.967,349.966,0.000,30.000,30.000,0.000,CCW
17,11,2022,09,39,21,349.866,349.865,0.000,30.000,30.000,0.000,CCW
17,11,2022,09,39,22,349.765,349.764,0.000,30.000,30.000,0.000,CCW
17,11,2022,09,39,23,349.664,349.663,0.000,30.000,30.000,0.000,CCW
17,11,2022,09,39,24,349.563,349.562,0.000,30.000,30.000,0.000,CCW
17,11,2022,09,39,25,349.462,349.461,0.000,30.000,30.000,0.000,CCW
17,11,2022,09,39,26,349.361,349.360,0.000,30.000,30.000,0.000,CCW
17,11,2022,09,39,27,349.260,349.259,0.000,30.000,30.000,0.000,CCW
17,11,2022,09,39,28,349.159,349.158,0.000,30.000,30.000,0.000,CCW
17,11,2022,09,39,29,349.058,349.057,0.000,30.000,30.000,0.000,CCW
17,11,2022,09,39,30,348.957,348.956,0.000,30.000,30.000,0.000,CCW
17,11,2022,09,39,31,348.856,348.855,0.000,30.000,30.000,0.000,CCW
17,11,2022,09,39,32,348.755,348.754,0.000,30.000,30.000,0.000,CCW
17,11,2022,09,39,33,348.654,348.653,0.000,30.000,30.000,0.000,CCW
17,11,2022,09,39,34,348.553,348.552,0.000,30.000,30.000,0.000,CCW
17,11,2022,09,39,35,348.452,348.451,0.000,30.000,30.000,0.000,CCW
17,11,2022,09,39,36,348.351,348.350,0.000,30.000,30.000,0.000,CCW
17,11,2022,09,39,37,348.250,348.250,0.000,30.000,30.000,0.000,CCW
17,11,2022,09,39,38,348.150,348.149,0.000,30.000,30.000,0.000,CCW
17,11,2022,09,39,39,348.049,348.048,0.000,30.000,30.000,0.000,CCW
17,11,2022,09,39,40,347.948,347.947,0.000,30.000,30.000,0.000,CCW
17,11,2022,09,39,41,347.847,347.846,0.000,30.000,30.000,0.000,CCW
17,11,2022,09,39,42,347.746,347.745,0.000,30.000,30.000,0.000,CCW
17,11,2022,09,39,43,347.645,347.644,0.000,30.000,30.000,0.000,CCW
17,11,2022,09,39,44,347.544,347.543,0.000,30.000,30.000,0.000,CCW
17,11,2022,09,39,45,347.443,347.442,0.000,30.000,30.000,0.000,CCW
17,11,2022,09,39,46,347.342,347.341,0.000,30.000,30.000,0.000,CCW
17,11,2022,09,39,47,347.241,347.240,0.000,30.000,30.000,0.000,CCW
17,11,2022,09,39,48,347.140,347.139,0.000,30.000,30.000,0.000,CCW
17,11,2022,09,39,49,347.039,347.038,0.000,30.000,30.000,0.000,CCW
17,11,2022,09,39,50,346.938,346.937,0.000,30.000,30.000,0.000,CCW
17,11,2022,09,39,51,346.837,346.836,0.000,30.000,30.000,0.000,CCW
17,11,2022,09,39,52,346.736,346.735,0.000,30.000,30.000,0.000,CCW
17,11,2022,09,39,53,346.635,346.634,0.000,30.000,30.000,0.000,CCW
17,11,2022,09,39,54,346.534,346.533,0.000,30.000,30.000,0.000,CCW
17,11,2022,09,39,55,346.433,346.432,0.000,30.000,30.000,0.000,CCW
17,11,2022,09,39,56,346.332,346.331,0.000,30.000,30.000,0.000,CCW
17,11,2022,09,39,57,346.231,346.230,0.000,30.000,30.000,0.000,CCW
17,11,2022,09,39,58,346.130,346.129,0.000,30.000,30.000,0.000,CCW
17,11,2022,09,39,59,346.029,346.028,0.000,30.000,30.000,0.000,CCW
17,11,2022,09,40,00,345.928,345.927,0.000,30.000,30.000,0.000,CCW
17,11,2022,09,40,01,345.827,345.826,0.000,30.000,30.000,0.000,CCW
17,11,2022,09,40,02,345.726,345.725,0.000,30.000,30.000,0.000,CCW
17,11,2022,09,40,03,345.625,345.625,0.000,30.000,30.000,0.000,CCW
17,11,2022,09,40,04,345.525,345.524,0.000,30.000,30.000,0.000,CCW
17,11,2022,09,40,05,345.424,345.423,0.000,30.000,30.000,0.000,CCW
17,11,2022,09,40,06,345.323,345.322,0.000,30.000,30.000,0.000,CCW
17,11,2022,09,40,07,345.222,345.221,0.000,30.000,30.000,0.000,CCW
17,11,2022,09,40,08,345.121,345.120,0.000,30.000,30.000,0.000,CCW
17,11,2022,09,40,09,345.020,345.019,0.000,30.000,30.000,0.000,CCW
17,11,2022,09,40,10,344.919,344.918,0.000,30.000,30.000,0.000,CCW
17,11,2022,09,40,11,344.818,344.817,0.000,30.000,30.000,0.000,CCW
17,11,2022,09,40,12,344.717,344.716,0.000,30.000,30.000,0.000,CCW
17,11,2022,09,40,13,344.616,344.615,0.000,30.000,30.000,0.000,CCW
17,11,2022,09,40,14,344.515,344.514,0.000,30.000,30.000,0.000,CCW
17,11,2022,09,40,15,344.414,344.413,0.000,30.000,30.000,0.000,CCW
17,11,2022,09,40,16,344.313,344.312,0.000,30.000,30.000,0.000,CCW
17,11,2022,09,40,17,344.212,344.211,0.000,30.000,30.000,0.000,CCW
17,11,2022,09,40,18,344.111,344.110,0.000,30.000,30.000,0.000,CCW
17,11,2022,09,40,19,344.010,344.009,0.000,30.000,30.000,0.000,CCW
17,11,2022,09,40,20,343.909,343.908,0.000,30.000,30.000,0.000,CCW
17,11,2022,09,40,21,343.808,343.807,0.000,30.000,30.000,0.000,CCW
17,11,2022,09,40,22,343.707,343.706,0.000,30.000,30.000,0.000,CCW
17,11,2022,09,40,23,343.606,343.605,0.000,30.000,30.000,0.000,CCW
17,11,2022,09,40,24,343.505,343.504,0.000,30.000,30.000,0.000,CCW
17,11,2022,09,40,25,343.404,343.403,0.000,30.000,30.000,0.000,CCW
17,11,2022,09,40,26,343.303,343.302,0.000,30.000,30.000,0.000,CCW
17,11,2022,09,40,27,343.202,343.201,0.000,30.000,30.000,0.000,CCW
17,11,2022,09,40,28,343.101,343.100,0.000,30.000,30.000,0.000,CCW
17,11,2022,09,40,29,343.000,343.000,0.000,30.000,30.000,0.000,CCW
17,11,2022,09,40,30,342.900,342.899,0.000,30.000,30.000,0.000,CCW
17,11,2022,09,40,31,342.799,342.798,0.000,30.000,30.000,0.000,CCW
17,11,2022,09,40,32,342.698,342.697,0.000,30.000,30.000,0.000,CCW
17,11,2022,09,40,33,342.597,342.596,0.000,30.000,30.000,0.000,CCW
17,11,2022,09,40,34,342.496,342.495,0.000,30.000,30.000,0.000,CCW
17,11,2022,09,40,35,342.395,342.394,0.000,30.000,30.000,0.000,CCW
17,11,2022,09,40,36,342.294,342.293,0.000,30.000,30.000,0.000,CCW
17,11,2022,09,40,37,342.193,342.192,0.000,30.000,30.000,0.000,CCW
17,11,2022,09,40,38,342.092,342.091,0.000,30.000,30.000,0.000,CCW
17,11,2022,09,40,39,341.991,341.990,0.000,30.000,30.000,0.000,CCW
17,11,2022,09,40,40,341.890,341.889,0.000,30.000,30.000,0.000,CCW
17,11,2022,09,40,41,341.789,341.788,0.000,30.000,30.000,0.000,CCW
17,11,2022,09,40,42,341.688,341.687,0.000,30.000,30.000,0.000,CCW
17,11,2022,09,40,43,341.587,341.586,0.000,30.000,30.000,0.000,CCW
17,11,2022,09,40,44,341.486,341.485,0.000,30.000,30.000,0.000,CCW
17,11,2022,09,40,45,341.385,341.384,0.000,30.000,30.000,0.000,CCW
17,11,2022,09,40,46,341.284,341.283,0.000,30.000,30.000,0.000,CCW
17,11,2022,09,40,47,341.183,341.182,0.000,30.000,30.000,0.000,CCW
17,11,2022,09,40,48,341.082,341.081,0.000,30.000,30.000,0.000,CCW
17,11,2022,09,40,49,340.981,340.980,0.000,30.000,30.000,0.000,CCW
17,11,2022,09,40,50,340.880,340.879,0.000,30.000,30.000,0.000,CCW
17,11,2022,09,40,51,340.779,340.778,0.000,30.000,30.000,0.000,CCW
17,11,2022,09,40,52,340.678,340.677,0.000,30.000,30.000,0.000,CCW
17,11,2022,09,40,53,340.577,340.576,0.000,30.000,30.000,0.000,CCW
17,11,2022,09,40,54,340.476,340.475,0.000,30.000,30.000,0.000,CCW
17,11,2022,09,40,55,340.375,340.375,0.000,30.000,30.000,0.000,CCW
17,11,2022,09,40,56,340.275,340.274,0.000,30.000,30.000,0.000,CCW
17,11,2022,09,40,57,340.174,340.173,0.000,30.000,30.000,0.000,CCW
17,11,2022,09,40,58,340.073,340.072,0.000,30.000,30.000,0.000,CCW
17,11,2022,09,40,59,339.972,339.971,0.000,30.000,30.000,0.000,CCW
17,11,2022,09,41,00,339.871,339.870,0.000,30.000,30.000,0.000,CCW
17,11,2022,09,41,01,339.770,339.769,0.000,30.000,30.000,0.000,CCW
17,11,2022,09,41,02,339.669,339.668,0.000,30.000,30.000,0.000,CCW
17,11,2022,09,41,03,339.568,339.567,0.000,30.000,30.000,0.000,CCW
17,11,2022,09,41,04,339.467,339.466,0.000,30.000,30.000,0.000,CCW
17,11,2022,09,41,05,339.366,339.365,0.000,30.000,30.000,0.000,CCW
17,11,2022,09,41,06,339.265,339.264,0.000,30.000,30.000,0.000,CCW
17,11,2022,09,41,07,339.164,339.163,0.000,30.000,30.000,0.000,CCW
17,11,2022,09,41,08,339.063,339.062,0.000,30.000,30.000,0.000,CCW
17,11,2022,09,41,09,338.962,338.961,0.000,30.000,30.000,0.000,CCW
17,11,2022,09,41,10,338.861,338.860,0.000,30.000,30.000,0.000,CCW
17,11,2022,09,41,11,338.760,338.759,0.000,30.000,30.000,0.000,CCW
17,11,2022,09,41,12,338.659,338.658,0.000,30.000,30.000,0.000,CCW
17,11,2022,09,41,13,338.558,338.557,0.000,30.000,30.000,0.000,CCW
17,11,2022,09,41,14,338.457,338.456,0.000,30.000,30.000,0.000,CCW
17,11,2022,09,41,15,338.356,338.355,0.000,30.000,30.000,0.000,CCW
17,11,2022,09,41,16,338.255,338.254,0.000,30.000,30.000,0.000,CCW
17,11,2022,09,41,17,338.154,338.153,0.000,30.000,30.000,0.000,CCW
17,11,2022,09,41,18,338.053,338.052,0.000,30.000,30.000,0.000,CCW
17,11,2022,09,41,19,337.952,337.951,0.000,30.000,30.000,0.000,CCW
17,11,2022,09,41,20,337.851,337.850,0.000,30.000,30.000,0.000,CCW
17,11,2022,09,41,21,337.750,337.750,0.000,30.000,30.000,0.000,CCW
17,11,2022,09,41,22,337.650,337.649,0.000,30.000,30.000,0.000,CCW
17,11,2022,09,41,23,337.549,337.548,0.000,30.000,30.000,0.000,CCW
17,11,2022,09,41,24,337.448,337.447,0.000,30.000,30.000,0.000,CCW
17,11,2022,09,41,25,337.347,337.346,0.000,30.000,30.000,0.000,CCW
17,11,2022,09,41,26,337.246,337.245,0.000,30.000,30.000,0.000,CCW
17,11,2022,09,41,27,337.145,337.144,0.000,30.000,30.000,0.000,CCW
17,11,2022,09,41,28,337.044,337.043,0.000,30.000,30.000,0.000,CCW
17,11,2022,09,41,29,336.943,336.942,0.000,30.000,30.000,0.000,CCW
17,11,2022,09,41,30,336.842,336.841,0.000,30.000,30.000,0.000,CCW
17,11,2022,09,41,31,336.741,336.740,0.000,30.000,30.000,0.000,CCW
17,11,2022,09,41,32,336.640,336.639,0.000,30.000,30.000,0.000,CCW
17,11,2022,09,41,33,336.539,336.538,0.000,30.000,30.000,0.000,CCW
17,11,2022,09,41,34,336.438,336.437,0.000,30.000,30.000,0.000,CCW
17,11,2022,09,41,35,336.337,336.336,0.000,30.000,30.000,0.000,CCW
17,11,2022,09,41,36,336.236,336.235,0.000,30.000,30.000,0.000,CCW
17,11,2022,09,41,37,336.135,336.134,0.000,30.000,30.000,0.000,CCW
17,11,2022,09,41,38,336.034,336.033,0.000,30.000,30.000,0.000,CCW
17,11,2022,09,41,39,335.933,335.932,0.000,30.000,30.000,0.000,CCW
17,11,2022,09,41,40,335.832,335.831,0.000,30.000,30.000,0.000,CCW
17,11,2022,09,41,41,335.731,335.730,0.000,30.000,30.000,0.000,CCW
17,11,2022,09,41,42,335.630,335.629,0.000,30.000,30.000,0.000,CCW
17,11,2022,09,41,43,335.529,335.528,0.000,30.000,30.000,0.000,CCW
17,11,2022,09,41,44,335.428,335.427,0.000,30.000,30.000,0.000,CCW
17,11,2022,09,41,45,335.327,335.326,0.000,30.000,30.000,0.000,CCW
17,11,2022,09,41,46,335.226,335.225,0.000,30.000,30.000,0.000,CCW
17,11,2022,09,41,47,335.125,335.125,0.000,30.000,30.000,0.000,CCW
17,11,2022,09,41,48,335.025,335.024,0.000,30.000,30.000,0.000,CCW
17,11,2022,09,41,49,335.000,335.000,0.000,30.000,30.000,0.000,CCW
17,11,2022,09,41,50,335.000,335.000,0.000,30.000,30.000,0.000,CCW
17,11,2022,09,41,51,335.000,335.000,0.000,30.000,30.000,0.000,CCW
17,11,2022,09,41,52,335.000,335.000,0.000,30.000,30.000,0.000,CCW
17,11,2022,09,41,53,335.000,335.000,0.000,30.000,30.000,0.000,CCW
17,11,2022,09,41,54,335.000,335.000,0.000,30.000,30.000,0.000,CCW
17,11,2022,09,41,55,335.000,335.000,0.000,30.000,30.000,0.000,CCW
17,11,2022,09,41,56,335.000,335.000,0.000,30.000,30.000,0.000,CCW
