22,09,2022,09,27,41,0.000,360.000,0.000,0.000,239.998,239.998,CCW
22,09,2022,16,59,06,0.000,323.929,360.000,0.000,30.864,30.864,CW
22,09,2022,16,59,17,0.000,323.923,360.000,0.000,30.863,30.863,CW
22,09,2022,17,03,43,176.323,323.676,323.676,11.917,30.769,30.769,CCW
22,09,2022,17,03,44,176.323,322.847,322.847,11.917,30.473,30.473,CCW
22,09,2022,17,03,44,176.323,322.184,322.184,11.917,30.172,30.172,CCW
22,09,2022,17,03,44,176.323,321.358,321.358,11.917,29.874,29.874,CCW
22,09,2022,17,03,44,176.323,320.703,320.703,11.917,29.583,29.583,CCW
22,09,2022,17,03,45,176.323,319.886,319.886,11.917,29.286,29.286,CCW
22,09,2022,17,03,45,176.323,319.139,319.139,11.917,28.981,28.981,CCW
22,09,2022,17,03,45,176.323,318.375,318.375,11.917,28.675,28.675,CCW
22,09,2022,17,03,45,176.323,317.601,317.601,11.917,28.369,28.369,CCW
22,09,2022,17,03,46,176.323,316.821,316.821,11.917,28.061,28.061,CCW
22,09,2022,17,03,46,176.323,316.008,316.008,11.917,27.753,27.753,CCW
22,09,2022,17,03,46,176.323,315.239,315.239,11.917,27.446,27.446,CCW
22,09,2022,17,03,47,176.323,314.497,314.497,11.917,27.138,27.138,CCW
22,09,2022,17,03,47,176.323,313.746,313.746,11.917,26.825,26.825,CCW
22,09,2022,17,03,47,176.323,312.948,312.948,11.917,26.512,26.512,CCW
22,09,2022,17,03,47,176.323,312.179,312.179,11.917,26.195,26.195,CCW
22,09,2022,17,03,48,176.323,311.414,311.414,11.917,25.873,25.873,CCW
22,09,2022,17,03,48,176.323,309.884,309.884,11.917,25.231,25.231,CCW
22,09,2022,17,03,48,176.323,309.135,309.135,11.917,24.903,24.903,CCW
22,09,2022,17,03,49,176.323,308.377,308.377,11.917,24.584,24.584,CCW
22,09,2022,17,03,49,176.323,307.605,307.605,11.917,24.260,24.260,CCW
22,09,2022,17,03,49,176.323,306.852,306.852,11.917,23.936,23.936,CCW
22,09,2022,17,03,49,176.323,306.080,306.080,11.917,23.613,23.613,CCW
22,09,2022,17,03,50,176.323,305.302,305.302,11.917,23.288,23.288,CCW
22,09,2022,17,03,50,176.323,304.533,304.533,11.917,22.959,22.959,CCW
22,09,2022,17,03,50,176.323,303.775,303.775,11.917,22.627,22.627,CCW
22,09,2022,17,03,50,176.323,303.007,303.007,11.917,22.293,22.293,CCW
22,09,2022,17,03,51,176.323,302.249,302.249,11.917,21.965,21.965,CCW
22,09,2022,17,03,51,176.323,301.517,301.517,11.917,21.640,21.640,CCW
22,09,2022,17,03,51,176.323,300.807,300.807,11.917,21.310,21.310,CCW
22,09,2022,17,03,51,176.323,300.149,300.149,11.917,20.986,20.986,CCW
22,09,2022,17,03,52,176.323,299.280,299.280,11.917,20.662,20.662,CCW
22,09,2022,17,03,52,176.323,298.483,298.483,11.917,20.338,20.338,CCW
22,09,2022,17,03,52,176.323,297.690,297.690,11.917,20.014,20.014,CCW
22,09,2022,17,03,52,176.323,296.932,296.932,11.917,19.684,19.684,CCW
22,09,2022,17,03,53,176.323,296.205,296.205,11.917,19.350,19.350,CCW
22,09,2022,17,03,53,176.323,295.512,295.512,11.917,19.014,19.014,CCW
22,09,2022,17,03,53,176.284,294.770,294.770,11.881,18.673,18.673,CCW
22,09,2022,17,03,53,176.284,294.029,294.029,11.881,18.371,18.371,CCW
22,09,2022,17,03,54,176.284,293.277,293.277,11.881,18.084,18.084,CCW
22,09,2022,17,03,54,176.284,292.475,292.475,11.881,17.796,17.796,CCW
22,09,2022,17,03,54,176.284,291.679,291.679,11.881,17.549,17.549,CCW
22,09,2022,17,03,54,176.284,290.899,290.899,11.881,17.318,17.318,CCW
22,09,2022,17,03,55,176.284,290.163,290.163,11.881,17.086,17.086,CCW
22,09,2022,17,03,55,176.284,289.410,289.410,11.881,16.850,16.850,CCW
22,09,2022,17,03,55,176.284,288.648,288.648,11.881,16.652,16.652,CCW
22,09,2022,17,03,55,176.284,287.901,287.901,11.881,16.476,16.476,CCW
22,09,2022,17,03,56,176.284,287.140,287.140,11.881,16.295,16.295,CCW
22,09,2022,17,03,56,176.284,286.349,286.349,11.881,16.119,16.119,CCW
22,09,2022,17,03,56,176.284,285.539,285.539,11.881,15.949,15.949,CCW
22,09,2022,17,03,56,176.284,284.748,284.748,11.881,15.773,15.773,CCW
22,09,2022,17,03,57,176.284,284.016,284.016,11.881,15.636,15.636,CCW
22,09,2022,17,03,57,176.284,283.322,283.322,11.881,15.520,15.520,CCW
22,09,2022,17,03,57,176.284,282.592,282.592,11.881,15.406,15.406,CCW
22,09,2022,17,03,57,176.284,281.848,281.848,11.881,15.294,15.294,CCW
22,09,2022,17,03,58,176.284,280.275,280.275,11.881,15.066,15.066,CCW
22,09,2022,17,03,58,176.284,279.499,279.499,11.881,14.949,14.949,CCW
22,09,2022,17,03,59,176.284,278.725,278.725,11.881,14.834,14.834,CCW
22,09,2022,17,03,59,176.284,277.986,277.986,11.881,14.762,14.762,CCW
22,09,2022,17,03,59,176.284,277.220,277.220,11.881,14.722,14.722,CCW
22,09,2022,17,03,59,176.284,276.501,276.501,11.881,14.681,14.681,CCW
22,09,2022,17,04,00,176.284,275.747,275.747,11.881,14.641,14.641,CCW
22,09,2022,17,04,00,176.284,274.987,274.987,11.881,14.602,14.602,CCW
22,09,2022,17,04,00,176.284,274.212,274.212,11.881,14.565,14.565,CCW
22,09,2022,17,04,00,176.284,273.377,273.377,11.881,14.522,14.522,CCW
22,09,2022,17,04,01,176.284,272.564,272.564,11.881,14.482,14.482,CCW
22,09,2022,17,04,01,176.284,271.860,271.860,11.881,14.444,14.444,CCW
22,09,2022,17,04,01,176.284,271.136,271.136,11.881,14.405,14.405,CCW
22,09,2022,17,04,01,176.284,270.389,270.389,11.881,14.361,14.361,CCW
22,09,2022,17,04,02,176.284,269.618,269.618,11.881,14.323,14.323,CCW
22,09,2022,17,04,02,176.284,268.881,268.881,11.881,14.284,14.284,CCW
22,09,2022,17,04,02,176.284,268.153,268.153,11.881,14.246,14.246,CCW
22,09,2022,17,04,02,176.284,267.395,267.395,11.881,14.207,14.207,CCW
22,09,2022,17,04,03,176.284,266.634,266.634,11.881,14.169,14.169,CCW
22,09,2022,17,04,03,176.284,265.863,265.863,11.881,14.131,14.131,CCW
22,09,2022,17,04,03,176.245,265.087,265.087,11.845,14.088,14.088,CCW
22,09,2022,17,04,03,176.245,264.345,264.345,11.845,14.048,14.048,CCW
22,09,2022,17,04,04,176.245,263.614,263.614,11.845,14.010,14.010,CCW
22,09,2022,17,04,04,176.245,262.873,262.873,11.845,13.966,13.966,CCW
22,09,2022,17,04,04,176.245,262.093,262.093,11.845,13.927,13.927,CCW
22,09,2022,17,04,04,176.245,261.335,261.335,11.845,13.885,13.885,CCW
22,09,2022,17,04,05,176.245,260.586,260.586,11.845,13.845,13.845,CCW
22,09,2022,17,04,05,176.245,259.823,259.823,11.845,13.801,13.801,CCW
22,09,2022,17,04,05,176.245,259.040,259.040,11.845,13.773,13.773,CCW
22,09,2022,17,04,05,176.245,258.279,258.279,11.845,13.752,13.752,CCW
22,09,2022,17,04,06,176.245,257.523,257.523,11.845,13.730,13.730,CCW
22,09,2022,17,04,06,176.245,256.765,256.765,11.845,13.713,13.713,CCW
22,09,2022,17,04,06,176.245,256.012,256.012,11.845,13.690,13.690,CCW
22,09,2022,17,04,06,176.245,255.270,255.270,11.845,13.671,13.671,CCW
22,09,2022,17,04,07,176.245,254.514,254.514,11.845,13.647,13.647,CCW
22,09,2022,17,04,07,176.245,253.764,253.764,11.845,13.627,13.627,CCW
22,09,2022,17,04,07,176.245,252.996,252.996,11.845,13.603,13.603,CCW
22,09,2022,17,04,07,176.245,252.229,252.229,11.845,13.587,13.587,CCW
22,09,2022,17,04,08,176.245,251.436,251.436,11.845,13.565,13.565,CCW
22,09,2022,17,04,08,176.245,250.638,250.638,11.845,13.548,13.548,CCW
22,09,2022,17,04,08,176.245,249.849,249.849,11.845,13.525,13.525,CCW
22,09,2022,17,04,09,176.245,249.113,249.113,11.845,13.504,13.504,CCW
22,09,2022,17,04,09,176.245,248.367,248.367,11.845,13.482,13.482,CCW
22,09,2022,17,04,09,176.245,247.608,247.608,11.845,13.460,13.460,CCW
22,09,2022,17,04,09,176.245,246.851,246.851,11.845,13.444,13.444,CCW
22,09,2022,17,04,09,176.245,246.080,246.080,11.845,13.423,13.423,CCW
22,09,2022,17,04,10,176.245,245.316,245.316,11.845,13.400,13.400,CCW
22,09,2022,17,04,10,176.245,244.537,244.537,11.845,13.383,13.383,CCW
22,09,2022,17,04,10,176.245,243.784,243.784,11.845,13.362,13.362,CCW
22,09,2022,17,04,11,176.245,243.021,243.021,11.845,13.345,13.345,CCW
22,09,2022,17,04,11,176.245,242.268,242.268,11.845,13.323,13.323,CCW
22,09,2022,17,04,11,176.245,241.531,241.531,11.845,13.302,13.302,CCW
22,09,2022,17,04,11,176.245,240.781,240.781,11.845,13.285,13.285,CCW
22,09,2022,17,04,12,176.245,240.015,240.015,11.845,13.261,13.261,CCW
22,09,2022,17,04,12,176.245,239.246,239.246,11.845,13.241,13.241,CCW
22,09,2022,17,04,12,176.245,238.494,238.494,11.845,13.224,13.224,CCW
22,09,2022,17,04,12,176.245,237.703,237.703,11.845,13.202,13.202,CCW
22,09,2022,17,04,13,176.245,236.912,236.912,11.845,13.180,13.180,CCW
22,09,2022,17,04,13,176.245,236.160,236.160,11.845,13.164,13.164,CCW
22,09,2022,17,04,13,176.206,235.429,235.429,11.809,13.147,13.147,CCW
22,09,2022,17,04,13,176.206,234.670,234.670,11.809,13.125,13.125,CCW
22,09,2022,17,04,14,176.206,233.913,233.913,11.809,13.103,13.103,CCW
22,09,2022,17,04,14,176.206,233.162,233.162,11.809,13.087,13.087,CCW
22,09,2022,17,04,14,176.206,232.381,232.381,11.809,13.065,13.065,CCW
22,09,2022,17,04,15,176.206,230.832,230.832,11.809,13.021,13.021,CCW
22,09,2022,17,04,15,176.206,230.089,230.089,11.809,13.003,13.003,CCW
22,09,2022,17,04,15,176.206,228.575,228.575,11.809,12.962,12.962,CCW
22,09,2022,17,04,16,176.206,227.080,227.080,11.809,12.922,12.922,CCW
22,09,2022,17,04,16,176.206,226.301,226.301,11.809,12.900,12.900,CCW
22,09,2022,17,04,16,176.206,225.518,225.518,11.809,12.879,12.879,CCW
22,09,2022,17,04,17,176.206,224.762,224.762,11.809,12.858,12.858,CCW
22,09,2022,17,04,17,176.206,223.224,223.224,11.809,12.818,12.818,CCW
22,09,2022,17,04,17,176.206,222.475,222.475,11.809,12.794,12.794,CCW
22,09,2022,17,04,18,176.206,221.742,221.742,11.809,12.774,12.774,CCW
22,09,2022,17,04,18,176.206,220.992,220.992,11.809,12.763,12.763,CCW
22,09,2022,17,04,18,176.206,220.231,220.231,11.809,12.746,12.746,CCW
22,09,2022,17,04,18,176.206,219.465,219.465,11.809,12.735,12.735,CCW
22,09,2022,17,04,19,176.206,218.671,218.671,11.809,12.724,12.724,CCW
22,09,2022,17,04,19,176.206,217.894,217.894,11.809,12.708,12.708,CCW
22,09,2022,17,04,19,176.206,217.136,217.136,11.809,12.697,12.697,CCW
22,09,2022,17,04,19,176.206,216.361,216.361,11.809,12.686,12.686,CCW
22,09,2022,17,04,20,176.206,215.576,215.576,11.809,12.669,12.669,CCW
22,09,2022,17,04,20,176.206,214.863,214.863,11.809,12.660,12.660,CCW
22,09,2022,17,04,20,176.206,214.116,214.116,11.809,12.647,12.647,CCW
22,09,2022,17,04,21,176.206,212.567,212.567,11.809,12.620,12.620,CCW
22,09,2022,17,04,21,176.206,211.788,211.788,11.809,12.609,12.609,CCW
22,09,2022,17,04,21,176.206,210.311,210.311,11.809,12.581,12.581,CCW
22,09,2022,17,04,22,176.206,209.529,209.529,11.809,12.565,12.565,CCW
22,09,2022,17,04,22,176.206,208.766,208.766,11.809,12.554,12.554,CCW
22,09,2022,17,04,22,176.206,208.001,208.001,11.809,12.538,12.538,CCW
22,09,2022,17,04,23,176.206,207.248,207.248,11.809,12.527,12.527,CCW
22,09,2022,17,04,23,176.206,206.490,206.490,11.809,12.516,12.516,CCW
22,09,2022,17,04,23,176.167,205.749,205.749,11.773,12.503,12.503,CCW
22,09,2022,17,04,23,176.167,204.964,204.964,11.773,12.488,12.488,CCW
22,09,2022,17,04,24,176.167,204.202,204.202,11.773,12.477,12.477,CCW
22,09,2022,17,04,24,176.167,203.454,203.454,11.773,12.461,12.461,CCW
22,09,2022,17,04,24,176.167,202.714,202.714,11.773,12.450,12.450,CCW
22,09,2022,17,04,24,176.167,201.960,201.960,11.773,12.437,12.437,CCW
22,09,2022,17,04,25,176.167,201.207,201.207,11.773,12.422,12.422,CCW
22,09,2022,17,04,25,176.167,200.444,200.444,11.773,12.410,12.410,CCW
22,09,2022,17,04,25,176.167,199.669,199.669,11.773,12.395,12.395,CCW
22,09,2022,17,04,25,176.167,198.900,198.900,11.773,12.382,12.382,CCW
22,09,2022,17,04,26,176.167,198.141,198.141,11.773,12.373,12.373,CCW
22,09,2022,17,04,26,176.167,197.385,197.385,11.773,12.358,12.358,CCW
22,09,2022,17,04,26,176.167,196.611,196.611,11.773,12.345,12.345,CCW
22,09,2022,17,04,26,176.167,195.847,195.847,11.773,12.330,12.330,CCW
22,09,2022,17,04,27,176.167,195.093,195.093,11.773,12.318,12.318,CCW
22,09,2022,17,04,27,176.167,194.337,194.337,11.773,12.301,12.301,CCW
22,09,2022,17,04,27,176.167,193.561,193.561,11.773,12.289,12.289,CCW
22,09,2022,17,04,27,176.167,192.797,192.797,11.773,12.275,12.275,CCW
22,09,2022,17,04,28,176.167,192.046,192.046,11.773,12.262,12.262,CCW
22,09,2022,17,04,28,176.167,191.287,191.287,11.773,12.252,12.252,CCW
22,09,2022,17,04,28,176.167,190.494,190.494,11.773,12.248,12.248,CCW
22,09,2022,17,04,28,176.167,189.666,189.666,11.773,12.241,12.241,CCW
22,09,2022,17,04,29,176.167,188.885,188.885,11.773,12.235,12.235,CCW
22,09,2022,17,04,29,176.167,188.143,188.143,11.773,12.235,12.235,CCW
22,09,2022,17,04,29,176.167,187.358,187.358,11.773,12.230,12.230,CCW
22,09,2022,17,04,30,176.167,186.668,186.668,11.773,12.224,12.224,CCW
22,09,2022,17,04,30,176.167,185.964,185.964,11.773,12.224,12.224,CCW
22,09,2022,17,04,30,176.167,185.188,185.188,11.773,12.219,12.219,CCW
22,09,2022,17,04,30,176.167,184.449,184.449,11.773,12.213,12.213,CCW
22,09,2022,17,04,30,176.167,183.717,183.717,11.773,12.209,12.209,CCW
22,09,2022,17,04,31,176.167,182.963,182.963,11.773,12.204,12.204,CCW
22,09,2022,17,04,31,176.167,182.238,182.238,11.773,12.202,12.202,CCW
22,09,2022,17,04,31,176.167,181.628,181.628,11.773,12.197,12.197,CCW
22,09,2022,17,04,32,176.167,181.093,181.093,11.773,12.191,12.191,CCW
22,09,2022,17,04,32,176.167,180.696,180.696,11.773,12.186,12.186,CCW
22,09,2022,17,04,32,176.167,180.317,180.317,11.773,12.185,12.185,CCW
22,09,2022,17,04,32,176.167,179.938,179.938,11.773,12.179,12.179,CCW
22,09,2022,17,04,33,176.167,179.615,179.615,11.773,12.175,12.175,CCW
22,09,2022,17,04,33,176.167,179.377,179.377,11.773,12.170,12.170,CCW
22,09,2022,17,04,33,176.128,179.134,179.134,11.737,12.170,12.170,CCW
22,09,2022,17,04,33,176.128,178.915,178.915,11.737,12.164,12.164,CCW
22,09,2022,17,04,34,176.128,178.742,178.742,11.737,12.160,12.160,CCW
22,09,2022,17,04,34,176.128,178.558,178.558,11.737,12.153,12.153,CCW
22,09,2022,17,04,34,176.128,178.374,178.374,11.737,12.153,12.153,CCW
22,09,2022,17,04,34,176.128,178.185,178.185,11.737,12.146,12.146,CCW
22,09,2022,17,04,35,176.128,177.999,177.999,11.737,12.142,12.142,CCW
22,09,2022,17,04,35,176.128,177.823,177.823,11.737,12.137,12.137,CCW
22,09,2022,17,04,35,176.128,177.680,177.680,11.737,12.137,12.137,CCW
22,09,2022,17,04,35,176.128,177.522,177.522,11.737,12.131,12.131,CCW
22,09,2022,17,04,36,176.128,177.372,177.372,11.737,12.126,12.126,CCW
22,09,2022,17,04,36,176.128,177.220,177.220,11.737,12.121,12.121,CCW
22,09,2022,17,04,36,176.128,177.070,177.070,11.737,12.119,12.119,CCW
22,09,2022,17,04,36,176.128,176.926,176.926,11.737,12.115,12.115,CCW
22,09,2022,17,04,37,176.128,176.763,176.763,11.737,12.105,12.105,CCW
22,09,2022,17,04,37,176.128,176.608,176.608,11.737,12.097,12.097,CCW
22,09,2022,17,04,38,176.128,176.494,176.494,11.737,12.088,12.088,CCW
22,09,2022,17,04,38,176.128,176.384,176.384,11.737,12.082,12.082,CCW
22,09,2022,17,04,39,176.128,176.281,176.281,11.737,12.072,12.072,CCW
22,09,2022,17,04,40,176.128,176.171,176.171,11.737,12.060,12.060,CCW
22,09,2022,17,04,45,176.089,176.050,176.050,11.702,11.970,11.970,CCW
22,09,2022,17,04,52,176.089,176.020,176.020,11.702,11.866,11.866,CCW
22,09,2022,17,04,58,176.050,176.049,176.049,11.666,11.759,11.759,CCW
22,09,2022,17,05,05,176.011,176.049,176.049,11.630,11.653,11.653,CCW
22,09,2022,17,05,10,176.011,175.946,175.946,11.630,11.624,11.624,CCW
22,09,2022,17,05,13,175.972,175.845,175.845,11.595,11.620,11.620,CCW
22,09,2022,17,05,16,175.972,175.950,175.950,11.595,11.604,11.604,CCW
22,09,2022,17,05,22,175.972,176.054,176.054,11.595,11.593,11.593,CCW
22,09,2022,17,05,26,175.933,175.944,175.944,11.559,11.560,11.560,CCW
22,09,2022,17,05,44,175.855,175.882,175.883,11.488,11.516,11.516,CCW
22,09,2022,17,05,54,175.815,175.747,175.747,11.453,11.472,11.472,CCW
22,09,2022,17,06,05,175.776,175.769,175.768,11.418,11.433,11.433,CCW
22,09,2022,17,06,05,175.776,175.769,175.768,11.418,11.428,11.428,CCW
22,09,2022,17,06,06,175.776,175.769,175.768,11.418,11.417,11.417,CCW
22,09,2022,17,06,06,175.776,175.769,175.768,11.418,11.417,11.417,CCW
22,09,2022,17,06,07,175.776,175.769,175.768,11.418,11.417,11.417,CCW
22,09,2022,17,06,08,175.776,175.769,175.768,11.418,11.411,11.411,CCW
22,09,2022,17,06,10,175.776,175.769,175.768,11.418,11.411,11.411,CCW
22,09,2022,17,06,10,175.776,175.769,175.768,11.418,11.411,11.411,CCW
22,09,2022,17,06,11,175.776,175.769,175.768,11.418,11.411,11.411,CCW
22,09,2022,17,06,11,175.776,175.769,175.768,11.418,11.411,11.411,CCW
22,09,2022,17,06,12,175.776,175.769,175.768,11.418,11.407,11.407,CCW
22,09,2022,17,06,13,175.776,175.769,175.768,11.418,11.407,11.407,CCW
22,09,2022,17,06,13,175.737,175.769,175.768,11.382,11.406,11.406,CCW
22,09,2022,17,06,14,175.737,175.769,175.768,11.382,11.405,11.405,CCW
22,09,2022,17,06,14,175.737,175.769,175.768,11.382,11.400,11.400,CCW
22,09,2022,17,06,14,175.737,175.769,175.768,11.382,11.400,11.400,CCW
22,09,2022,17,06,14,175.737,175.769,175.768,11.382,11.395,11.395,CCW
22,09,2022,17,06,15,175.737,175.769,175.768,11.382,11.394,11.394,CCW
22,09,2022,17,06,15,175.737,175.769,175.768,11.382,11.389,11.389,CCW
22,09,2022,17,06,36,175.659,175.663,175.663,11.312,11.313,11.313,CCW
22,09,2022,17,06,54,175.580,175.536,175.536,11.242,11.274,11.274,CCW
22,09,2022,17,07,20,175.501,175.510,175.510,11.172,11.170,11.170,CCW
22,09,2022,17,07,44,175.383,175.407,175.407,11.067,11.093,11.093,CCW
22,09,2022,17,08,04,175.304,175.307,175.307,10.998,11.016,11.016,CCW
22,09,2022,17,08,10,175.304,175.193,175.193,10.998,10.994,10.994,CCW
22,09,2022,17,08,36,175.186,175.197,175.197,10.894,10.890,10.890,CCW
22,09,2022,17,08,47,175.146,175.094,175.094,10.860,10.858,10.858,CCW
22,09,2022,17,08,53,175.146,175.069,175.070,10.860,10.851,10.851,CCW
22,09,2022,17,08,53,175.106,175.069,175.070,10.825,10.851,10.851,CCW
22,09,2022,17,08,59,175.106,175.170,175.170,10.825,10.818,10.818,CCW
22,09,2022,17,09,05,175.067,175.064,175.064,10.791,10.803,10.803,CCW
22,09,2022,17,09,35,174.948,174.988,174.988,10.688,10.703,10.703,CCW
22,09,2022,17,09,40,174.948,174.946,174.946,10.688,0.562,10.686,CCW
22,09,2022,17,09,40,174.948,174.943,174.943,10.688,10.686,10.686,CCW
22,09,2022,17,09,58,174.868,174.835,174.835,10.620,10.620,10.620,CCW
22,09,2022,17,10,18,174.789,174.729,174.729,10.552,10.548,10.548,CCW
22,09,2022,17,10,19,174.789,174.668,174.669,10.552,10.549,10.549,CCW
22,09,2022,17,10,22,174.789,174.668,174.669,10.552,10.545,10.545,CCW
22,09,2022,17,10,23,174.789,174.668,174.669,10.552,10.544,10.544,CCW
22,09,2022,17,10,49,174.669,174.674,174.674,10.450,10.443,10.443,CCW
22,09,2022,17,10,55,174.629,174.570,174.570,10.417,10.423,10.423,CCW
22,09,2022,17,10,56,174.629,174.566,174.565,10.417,10.417,10.417,CCW
22,09,2022,17,10,56,174.629,174.566,174.565,10.417,10.417,10.417,CCW
22,09,2022,17,10,56,174.629,174.566,174.565,10.417,10.417,10.417,CCW
22,09,2022,17,10,57,174.629,174.566,174.565,10.417,10.417,10.417,CCW
22,09,2022,17,11,04,174.589,174.555,174.554,10.383,10.406,10.406,CCW
22,09,2022,17,11,34,174.469,174.515,174.515,10.282,10.302,10.302,CCW
22,09,2022,17,11,50,174.429,174.388,174.388,10.249,10.240,10.240,CCW
22,09,2022,17,12,13,174.309,174.292,174.292,10.149,9.857,9.857,CCW
22,09,2022,17,12,14,174.309,174.291,174.291,10.149,10.182,10.182,CCW
22,09,2022,17,12,25,174.269,174.303,174.303,10.115,10.060,10.060,CCW
22,09,2022,17,12,45,174.189,174.186,174.187,10.049,10.033,10.033,CCW
22,09,2022,17,12,45,174.189,174.186,174.187,10.049,10.033,10.033,CCW
22,09,2022,17,12,46,174.189,174.186,174.187,10.049,10.033,10.033,CCW
22,09,2022,17,12,46,174.189,174.186,174.187,10.049,10.029,10.029,CCW
22,09,2022,17,12,47,174.189,174.186,174.187,10.049,10.029,10.029,CCW
22,09,2022,17,12,47,174.189,174.186,174.187,10.049,10.027,10.027,CCW
22,09,2022,17,12,49,174.189,174.197,174.198,10.049,10.029,10.029,CCW
22,09,2022,17,12,49,174.189,174.197,174.198,10.049,10.027,10.027,CCW
22,09,2022,17,12,50,174.189,174.197,174.198,10.049,10.027,10.027,CCW
22,09,2022,17,12,50,174.189,174.197,174.198,10.049,10.026,10.026,CCW
22,09,2022,17,12,51,174.189,174.197,174.198,10.049,10.027,10.027,CCW
22,09,2022,17,12,51,174.189,174.197,174.198,10.049,10.027,10.027,CCW
22,09,2022,17,12,52,174.189,174.197,174.198,10.049,10.027,10.027,CCW
22,09,2022,17,12,52,174.189,174.197,174.198,10.049,10.027,10.027,CCW
22,09,2022,17,12,53,174.189,174.197,174.198,10.049,10.026,10.026,CCW
22,09,2022,17,12,53,174.189,174.197,174.198,10.049,10.026,10.026,CCW
22,09,2022,17,12,53,174.148,174.197,174.198,10.016,10.026,10.026,CCW
22,09,2022,17,12,54,174.148,174.197,174.198,10.016,10.000,10.000,CCW
22,09,2022,17,12,58,174.148,174.088,174.088,10.016,9.989,9.989,CCW
22,09,2022,17,13,05,174.276,174.213,174.213,10.063,9.987,9.987,CCW
22,09,2022,17,13,15,174.563,174.340,174.340,10.183,10.071,10.071,CCW
22,09,2022,17,13,15,174.563,174.468,174.468,10.183,10.083,10.083,CCW
22,09,2022,17,13,23,174.563,174.555,174.554,10.183,10.186,10.186,CCW
22,09,2022,17,13,23,174.563,174.555,174.554,10.183,10.186,10.186,CCW
22,09,2022,17,13,23,174.850,174.555,174.554,10.303,10.186,10.186,CCW
22,09,2022,17,13,24,174.850,174.681,174.681,10.303,10.191,10.191,CCW
22,09,2022,17,13,25,174.850,174.791,174.791,10.303,10.202,10.202,CCW
22,09,2022,17,13,31,174.850,174.851,174.851,10.303,10.303,10.303,CCW
22,09,2022,17,13,34,175.137,174.977,174.977,10.423,10.313,10.313,CCW
22,09,2022,17,13,35,175.137,175.082,175.082,10.423,10.324,10.324,CCW
22,09,2022,17,13,44,175.424,175.221,175.221,10.543,10.423,10.423,CCW
22,09,2022,17,13,45,175.424,175.346,175.346,10.543,10.434,10.434,CCW
22,09,2022,17,13,51,175.424,175.422,175.422,10.543,10.538,10.538,CCW
22,09,2022,17,13,54,175.712,175.560,175.560,10.662,10.553,10.553,CCW
22,09,2022,17,13,55,175.712,175.675,175.675,10.662,10.561,10.561,CCW
22,09,2022,17,13,55,175.712,175.676,175.677,10.662,10.566,10.566,CCW
22,09,2022,17,14,02,175.712,175.769,175.768,10.662,10.660,10.660,CCW
22,09,2022,17,14,03,175.712,175.769,175.768,10.662,10.659,10.659,CCW
22,09,2022,17,14,04,175.999,175.891,175.891,10.782,10.670,10.670,CCW
22,09,2022,17,14,06,175.999,175.995,175.995,10.782,10.686,10.686,CCW
22,09,2022,17,14,14,176.286,176.023,176.023,10.902,10.787,10.787,CCW
22,09,2022,17,14,15,176.286,176.159,176.159,10.902,10.795,10.795,CCW
22,09,2022,17,14,16,176.286,176.267,176.267,10.902,10.813,10.813,CCW
22,09,2022,17,14,24,176.573,176.417,176.417,11.022,10.906,10.906,CCW
22,09,2022,17,14,25,176.573,176.522,176.522,11.022,10.918,10.918,CCW
22,09,2022,17,14,31,176.573,176.569,176.569,11.022,11.020,11.020,CCW
22,09,2022,17,14,34,176.861,176.697,176.697,11.142,11.028,11.028,CCW
22,09,2022,17,14,35,176.861,176.803,176.803,11.142,11.038,11.038,CCW
22,09,2022,17,14,41,176.861,176.860,176.860,11.142,11.142,11.142,CCW
22,09,2022,17,14,44,177.148,176.992,176.992,11.262,11.148,11.148,CCW
22,09,2022,17,14,45,177.148,177.103,177.103,11.262,11.159,11.159,CCW
22,09,2022,17,14,53,177.148,177.146,177.146,11.262,11.263,11.263,CCW
22,09,2022,17,14,54,177.435,177.280,177.281,11.382,11.269,11.269,CCW
22,09,2022,17,14,55,177.435,177.390,177.390,11.382,11.280,11.280,CCW
22,09,2022,17,15,02,177.435,177.432,177.432,11.382,11.380,11.380,CCW
22,09,2022,17,15,04,177.722,177.565,177.565,11.502,11.389,11.389,CCW
22,09,2022,17,15,05,177.722,177.675,177.675,11.502,11.400,11.400,CCW
22,09,2022,17,15,11,177.722,177.720,177.720,11.502,11.501,11.501,CCW
22,09,2022,17,15,14,178.009,177.896,177.896,11.622,11.512,11.512,CCW
22,09,2022,17,15,16,178.009,178.004,178.004,11.622,11.534,11.534,CCW
22,09,2022,17,15,24,178.297,178.146,178.146,11.742,11.631,11.631,CCW
22,09,2022,17,15,25,178.297,178.250,178.250,11.742,11.641,11.641,CCW
22,09,2022,17,15,31,178.297,178.290,178.290,11.742,11.747,11.747,CCW
22,09,2022,17,15,34,178.584,178.419,178.419,11.862,11.753,11.753,CCW
22,09,2022,17,15,35,178.584,178.527,178.527,11.862,11.763,11.763,CCW
22,09,2022,17,15,44,178.871,178.669,178.669,11.981,11.862,11.862,CCW
22,09,2022,17,15,45,178.871,178.797,178.797,11.981,11.873,11.873,CCW
22,09,2022,17,15,45,178.871,178.852,178.851,11.981,11.889,11.889,CCW
22,09,2022,17,15,54,179.158,179.003,179.003,12.101,11.983,11.983,CCW
22,09,2022,17,15,55,179.158,179.108,179.108,12.101,11.999,11.999,CCW
22,09,2022,17,16,02,179.158,179.162,179.162,12.101,12.104,12.104,CCW
22,09,2022,17,16,04,179.446,179.291,179.291,12.221,12.108,12.108,CCW
22,09,2022,17,16,05,179.446,179.405,179.405,12.221,12.120,12.120,CCW
22,09,2022,17,16,13,179.446,179.442,179.442,12.221,12.220,12.220,CCW
22,09,2022,17,16,14,179.733,179.575,179.575,12.341,12.224,12.224,CCW
22,09,2022,17,16,15,179.733,179.684,179.684,12.341,12.241,12.241,CCW
22,09,2022,17,16,24,180.020,179.811,179.811,12.461,12.344,12.344,CCW
22,09,2022,17,16,25,180.020,179.943,179.943,12.461,12.356,12.356,CCW
22,09,2022,17,16,31,180.020,180.016,180.016,12.461,12.459,12.459,CCW
22,09,2022,17,16,34,180.307,180.055,180.054,12.581,12.461,12.461,CCW
22,09,2022,17,16,34,180.307,180.186,180.186,12.581,12.470,12.470,CCW
22,09,2022,17,16,35,180.307,180.295,180.295,12.581,12.488,12.488,CCW
22,09,2022,17,16,44,180.594,180.439,180.439,12.701,12.587,12.587,CCW
22,09,2022,17,16,45,180.594,180.548,180.547,12.701,12.598,12.598,CCW
22,09,2022,17,16,54,180.882,180.675,180.675,12.821,12.697,12.697,CCW
22,09,2022,17,16,55,180.882,180.806,180.806,12.821,12.712,12.712,CCW
22,09,2022,17,17,01,180.882,180.881,180.881,12.821,12.818,12.818,CCW
22,09,2022,17,17,04,181.169,181.013,181.013,12.941,12.827,12.827,CCW
22,09,2022,17,17,05,181.169,181.123,181.123,12.941,12.840,12.840,CCW
22,09,2022,17,17,14,181.456,181.249,181.249,13.061,12.944,12.944,CCW
22,09,2022,17,17,15,181.456,181.366,181.366,13.061,12.954,12.954,CCW
22,09,2022,17,17,21,181.456,181.454,181.454,13.061,13.059,13.059,CCW
22,09,2022,17,17,24,181.743,181.582,181.582,13.181,13.065,13.065,CCW
22,09,2022,17,17,25,181.743,181.689,181.689,13.181,13.076,13.076,CCW
22,09,2022,17,17,26,181.743,181.740,181.739,13.181,13.092,13.092,CCW
22,09,2022,17,17,34,182.031,181.873,181.873,13.300,13.180,13.180,CCW
22,09,2022,17,17,35,182.031,181.987,181.987,13.300,13.191,13.191,CCW
22,09,2022,17,17,41,182.031,182.027,182.027,13.300,13.294,13.294,CCW
22,09,2022,17,17,44,182.318,182.162,182.162,13.420,13.301,13.301,CCW
22,09,2022,17,17,45,182.318,182.268,182.268,13.420,13.313,13.313,CCW
22,09,2022,17,17,52,182.318,182.316,182.316,13.420,13.416,13.416,CCW
22,09,2022,17,17,54,182.605,182.448,182.448,13.540,13.422,13.422,CCW
22,09,2022,17,17,55,182.605,182.559,182.559,13.540,13.433,13.433,CCW
22,09,2022,17,18,02,182.605,182.603,182.603,13.540,13.537,13.537,CCW
22,09,2022,17,18,04,182.892,182.734,182.734,13.660,13.544,13.544,CCW
22,09,2022,17,18,05,182.892,182.838,182.838,13.660,13.554,13.554,CCW
22,09,2022,17,18,12,182.892,182.893,182.893,13.660,13.658,13.658,CCW
22,09,2022,17,18,14,183.179,183.024,183.024,13.780,13.664,13.664,CCW
22,09,2022,17,18,15,183.179,183.125,183.125,13.780,13.675,13.675,CCW
22,09,2022,17,18,22,183.179,183.173,183.173,13.780,13.779,13.779,CCW
22,09,2022,17,18,24,183.467,183.300,183.300,13.900,13.784,13.784,CCW
22,09,2022,17,18,25,183.467,183.438,183.438,13.900,13.801,13.801,CCW
22,09,2022,17,18,34,183.754,183.552,183.552,14.020,13.905,13.905,CCW
22,09,2022,17,18,35,183.754,183.674,183.674,14.020,13.916,13.916,CCW
22,09,2022,17,18,37,183.754,183.756,183.755,14.020,13.944,13.944,CCW
22,09,2022,17,18,38,183.754,183.756,183.755,14.020,13.955,13.955,CCW
22,09,2022,17,18,41,183.754,183.756,183.755,14.020,14.003,14.003,CCW
22,09,2022,17,18,41,183.754,183.756,183.755,14.020,14.010,14.010,CCW
22,09,2022,17,18,41,183.754,183.756,183.755,14.020,14.010,14.010,CCW
22,09,2022,17,18,42,183.754,183.756,183.755,14.020,14.015,14.015,CCW
22,09,2022,17,18,42,183.754,183.756,183.755,14.020,14.015,14.015,CCW
22,09,2022,17,18,43,183.754,183.756,183.755,14.020,14.015,14.015,CCW
22,09,2022,17,18,44,184.041,183.880,183.880,14.140,14.022,14.022,CCW
22,09,2022,17,18,45,184.041,183.988,183.988,14.140,14.033,14.033,CCW
22,09,2022,17,18,46,184.041,184.043,184.042,14.140,14.048,14.048,CCW
22,09,2022,17,18,47,184.041,184.043,184.042,14.140,14.059,14.059,CCW
22,09,2022,17,18,47,184.041,184.043,184.042,14.140,14.065,14.065,CCW
22,09,2022,17,18,47,184.041,184.043,184.042,14.140,14.070,14.070,CCW
22,09,2022,17,18,48,184.041,184.043,184.042,14.140,14.076,14.076,CCW
22,09,2022,17,18,49,184.041,184.043,184.042,14.140,14.091,14.091,CCW
22,09,2022,17,18,49,184.041,184.043,184.042,14.140,14.093,14.093,CCW
22,09,2022,17,18,50,184.041,184.043,184.042,14.140,14.102,14.102,CCW
22,09,2022,17,18,50,184.041,184.043,184.042,14.140,14.110,14.110,CCW
22,09,2022,17,18,50,184.041,184.043,184.042,14.140,14.114,14.114,CCW
22,09,2022,17,18,51,184.041,184.043,184.042,14.140,14.125,14.125,CCW
22,09,2022,17,18,51,184.041,184.043,184.042,14.140,14.131,14.131,CCW
22,09,2022,17,18,52,184.041,184.043,184.042,14.140,14.136,14.136,CCW
22,09,2022,17,18,52,184.041,184.043,184.042,14.140,14.136,14.136,CCW
22,09,2022,17,18,52,184.041,184.043,184.042,14.140,14.137,14.137,CCW
22,09,2022,17,18,53,184.041,184.043,184.042,14.140,14.136,14.136,CCW
22,09,2022,17,18,53,184.041,184.043,184.042,14.140,14.136,14.136,CCW
22,09,2022,17,18,53,184.328,184.043,184.042,14.260,14.136,14.136,CCW
22,09,2022,17,18,54,184.328,184.173,184.173,14.260,14.142,14.142,CCW
22,09,2022,17,18,55,184.328,184.284,184.284,14.260,14.158,14.158,CCW
22,09,2022,17,19,04,184.615,184.415,184.415,14.380,14.257,14.257,CCW
22,09,2022,17,19,05,184.615,184.526,184.526,14.380,14.268,14.268,CCW
22,09,2022,17,19,11,184.615,184.607,184.607,14.380,14.372,14.372,CCW
22,09,2022,17,19,14,184.903,184.744,184.744,14.500,14.382,14.382,CCW
22,09,2022,17,19,15,184.903,184.855,184.855,14.500,14.396,14.396,CCW
22,09,2022,17,19,22,184.903,184.904,184.904,14.500,14.499,14.499,CCW
22,09,2022,17,19,24,185.190,185.029,185.029,14.619,14.504,14.504,CCW
22,09,2022,17,19,25,185.190,185.138,185.138,14.619,14.515,14.515,CCW
22,09,2022,17,19,33,185.190,185.188,185.188,14.619,14.619,14.619,CCW
22,09,2022,17,19,34,185.477,185.321,185.321,14.739,14.625,14.625,CCW
22,09,2022,17,19,35,185.477,185.432,185.432,14.739,14.636,14.636,CCW
22,09,2022,17,19,42,185.477,185.469,185.469,14.739,14.736,14.736,CCW
22,09,2022,17,19,44,185.764,185.607,185.607,14.859,14.746,14.746,CCW
22,09,2022,17,19,45,185.764,185.721,185.721,14.859,14.757,14.757,CCW
22,09,2022,17,19,52,185.764,185.755,185.755,14.859,14.860,14.860,CCW
22,09,2022,17,19,54,186.052,185.898,185.898,14.979,14.867,14.867,CCW
22,09,2022,17,19,55,186.052,186.008,186.008,14.979,14.879,14.879,CCW
22,09,2022,17,20,03,186.052,186.052,186.052,14.979,14.982,14.982,CCW
22,09,2022,17,20,04,186.339,186.183,186.183,15.099,14.987,14.987,CCW
22,09,2022,17,20,05,186.339,186.293,186.293,15.099,14.998,14.998,CCW
22,09,2022,17,20,09,186.339,186.414,186.414,15.099,15.066,15.066,CCW
22,09,2022,17,20,15,186.626,186.564,186.564,15.219,15.108,15.108,CCW
22,09,2022,17,20,20,186.626,186.619,186.619,15.219,15.209,15.209,CCW
22,09,2022,17,20,24,186.913,186.729,186.729,15.339,15.218,15.218,CCW
22,09,2022,17,20,25,186.913,186.855,186.855,15.339,15.231,15.231,CCW
22,09,2022,17,20,31,186.913,186.924,186.924,15.339,15.334,15.334,CCW
22,09,2022,17,20,34,187.200,187.035,187.035,15.459,15.346,15.346,CCW
22,09,2022,17,20,35,187.200,187.146,187.146,15.459,15.356,15.356,CCW
22,09,2022,17,20,39,187.200,187.240,187.239,15.459,15.427,15.427,CCW
22,09,2022,17,20,44,187.488,187.366,187.366,15.579,15.465,15.465,CCW
22,09,2022,17,20,45,187.488,187.480,187.480,15.579,15.482,15.482,CCW
22,09,2022,17,20,54,187.775,187.612,187.612,15.699,15.586,15.586,CCW
22,09,2022,17,20,55,187.775,187.717,187.717,15.699,15.596,15.596,CCW
22,09,2022,17,21,02,187.775,187.776,187.776,15.699,15.697,15.697,CCW
22,09,2022,17,21,04,188.062,187.903,187.903,15.819,15.707,15.707,CCW
22,09,2022,17,21,05,188.062,188.022,188.022,15.819,15.724,15.724,CCW
22,09,2022,17,21,14,188.349,188.144,188.145,15.938,15.822,15.822,CCW
22,09,2022,17,21,15,188.349,188.267,188.267,15.938,15.833,15.833,CCW
22,09,2022,17,21,21,188.349,188.348,188.348,15.938,15.938,15.938,CCW
22,09,2022,17,21,24,188.637,188.480,188.480,16.058,15.943,15.943,CCW
22,09,2022,17,21,25,188.637,188.595,188.595,16.058,15.958,15.958,CCW
22,09,2022,17,21,32,188.637,188.633,188.633,16.058,16.059,16.059,CCW
22,09,2022,17,21,34,188.924,188.760,188.760,16.178,16.066,16.066,CCW
22,09,2022,17,21,35,188.924,188.871,188.871,16.178,16.075,16.075,CCW
22,09,2022,17,21,41,188.924,188.926,188.926,16.178,16.175,16.175,CCW
22,09,2022,17,21,44,189.211,189.056,189.056,16.298,16.185,16.185,CCW
22,09,2022,17,21,45,189.211,189.165,189.165,16.298,16.196,16.196,CCW
22,09,2022,17,21,54,189.498,189.283,189.283,16.418,16.300,16.300,CCW
22,09,2022,17,21,55,189.498,189.412,189.412,16.418,16.311,16.311,CCW
22,09,2022,17,22,02,189.498,189.497,189.497,16.418,16.412,16.412,CCW
22,09,2022,17,22,04,189.785,189.622,189.622,16.538,16.423,16.423,CCW
22,09,2022,17,22,05,189.785,189.732,189.732,16.538,16.432,16.432,CCW
22,09,2022,17,22,12,189.785,189.787,189.787,16.538,16.537,16.537,CCW
22,09,2022,17,22,14,190.073,189.919,189.919,16.658,16.548,16.548,CCW
22,09,2022,17,22,15,190.073,190.027,190.027,16.658,16.557,16.557,CCW
22,09,2022,17,22,22,190.073,190.066,190.066,16.658,16.659,16.659,CCW
22,09,2022,17,22,24,190.360,190.199,190.199,16.778,16.668,16.668,CCW
22,09,2022,17,22,25,190.360,190.307,190.307,16.778,16.679,16.679,CCW
22,09,2022,17,22,34,190.647,190.441,190.441,16.898,16.777,16.777,CCW
22,09,2022,17,22,35,190.647,190.529,190.528,16.898,16.785,16.785,CCW
22,09,2022,17,22,36,190.647,190.638,190.638,16.898,16.806,16.806,CCW
22,09,2022,17,22,37,190.647,190.642,190.643,16.898,16.828,16.828,CCW
22,09,2022,17,22,39,190.647,190.642,190.643,16.898,16.850,16.850,CCW
22,09,2022,17,22,39,190.647,190.642,190.643,16.898,16.861,16.861,CCW
22,09,2022,17,22,40,190.647,190.642,190.643,16.898,16.866,16.866,CCW
22,09,2022,17,22,40,190.647,190.642,190.643,16.898,16.870,16.870,CCW
22,09,2022,17,22,40,190.647,190.642,190.643,16.898,16.876,16.876,CCW
22,09,2022,17,22,40,190.647,190.642,190.643,16.898,16.878,16.878,CCW
22,09,2022,17,22,41,190.647,190.642,190.643,16.898,16.888,16.888,CCW
22,09,2022,17,22,41,190.647,190.642,190.643,16.898,16.894,16.894,CCW
22,09,2022,17,22,42,190.647,190.642,190.643,16.898,16.894,16.894,CCW
22,09,2022,17,22,43,190.647,190.642,190.643,16.898,16.894,16.894,CCW
22,09,2022,17,22,43,190.647,190.642,190.643,16.898,16.894,16.894,CCW
22,09,2022,17,22,44,190.934,190.642,190.643,17.018,16.894,16.894,CCW
22,09,2022,17,22,44,190.934,190.777,190.777,17.018,16.899,16.899,CCW
22,09,2022,17,22,45,190.934,190.884,190.884,17.018,16.910,16.910,CCW
22,09,2022,17,22,51,190.934,190.924,190.924,17.018,17.014,17.014,CCW
22,09,2022,17,22,54,191.222,191.056,191.056,17.138,17.020,17.020,CCW
22,09,2022,17,22,55,191.222,191.170,191.170,17.138,17.036,17.036,CCW
22,09,2022,17,23,03,191.222,191.225,191.225,17.138,17.137,17.137,CCW
22,09,2022,17,23,04,191.509,191.352,191.352,17.257,17.142,17.142,CCW
22,09,2022,17,23,05,191.509,191.473,191.473,17.257,17.152,17.152,CCW
22,09,2022,17,23,12,191.509,191.550,191.550,17.257,17.256,17.256,CCW
22,09,2022,17,23,15,191.796,191.666,191.666,17.377,17.267,17.267,CCW
22,09,2022,17,23,15,191.796,191.771,191.771,17.377,17.284,17.284,CCW
22,09,2022,17,23,24,192.083,191.876,191.876,17.497,17.377,17.377,CCW
22,09,2022,17,23,25,192.083,192.012,192.012,17.497,17.388,17.388,CCW
22,09,2022,17,23,25,192.083,192.040,192.041,17.497,17.393,17.393,CCW
22,09,2022,17,23,33,192.083,192.084,192.084,17.497,17.494,17.494,CCW
22,09,2022,17,23,34,192.370,192.209,192.209,17.617,17.498,17.498,CCW
22,09,2022,17,23,35,192.370,192.314,192.314,17.617,17.510,17.510,CCW
22,09,2022,17,23,42,192.370,192.373,192.373,17.617,17.612,17.612,CCW
22,09,2022,17,23,44,192.658,192.452,192.453,17.737,17.619,17.619,CCW
22,09,2022,17,23,45,192.658,192.582,192.582,17.737,17.630,17.630,CCW
22,09,2022,17,23,52,192.658,192.661,192.661,17.737,17.734,17.734,CCW
22,09,2022,17,23,54,192.945,192.790,192.790,17.857,17.740,17.740,CCW
22,09,2022,17,23,55,192.945,192.903,192.903,17.857,17.751,17.751,CCW
22,09,2022,17,24,01,192.945,192.939,192.939,17.857,17.854,17.854,CCW
22,09,2022,17,24,04,193.232,193.072,193.072,17.977,17.862,17.862,CCW
22,09,2022,17,24,05,193.232,193.183,193.183,17.977,17.875,17.875,CCW
22,09,2022,17,24,12,193.232,193.235,193.235,17.977,17.977,17.977,CCW
22,09,2022,17,24,14,193.519,193.364,193.364,18.097,17.987,17.987,CCW
22,09,2022,17,24,15,193.519,193.473,193.473,18.097,17.996,17.996,CCW
22,09,2022,17,24,22,193.519,193.515,193.515,18.097,18.097,18.097,CCW
22,09,2022,17,24,24,193.807,193.650,193.650,18.217,18.102,18.102,CCW
22,09,2022,17,24,25,193.807,193.764,193.764,18.217,18.113,18.113,CCW
22,09,2022,17,24,33,194.094,193.802,193.802,18.337,18.213,18.213,CCW
22,09,2022,17,24,34,194.094,193.940,193.940,18.337,18.217,18.217,CCW
22,09,2022,17,24,35,194.094,194.050,194.050,18.337,18.228,18.228,CCW
22,09,2022,17,24,42,194.094,194.088,194.088,18.337,18.333,18.333,CCW
22,09,2022,17,24,44,194.381,194.219,194.219,18.457,18.338,18.338,CCW
22,09,2022,17,24,45,194.381,194.330,194.330,18.457,18.349,18.349,CCW
22,09,2022,17,24,51,194.381,194.379,194.379,18.457,18.452,18.452,CCW
22,09,2022,17,24,54,194.668,194.511,194.511,18.576,18.461,18.461,CCW
22,09,2022,17,24,55,194.668,194.620,194.620,18.576,18.471,18.471,CCW
22,09,2022,17,25,01,194.668,194.669,194.669,18.576,18.574,18.574,CCW
22,09,2022,17,25,04,194.955,194.744,194.745,18.696,18.576,18.576,CCW
22,09,2022,17,25,05,194.955,194.875,194.875,18.696,18.587,18.587,CCW
22,09,2022,17,25,06,194.955,194.939,194.940,18.696,18.602,18.602,CCW
22,09,2022,17,25,14,195.243,195.078,195.078,18.816,18.701,18.701,CCW
22,09,2022,17,25,15,195.243,195.188,195.188,18.816,18.710,18.710,CCW
22,09,2022,17,25,22,195.243,195.240,195.240,18.816,18.812,18.812,CCW
22,09,2022,17,25,24,195.530,195.372,195.372,18.936,18.822,18.822,CCW
22,09,2022,17,25,25,195.530,195.478,195.478,18.936,18.831,18.831,CCW
22,09,2022,17,25,31,195.530,195.527,195.527,18.936,18.932,18.932,CCW
22,09,2022,17,25,34,195.817,195.652,195.652,19.056,18.937,18.937,CCW
22,09,2022,17,25,35,195.817,195.763,195.763,19.056,18.949,18.949,CCW
22,09,2022,17,25,42,195.817,195.818,195.818,19.056,19.052,19.052,CCW
22,09,2022,17,25,44,196.104,195.972,195.972,19.176,19.057,19.057,CCW
22,09,2022,17,25,45,196.104,196.086,196.086,19.176,19.069,19.069,CCW
22,09,2022,17,25,52,196.104,196.099,196.099,19.176,19.173,19.173,CCW
22,09,2022,17,25,54,196.391,196.121,196.120,19.296,19.175,19.175,CCW
22,09,2022,17,25,55,196.391,196.258,196.258,19.296,19.186,19.186,CCW
22,09,2022,17,25,56,196.391,196.368,196.368,19.296,19.201,19.201,CCW
22,09,2022,17,26,04,196.679,196.471,196.471,19.416,19.294,19.294,CCW
22,09,2022,17,26,05,196.679,196.600,196.600,19.416,19.305,19.305,CCW
22,09,2022,17,26,08,196.679,196.747,196.747,19.416,19.355,19.355,CCW
22,09,2022,17,26,14,196.966,196.866,196.866,19.536,19.420,19.420,CCW
22,09,2022,17,26,21,196.966,196.957,196.957,19.536,19.526,19.526,CCW
22,09,2022,17,26,25,197.253,197.078,197.078,19.656,19.540,19.540,CCW
22,09,2022,17,26,25,197.253,197.186,197.186,19.656,19.552,19.552,CCW
22,09,2022,17,26,33,197.253,197.252,197.252,19.656,19.653,19.653,CCW
22,09,2022,17,26,34,197.540,197.384,197.384,19.776,19.658,19.658,CCW
22,09,2022,17,26,35,197.540,197.510,197.510,19.776,19.668,19.668,CCW
22,09,2022,17,26,42,197.540,197.597,197.597,19.776,19.772,19.772,CCW
22,09,2022,17,26,45,197.828,197.704,197.704,19.895,19.783,19.783,CCW
22,09,2022,17,26,46,197.828,197.814,197.814,19.895,19.799,19.799,CCW
22,09,2022,17,26,47,197.828,197.827,197.828,19.895,19.816,19.816,CCW
22,09,2022,17,26,47,197.828,197.827,197.828,19.895,19.821,19.821,CCW
22,09,2022,17,26,48,197.828,197.827,197.828,19.895,19.832,19.832,CCW
22,09,2022,17,26,49,197.828,197.827,197.828,19.895,19.854,19.854,CCW
22,09,2022,17,26,49,197.828,197.827,197.828,19.895,19.860,19.860,CCW
22,09,2022,17,26,50,197.828,197.827,197.828,19.895,19.865,19.865,CCW
22,09,2022,17,26,50,197.828,197.827,197.828,19.895,19.871,19.871,CCW
22,09,2022,17,26,50,197.828,197.827,197.828,19.895,19.876,19.876,CCW
22,09,2022,17,26,51,197.828,197.827,197.828,19.895,19.882,19.882,CCW
22,09,2022,17,26,51,197.828,197.827,197.828,19.895,19.883,19.883,CCW
22,09,2022,17,26,52,197.828,197.827,197.828,19.895,19.891,19.891,CCW
22,09,2022,17,26,53,197.828,197.827,197.828,19.895,19.894,19.894,CCW
22,09,2022,17,26,54,198.115,197.998,197.998,20.015,19.904,19.904,CCW
22,09,2022,17,26,56,198.115,198.098,198.098,20.015,19.926,19.926,CCW
22,09,2022,17,27,04,198.402,198.239,198.239,20.135,20.019,20.019,CCW
22,09,2022,17,27,05,198.402,198.351,198.351,20.135,20.032,20.032,CCW
22,09,2022,17,27,13,198.402,198.404,198.404,20.135,20.133,20.133,CCW
22,09,2022,17,27,14,198.689,198.532,198.532,20.255,20.140,20.140,CCW
22,09,2022,17,27,15,198.689,198.638,198.638,20.255,20.150,20.150,CCW
22,09,2022,17,27,22,198.689,198.686,198.686,20.255,20.250,20.250,CCW
22,09,2022,17,27,24,198.976,198.822,198.822,20.375,20.261,20.261,CCW
22,09,2022,17,27,25,198.976,198.937,198.937,20.375,20.272,20.272,CCW
22,09,2022,17,27,33,198.976,198.976,198.976,20.375,20.372,20.372,CCW
22,09,2022,17,27,34,199.264,199.105,199.105,20.495,20.376,20.376,CCW
22,09,2022,17,27,35,199.264,199.219,199.219,20.495,20.393,20.393,CCW
22,09,2022,17,27,44,199.551,199.350,199.350,20.615,20.492,20.492,CCW
22,09,2022,17,27,44,199.551,199.431,199.432,20.615,20.501,20.501,CCW
22,09,2022,17,27,46,199.551,199.541,199.541,20.615,20.519,20.519,CCW
22,09,2022,17,27,49,199.551,199.616,199.615,20.615,20.574,20.574,CCW
22,09,2022,17,27,49,199.551,199.616,199.615,20.615,20.574,20.574,CCW
22,09,2022,17,27,50,199.551,199.616,199.615,20.615,20.585,20.585,CCW
22,09,2022,17,27,50,199.551,199.616,199.615,20.615,20.589,20.589,CCW
22,09,2022,17,27,50,199.551,199.616,199.615,20.615,20.590,20.590,CCW
22,09,2022,17,27,51,199.551,199.616,199.615,20.615,20.601,20.601,CCW
22,09,2022,17,27,51,199.551,199.616,199.615,20.615,20.606,20.606,CCW
22,09,2022,17,27,51,199.551,199.616,199.615,20.615,20.607,20.607,CCW
22,09,2022,17,27,52,199.551,199.616,199.615,20.615,20.607,20.607,CCW
22,09,2022,17,27,52,199.551,199.616,199.615,20.615,20.612,20.612,CCW
22,09,2022,17,27,52,199.551,199.616,199.615,20.615,20.612,20.612,CCW
22,09,2022,17,27,53,199.551,199.616,199.615,20.615,20.611,20.611,CCW
22,09,2022,17,27,53,199.551,199.616,199.615,20.615,20.612,20.612,CCW
22,09,2022,17,27,53,199.838,199.616,199.615,20.735,20.612,20.612,CCW
22,09,2022,17,27,55,199.838,199.734,199.734,20.735,20.622,20.622,CCW
22,09,2022,17,27,56,199.838,199.832,199.833,20.735,20.640,20.640,CCW
22,09,2022,17,27,56,199.838,199.832,199.833,20.735,20.645,20.645,CCW
22,09,2022,17,27,57,199.838,199.832,199.833,20.735,20.662,20.662,CCW
22,09,2022,17,27,58,199.838,199.832,199.833,20.735,20.663,20.663,CCW
22,09,2022,17,27,58,199.838,199.832,199.833,20.735,20.673,20.673,CCW
22,09,2022,17,27,58,199.838,199.832,199.833,20.735,20.678,20.678,CCW
22,09,2022,17,27,59,199.838,199.832,199.833,20.735,20.678,20.678,CCW
22,09,2022,17,27,59,199.838,199.832,199.833,20.735,20.689,20.689,CCW
22,09,2022,17,27,59,199.838,199.832,199.833,20.735,20.695,20.695,CCW
22,09,2022,17,28,00,199.838,199.832,199.833,20.735,20.695,20.695,CCW
22,09,2022,17,28,04,200.125,199.937,199.937,20.855,20.733,20.733,CCW
22,09,2022,17,28,05,200.125,200.054,200.054,20.855,20.743,20.743,CCW
22,09,2022,17,28,11,200.125,200.125,200.125,20.855,20.843,20.843,CCW
22,09,2022,17,28,14,200.413,200.251,200.251,20.975,20.865,20.865,CCW
22,09,2022,17,28,16,200.413,200.372,200.372,20.975,20.876,20.876,CCW
22,09,2022,17,28,22,200.413,200.439,200.439,20.975,21.041,21.041,CCW
22,09,2022,17,28,25,200.700,200.542,200.542,21.095,20.980,20.980,CCW
22,09,2022,17,28,25,200.700,200.651,200.651,21.095,20.991,20.991,CCW
22,09,2022,17,28,32,200.700,200.696,200.696,21.095,21.092,21.092,CCW
22,09,2022,17,28,34,200.987,200.828,200.828,21.214,21.096,21.096,CCW
22,09,2022,17,28,35,200.987,200.937,200.937,21.214,21.107,21.107,CCW
22,09,2022,17,28,42,200.987,200.986,200.986,21.214,21.210,21.210,CCW
22,09,2022,17,28,44,201.274,201.114,201.114,21.334,21.217,21.217,CCW
22,09,2022,17,28,45,201.274,201.224,201.224,21.334,21.228,21.228,CCW
22,09,2022,17,28,52,201.274,201.279,201.279,21.334,21.332,21.332,CCW
22,09,2022,17,28,54,201.561,201.401,201.401,21.454,21.338,21.338,CCW
22,09,2022,17,28,55,201.561,201.511,201.511,21.454,21.350,21.350,CCW
22,09,2022,17,28,58,201.561,201.630,201.630,21.454,21.392,21.392,CCW
22,09,2022,17,29,05,201.849,201.762,201.762,21.574,21.468,21.468,CCW
22,09,2022,17,29,11,201.849,201.843,201.843,21.574,21.568,21.568,CCW
22,09,2022,17,29,14,202.136,201.971,201.971,21.694,21.579,21.579,CCW
22,09,2022,17,29,15,202.136,202.011,202.010,21.694,21.585,21.585,CCW
22,09,2022,17,29,16,202.136,202.119,202.119,21.694,21.596,21.596,CCW
22,09,2022,17,29,24,202.423,202.229,202.229,21.814,21.695,21.695,CCW
22,09,2022,17,29,25,202.423,202.350,202.350,21.814,21.700,21.700,CCW
22,09,2022,17,29,25,202.423,202.412,202.411,21.814,21.715,21.715,CCW
22,09,2022,17,29,34,202.710,202.498,202.498,21.934,21.815,21.815,CCW
22,09,2022,17,29,35,202.710,202.618,202.617,21.934,21.821,21.821,CCW
22,09,2022,17,29,41,202.710,202.707,202.707,21.934,21.925,21.925,CCW
22,09,2022,17,29,44,202.998,202.833,202.833,22.054,21.936,21.936,CCW
22,09,2022,17,29,45,202.998,202.943,202.943,22.054,21.947,21.947,CCW
22,09,2022,17,29,46,202.998,203.046,203.046,22.054,21.964,21.964,CCW
22,09,2022,17,29,50,202.998,203.019,203.018,22.054,22.024,22.024,CCW
22,09,2022,17,29,55,203.285,203.153,203.153,22.174,22.063,22.063,CCW
22,09,2022,17,29,56,203.285,203.263,203.263,22.174,22.079,22.079,CCW
22,09,2022,17,30,04,203.572,203.448,203.448,22.294,22.174,22.174,CCW
22,09,2022,17,30,06,203.572,203.553,203.553,22.294,22.193,22.193,CCW
22,09,2022,17,30,13,203.572,203.569,203.569,22.294,22.295,22.295,CCW
22,09,2022,17,30,14,203.859,203.705,203.705,22.414,22.299,22.299,CCW
22,09,2022,17,30,15,203.859,203.827,203.827,22.414,22.310,22.310,CCW
22,09,2022,17,30,22,203.859,203.853,203.853,22.414,22.410,22.410,CCW
22,09,2022,17,30,24,204.146,203.987,203.987,22.533,22.418,22.418,CCW
22,09,2022,17,30,25,204.146,204.097,204.097,22.533,22.431,22.431,CCW
22,09,2022,17,30,27,204.146,204.201,204.201,22.533,22.459,22.459,CCW
22,09,2022,17,30,35,204.434,204.326,204.326,22.653,22.541,22.541,CCW
22,09,2022,17,30,36,204.434,204.430,204.430,22.653,22.561,22.561,CCW
22,09,2022,17,30,44,204.721,204.562,204.562,22.773,22.655,22.655,CCW
22,09,2022,17,30,45,204.721,204.680,204.680,22.773,22.665,22.665,CCW
22,09,2022,17,30,52,204.721,204.779,204.779,22.773,22.766,22.766,CCW
22,09,2022,17,30,55,205.008,204.899,204.899,22.893,22.782,22.782,CCW
22,09,2022,17,30,56,205.008,205.003,205.003,22.893,22.800,22.800,CCW
22,09,2022,17,31,04,205.295,205.144,205.144,23.013,22.898,22.898,CCW
22,09,2022,17,31,05,205.295,205.258,205.258,23.013,22.909,22.909,CCW
22,09,2022,17,31,07,205.295,205.411,205.411,23.013,22.937,22.937,CCW
22,09,2022,17,31,10,205.295,205.413,205.414,23.013,22.981,22.981,CCW
22,09,2022,17,31,10,205.295,205.413,205.414,23.013,22.981,22.981,CCW
22,09,2022,17,31,10,205.295,205.413,205.414,23.013,22.991,22.991,CCW
22,09,2022,17,31,11,205.295,205.413,205.414,23.013,23.002,23.002,CCW
22,09,2022,17,31,12,205.295,205.413,205.414,23.013,23.013,23.013,CCW
22,09,2022,17,31,12,205.295,205.413,205.414,23.013,23.013,23.013,CCW
22,09,2022,17,31,13,205.295,205.413,205.414,23.013,23.013,23.013,CCW
22,09,2022,17,31,13,205.295,205.413,205.414,23.013,23.013,23.013,CCW
22,09,2022,17,31,13,205.582,205.413,205.414,23.133,23.014,23.014,CCW
22,09,2022,17,31,14,205.582,205.413,205.414,23.133,23.014,23.014,CCW
22,09,2022,17,31,14,205.582,205.413,205.414,23.133,23.018,23.018,CCW
22,09,2022,17,31,15,205.582,205.519,205.519,23.133,23.035,23.035,CCW
22,09,2022,17,31,24,205.870,205.662,205.662,23.253,23.134,23.134,CCW
22,09,2022,17,31,25,205.870,205.794,205.794,23.253,23.145,23.145,CCW
22,09,2022,17,31,32,205.870,205.867,205.867,23.253,23.249,23.249,CCW
22,09,2022,17,31,34,206.157,205.992,205.992,23.373,23.255,23.255,CCW
22,09,2022,17,31,35,206.157,206.118,206.118,23.373,23.271,23.271,CCW
22,09,2022,17,31,44,206.444,206.239,206.239,23.493,23.370,23.370,CCW
22,09,2022,17,31,45,206.444,206.364,206.364,23.493,23.382,23.382,CCW
22,09,2022,17,31,51,206.444,206.470,206.470,23.493,23.480,23.480,CCW
22,09,2022,17,31,54,206.731,206.607,206.607,23.613,23.496,23.496,CCW
22,09,2022,17,31,55,206.731,206.717,206.717,23.613,23.507,23.507,CCW
22,09,2022,17,32,02,206.731,206.728,206.728,23.613,23.610,23.610,CCW
22,09,2022,17,32,05,207.019,206.854,206.854,23.733,23.623,23.623,CCW
22,09,2022,17,32,05,207.019,206.968,206.968,23.733,23.634,23.634,CCW
22,09,2022,17,32,14,207.306,207.096,207.096,23.852,23.733,23.733,CCW
22,09,2022,17,32,15,207.306,207.222,207.222,23.852,23.738,23.738,CCW
22,09,2022,17,32,21,207.306,207.306,207.306,23.852,23.842,23.842,CCW
22,09,2022,17,32,24,207.593,207.386,207.385,23.972,23.848,23.848,CCW
22,09,2022,17,32,25,207.593,207.513,207.513,23.972,23.859,23.859,CCW
22,09,2022,17,32,31,207.593,207.590,207.590,23.972,23.962,23.962,CCW
22,09,2022,17,32,34,207.880,207.722,207.722,24.092,23.976,23.976,CCW
22,09,2022,17,32,35,207.880,207.839,207.839,24.092,23.985,23.985,CCW
22,09,2022,17,32,42,207.880,207.913,207.913,24.092,24.085,24.085,CCW
22,09,2022,17,32,44,208.167,208.019,208.019,24.212,24.090,24.090,CCW
22,09,2022,17,32,45,208.167,208.123,208.123,24.212,24.106,24.106,CCW
22,09,2022,17,32,53,208.167,208.171,208.171,24.212,24.209,24.209,CCW
22,09,2022,17,32,55,208.455,208.295,208.295,24.332,24.221,24.221,CCW
22,09,2022,17,32,55,208.455,208.407,208.407,24.332,24.232,24.232,CCW
22,09,2022,17,32,57,208.455,208.520,208.520,24.332,24.249,24.249,CCW
22,09,2022,17,33,05,208.634,208.623,208.623,24.420,24.353,24.353,CCW
22,09,2022,17,33,17,208.656,208.660,208.660,24.476,24.458,24.458,CCW
22,09,2022,17,33,36,208.700,208.701,208.701,24.588,24.562,24.562,CCW
22,09,2022,17,33,55,208.745,208.744,208.744,24.700,24.666,24.666,CCW
22,09,2022,17,34,15,208.790,208.788,208.788,24.811,24.771,24.771,CCW
22,09,2022,17,34,35,208.835,208.830,208.830,24.923,24.874,24.874,CCW
22,09,2022,17,34,48,208.858,208.854,208.854,24.979,24.974,24.974,CCW
22,09,2022,17,34,56,208.881,208.985,208.985,25.035,25.001,25.001,CCW
22,09,2022,17,34,57,208.881,208.881,208.881,25.035,25.018,25.018,CCW
22,09,2022,17,34,58,208.881,209.007,209.007,25.035,25.029,25.029,CCW
22,09,2022,17,35,06,208.904,208.903,208.903,25.091,25.051,25.051,CCW
22,09,2022,17,35,17,208.927,208.908,208.909,25.147,25.133,25.133,CCW
