25,10,2022,11,07,45,0.000,4.000,61.089,0.000,1.000,2049.001,CW
25,10,2022,11,07,46,0.000,8.000,61.089,0.000,2.000,1792.000,CW
25,10,2022,11,07,48,0.000,16.000,61.089,0.000,4.000,2049.001,CW
25,10,2022,11,07,49,0.000,20.000,61.089,0.000,5.000,1792.000,CW
25,10,2022,11,07,51,0.000,28.000,61.089,0.000,7.000,2049.001,CW
25,10,2022,11,07,52,0.000,32.000,61.089,0.000,8.000,1792.000,CW
25,10,2022,11,07,54,0.000,40.000,61.089,0.000,10.000,2049.001,CW
25,10,2022,11,07,55,0.000,44.000,61.089,0.000,11.000,1792.000,CW
25,10,2022,11,07,57,0.000,52.000,61.089,0.000,13.000,2049.001,CW
25,10,2022,11,07,58,0.000,56.000,61.089,0.000,14.000,1792.000,CW
25,10,2022,11,09,08,0.000,4.000,61.089,0.000,1.000,2049.001,CW
25,10,2022,11,09,09,0.000,8.000,61.089,0.000,2.000,1792.000,CW
25,10,2022,11,09,11,0.000,16.000,61.089,0.000,4.000,1792.000,CW
25,10,2022,11,09,13,0.000,24.000,61.089,0.000,6.000,1792.000,CW
25,10,2022,11,09,15,0.000,32.000,61.089,0.000,8.000,2049.001,CW
25,10,2022,11,09,16,0.000,36.000,61.089,0.000,9.000,1792.000,CW
25,10,2022,11,09,18,0.000,44.000,61.089,0.000,11.000,1792.000,CW
25,10,2022,11,09,20,0.000,52.000,61.089,0.000,13.000,1792.000,CW
25,10,2022,11,09,22,0.000,60.000,61.089,0.000,15.000,1792.000,CW
25,10,2022,11,09,24,0.000,68.000,61.089,0.000,17.000,1792.000,CW
25,10,2022,11,09,26,0.000,76.000,61.089,0.000,19.000,2049.001,CW
25,10,2022,11,09,27,0.000,80.000,61.089,0.000,20.000,2049.001,CW
25,10,2022,11,09,28,0.000,84.000,61.089,0.000,21.000,1792.000,CW
25,10,2022,11,09,30,0.000,92.000,61.089,0.000,23.000,2049.001,CW
25,10,2022,11,10,30,0.000,4.000,61.089,0.000,1.000,2049.001,CW
25,10,2022,11,10,31,0.000,8.000,61.089,0.000,2.000,1792.000,CW
25,10,2022,11,10,33,0.000,16.000,61.089,0.000,4.000,2049.001,CW
25,10,2022,11,10,34,0.000,20.000,61.089,0.000,5.000,1792.000,CW
25,10,2022,11,10,36,0.000,28.000,61.089,0.000,7.000,2049.001,CW
25,10,2022,11,10,37,0.000,32.000,61.089,0.000,8.000,1792.000,CW
25,10,2022,11,10,40,0.000,40.000,61.089,0.000,10.000,1792.000,CW
25,10,2022,11,13,13,0.000,4.000,61.089,0.000,1.000,2049.001,CW
25,10,2022,11,13,14,0.000,8.000,61.089,0.000,2.000,1792.000,CW
25,10,2022,11,13,16,0.000,16.000,61.089,0.000,4.000,2049.001,CW
25,10,2022,11,13,17,0.000,20.000,61.089,0.000,5.000,1792.000,CW
25,10,2022,11,13,19,0.000,28.000,61.089,0.000,7.000,1792.000,CW
25,10,2022,11,13,21,0.000,36.000,61.089,0.000,9.000,1792.000,CW
25,10,2022,11,13,22,0.000,44.000,61.089,0.000,11.000,2049.001,CW
25,10,2022,11,13,24,0.000,48.000,61.089,0.000,12.000,1792.000,CW
25,10,2022,11,13,25,0.000,56.000,61.089,0.000,14.000,2049.001,CW
25,10,2022,11,15,36,0.000,4.000,61.089,0.000,1.000,2049.001,CW
25,10,2022,11,15,37,0.000,8.000,61.089,0.000,2.000,1792.000,CW
25,10,2022,11,15,39,0.000,16.000,61.089,0.000,4.000,2049.001,CW
25,10,2022,11,15,40,0.000,20.000,61.089,0.000,5.000,1792.000,CW
25,10,2022,11,15,42,0.000,28.000,61.089,0.000,7.000,2049.001,CW
25,10,2022,11,15,43,0.000,32.000,61.089,0.000,8.000,1792.000,CW
25,10,2022,11,15,45,0.000,40.000,61.089,0.000,10.000,1792.000,CW
25,10,2022,11,19,34,0.000,4.000,61.089,0.000,1.000,2049.001,CW
25,10,2022,11,19,35,0.000,8.000,61.089,0.000,2.000,1792.000,CW
25,10,2022,11,19,37,0.000,16.000,61.089,0.000,4.000,2049.001,CW
25,10,2022,11,19,38,0.000,20.000,61.089,0.000,5.000,1792.000,CW
25,10,2022,11,19,40,0.000,28.000,61.089,0.000,7.000,1792.000,CW
25,10,2022,11,20,21,0.000,4.000,61.089,0.000,1.000,2049.001,CW
25,10,2022,11,20,22,0.000,8.000,61.089,0.000,2.000,1792.000,CW
25,10,2022,11,20,24,0.000,16.000,61.089,0.000,4.000,2049.001,CW
25,10,2022,11,21,13,0.000,4.000,61.089,0.000,1.000,2049.001,CW
25,10,2022,14,32,03,0.000,100.000,61.089,0.000,30.000,2049.000,CW
25,10,2022,14,32,04,0.000,100.000,61.089,0.000,30.000,1792.000,CW
25,10,2022,14,32,06,0.000,100.000,61.089,0.000,30.000,2049.000,CW
25,10,2022,14,32,07,0.000,100.000,61.089,0.000,30.000,1792.000,CW
25,10,2022,14,32,09,0.000,100.000,61.089,0.000,30.000,2049.000,CW
25,10,2022,14,32,10,0.000,100.000,61.089,0.000,30.000,1792.000,CW
25,10,2022,14,32,12,0.000,100.000,61.089,0.000,30.000,1792.000,CW
25,10,2022,14,32,13,0.000,100.000,61.089,0.000,30.000,2049.000,CW
25,10,2022,14,32,15,0.000,100.000,61.089,0.000,30.000,1792.000,CW
25,10,2022,14,32,16,0.000,100.000,61.089,0.000,30.000,2049.000,CW
25,10,2022,14,32,18,0.000,100.000,61.089,0.000,30.000,1792.000,CW
25,10,2022,14,32,19,0.000,100.000,61.089,0.000,30.000,2049.000,CW
25,10,2022,14,32,21,0.000,100.000,61.089,0.000,30.000,1792.000,CW
25,10,2022,14,32,22,0.000,100.000,61.089,0.000,30.000,2049.000,CW
25,10,2022,14,32,24,0.000,100.000,61.089,0.000,30.000,1792.000,CW
25,10,2022,14,32,25,0.000,100.000,61.089,0.000,30.000,2049.000,CW
25,10,2022,14,35,06,0.000,100.000,61.089,0.000,30.000,2049.000,CW
25,10,2022,14,36,08,0.000,100.000,61.089,0.000,30.000,2049.000,CW
25,10,2022,14,36,09,0.000,100.000,61.089,0.000,30.000,1792.000,CW
25,10,2022,14,36,11,0.000,100.000,61.089,0.000,30.000,2049.000,CW
25,10,2022,14,36,12,0.000,100.000,61.089,0.000,30.000,1792.000,CW
25,10,2022,14,36,14,0.000,100.000,61.089,0.000,30.000,2049.000,CW
25,10,2022,14,36,15,0.000,100.000,61.089,0.000,30.000,1792.000,CW
25,10,2022,14,36,17,0.000,100.000,61.089,0.000,30.000,1792.000,CW
25,10,2022,14,36,18,0.000,100.000,61.089,0.000,30.000,2049.000,CW
25,10,2022,14,36,20,0.000,100.000,61.089,0.000,30.000,1792.000,CW
25,10,2022,14,36,21,0.000,100.000,61.089,0.000,30.000,2049.000,CW
25,10,2022,14,36,23,0.000,100.000,61.089,0.000,30.000,1792.000,CW
25,10,2022,14,36,24,0.000,100.000,61.089,0.000,30.000,2049.000,CW
25,10,2022,14,36,26,0.000,100.000,61.089,0.000,30.000,1792.000,CW
25,10,2022,14,36,27,0.000,100.000,61.089,0.000,30.000,2049.000,CW
25,10,2022,14,36,29,0.000,100.000,61.089,0.000,30.000,1792.000,CW
25,10,2022,14,36,30,0.000,100.000,61.089,0.000,30.000,2049.000,CW
25,10,2022,14,36,32,0.000,100.000,61.089,0.000,30.000,1792.000,CW
25,10,2022,14,36,33,0.000,100.000,61.089,0.000,30.000,2049.000,CW
25,10,2022,14,37,05,0.000,100.000,61.089,0.000,30.000,2049.000,CW
25,10,2022,14,37,07,0.000,100.000,61.089,0.000,30.000,1792.000,CW
25,10,2022,14,37,09,0.000,100.000,61.089,0.000,30.000,2049.000,CW
25,10,2022,14,37,10,0.000,100.000,61.089,0.000,30.000,1792.000,CW
25,10,2022,14,37,12,0.000,100.000,61.089,0.000,30.000,2049.000,CW
25,10,2022,14,37,13,0.000,100.000,61.089,0.000,30.000,1792.000,CW
25,10,2022,14,37,15,0.000,100.000,61.089,0.000,30.000,2049.000,CW
25,10,2022,14,37,17,0.000,100.000,61.089,0.000,30.000,1792.000,CW
25,10,2022,14,37,18,0.000,100.000,61.089,0.000,30.000,2049.000,CW
25,10,2022,14,37,20,0.000,100.000,61.089,0.000,30.000,1792.000,CW
25,10,2022,14,39,10,0.000,100.000,61.089,0.000,30.000,2049.000,CW
25,10,2022,14,39,12,0.000,100.000,61.089,0.000,30.000,1792.000,CW
25,10,2022,14,39,13,0.000,100.000,61.089,0.000,30.000,2049.000,CW
25,10,2022,14,39,15,0.000,100.000,61.089,0.000,30.000,1792.000,CW
25,10,2022,14,39,16,0.000,100.000,61.089,0.000,30.000,2049.000,CW
25,10,2022,14,39,18,0.000,100.000,61.089,0.000,30.000,1792.000,CW
25,10,2022,14,39,19,0.000,100.000,61.089,0.000,30.000,2049.000,CW
25,10,2022,14,39,21,0.000,100.000,61.089,0.000,30.000,1792.000,CW
25,10,2022,14,40,48,0.000,100.000,61.089,0.000,30.000,1792.000,CW
25,10,2022,14,40,48,0.000,100.000,61.089,0.000,30.000,2049.000,CW
25,10,2022,14,40,50,0.000,100.000,61.089,0.000,30.000,1792.000,CW
25,10,2022,14,40,51,0.000,100.000,61.089,0.000,30.000,2049.000,CW
25,10,2022,14,40,53,0.000,100.000,61.089,0.000,30.000,1792.000,CW
25,10,2022,14,40,54,0.000,100.000,61.089,0.000,30.000,2049.000,CW
25,10,2022,14,40,56,0.000,100.000,61.089,0.000,30.000,1792.000,CW
25,10,2022,14,40,57,0.000,100.000,61.089,0.000,30.000,2049.000,CW
25,10,2022,14,40,59,0.000,100.000,61.089,0.000,30.000,1792.000,CW
25,10,2022,14,41,00,0.000,100.000,61.089,0.000,30.000,2049.000,CW
25,10,2022,14,41,02,0.000,100.000,61.089,0.000,30.000,1792.000,CW
25,10,2022,14,41,03,0.000,100.000,61.089,0.000,30.000,2049.000,CW
25,10,2022,14,41,05,0.000,100.000,61.089,0.000,30.000,1792.000,CW
25,10,2022,14,41,07,0.000,100.000,61.089,0.000,30.000,2049.000,CW
25,10,2022,14,41,45,0.000,100.000,61.089,0.000,30.000,1792.000,CW
25,10,2022,14,41,46,0.000,100.000,61.089,0.000,30.000,2049.000,CW
25,10,2022,14,41,48,0.000,100.000,61.089,0.000,30.000,1792.000,CW
25,10,2022,14,41,50,0.000,100.000,61.089,0.000,30.000,1792.000,CW
25,10,2022,14,41,52,0.000,100.000,61.089,0.000,30.000,1792.000,CW
25,10,2022,14,41,54,0.000,100.000,61.089,0.000,30.000,1792.000,CW
25,10,2022,14,41,56,0.000,100.000,61.089,0.000,30.000,1792.000,CW
25,10,2022,14,42,55,0.000,100.000,61.089,0.000,30.000,1792.000,CW
25,10,2022,14,42,57,0.000,100.000,61.089,0.000,30.000,1792.000,CW
25,10,2022,14,42,59,0.000,100.000,61.089,0.000,30.000,1792.000,CW
25,10,2022,14,43,01,151.831,100.000,61.089,17.963,30.000,1792.000,CW
25,10,2022,14,43,03,151.831,100.000,61.089,17.963,30.000,2049.000,CW
25,10,2022,14,43,04,151.831,100.000,61.089,17.963,30.000,1792.000,CW
25,10,2022,14,43,06,151.831,100.000,61.089,17.963,30.000,1792.000,CW
25,10,2022,14,43,08,151.831,100.000,61.089,17.963,30.000,1792.000,CW
25,10,2022,14,43,10,151.846,100.000,61.089,17.909,30.000,1792.000,CW
25,10,2022,14,43,12,151.846,103.000,61.089,17.909,30.000,1792.000,CW
25,10,2022,14,43,14,151.846,103.000,61.089,17.909,30.000,1792.000,CW
25,10,2022,14,43,16,151.846,103.000,61.089,17.909,30.000,1792.000,CW
25,10,2022,14,43,18,151.846,103.000,61.089,17.909,30.000,1792.000,CW
25,10,2022,14,43,20,151.862,103.000,61.089,17.855,30.000,1792.000,CW
25,10,2022,14,45,40,0.000,100.000,0.000,0.000,30.000,0.238,CW
25,10,2022,14,45,42,0.000,100.000,0.000,0.000,30.000,0.238,CW
25,10,2022,14,45,43,0.000,100.000,0.000,0.000,30.000,0.238,CW
25,10,2022,14,45,45,0.000,100.000,0.000,0.000,30.000,0.238,CW
25,10,2022,14,45,46,0.000,100.000,0.000,0.000,30.000,0.238,CW
25,10,2022,14,45,48,0.000,100.000,0.000,0.000,30.000,0.238,CW
25,10,2022,14,46,58,0.000,100.000,0.000,0.000,30.000,0.238,CW
25,10,2022,14,48,00,0.000,100.000,0.000,0.000,30.000,0.000,CW
25,10,2022,14,48,01,151.831,103.000,0.000,17.963,30.000,0.000,CW
25,10,2022,14,48,02,151.831,103.000,0.000,17.963,30.000,0.000,CW
25,10,2022,14,48,03,151.831,103.000,0.000,17.963,30.000,0.000,CW
25,10,2022,14,48,04,151.831,103.000,0.000,17.963,30.000,0.000,CW
25,10,2022,14,48,05,151.831,103.000,0.000,17.963,30.000,0.000,CW
25,10,2022,14,48,06,151.831,103.000,0.000,17.963,30.000,0.000,CW
25,10,2022,14,48,07,151.831,103.000,0.000,17.963,30.000,0.000,CW
25,10,2022,14,48,08,151.831,103.000,0.000,17.963,30.000,0.000,CW
25,10,2022,14,48,09,151.831,103.000,0.000,17.963,30.000,0.000,CW
25,10,2022,14,48,10,151.831,103.000,0.000,17.963,30.000,0.000,CW
25,10,2022,14,48,11,151.846,106.000,0.000,17.909,30.000,0.000,CW
25,10,2022,14,48,12,151.846,106.000,0.000,17.909,30.000,0.000,CW
25,10,2022,14,48,13,151.846,106.000,0.000,17.909,30.000,0.000,CW
25,10,2022,14,48,14,151.846,106.000,0.000,17.909,30.000,0.000,CW
25,10,2022,14,48,15,151.846,106.000,0.000,17.909,30.000,0.000,CW
25,10,2022,14,48,16,151.846,106.000,0.000,17.909,30.000,0.000,CW
25,10,2022,14,48,17,151.846,106.000,0.000,17.909,30.000,0.000,CW
25,10,2022,14,48,18,151.846,106.000,0.000,17.909,30.000,0.000,CW
25,10,2022,14,48,19,151.846,106.000,0.000,17.909,30.000,0.000,CW
25,10,2022,14,48,20,151.846,106.000,0.000,17.909,30.000,0.000,CW
25,10,2022,14,50,36,0.000,0.000,0.000,0.000,30.000,0.000,CW
25,10,2022,14,50,37,151.831,3.000,0.000,17.963,30.000,0.000,CW
25,10,2022,14,50,38,151.831,6.000,0.000,17.963,30.000,0.000,CW
25,10,2022,14,50,39,151.831,9.000,0.000,17.963,30.000,0.000,CW
25,10,2022,14,50,40,151.831,12.000,0.000,17.963,30.000,0.000,CW
25,10,2022,14,50,41,151.831,15.000,0.000,17.963,30.000,0.000,CW
25,10,2022,14,50,42,151.831,18.000,0.000,17.963,30.000,0.000,CW
25,10,2022,14,50,43,151.831,21.000,0.000,17.963,30.000,0.000,CW
25,10,2022,14,50,44,151.831,24.000,0.000,17.963,30.000,0.000,CW
25,10,2022,14,50,45,151.831,27.000,0.000,17.963,30.000,0.000,CW
25,10,2022,14,50,46,151.831,30.000,0.000,17.963,30.000,0.000,CW
25,10,2022,14,50,47,151.846,33.000,0.000,17.909,30.000,0.000,CW
25,10,2022,14,50,48,151.846,36.000,0.000,17.909,30.000,0.000,CW
25,10,2022,14,50,49,151.846,39.000,0.000,17.909,30.000,0.000,CW
25,10,2022,14,50,50,151.846,42.000,0.000,17.909,30.000,0.000,CW
25,10,2022,14,50,51,151.846,45.000,0.000,17.909,30.000,0.000,CW
25,10,2022,14,50,52,151.846,48.000,0.000,17.909,30.000,0.000,CW
25,10,2022,14,50,53,151.846,51.000,0.000,17.909,30.000,0.000,CW
25,10,2022,14,50,54,151.846,54.000,0.000,17.909,30.000,0.000,CW
25,10,2022,14,50,55,151.846,57.000,0.000,17.909,30.000,0.000,CW
25,10,2022,14,50,56,151.846,60.000,0.000,17.909,30.000,0.000,CW
25,10,2022,14,50,57,151.862,63.000,0.000,17.855,30.000,0.000,CW
25,10,2022,14,50,58,151.862,66.000,0.000,17.855,30.000,0.000,CW
25,10,2022,14,50,59,151.862,69.000,0.000,17.855,30.000,0.000,CW
25,10,2022,14,51,00,151.862,72.000,0.000,17.855,30.000,0.000,CW
25,10,2022,14,51,01,151.862,75.000,0.000,17.855,30.000,0.000,CW
25,10,2022,14,51,02,151.862,78.000,0.000,17.855,30.000,0.000,CW
25,10,2022,14,51,03,151.862,81.000,0.000,17.855,30.000,0.000,CW
25,10,2022,14,51,04,151.862,84.000,0.000,17.855,30.000,0.000,CW
25,10,2022,14,51,05,151.862,87.000,0.000,17.855,30.000,0.000,CW
25,10,2022,14,51,06,151.862,90.000,0.000,17.855,30.000,0.000,CW
25,10,2022,14,51,07,151.877,93.000,0.000,17.800,30.000,0.000,CW
25,10,2022,14,51,08,151.877,96.000,0.000,17.800,30.000,0.000,CW
25,10,2022,14,51,09,151.877,99.000,0.000,17.800,30.000,0.000,CW
25,10,2022,14,51,10,151.877,102.000,0.000,17.800,30.000,0.000,CW
25,10,2022,14,51,11,151.877,105.000,0.000,17.800,30.000,0.000,CW
25,10,2022,14,51,12,151.877,108.000,0.000,17.800,30.000,0.000,CW
25,10,2022,14,51,13,151.877,111.000,0.000,17.800,30.000,0.000,CW
25,10,2022,14,51,14,151.877,114.000,0.000,17.800,30.000,0.000,CW
25,10,2022,14,51,15,151.877,117.000,0.000,17.800,30.000,0.000,CW
25,10,2022,14,51,16,151.892,120.000,0.000,17.746,30.000,0.000,CW
25,10,2022,14,51,17,151.892,123.000,0.000,17.746,30.000,0.000,CW
25,10,2022,14,51,18,151.892,126.000,0.000,17.746,30.000,0.000,CW
25,10,2022,14,51,19,151.892,129.000,0.000,17.746,30.000,0.000,CW
25,10,2022,14,51,20,151.892,132.000,0.000,17.746,30.000,0.000,CW
25,10,2022,14,51,21,151.892,135.000,0.000,17.746,30.000,0.000,CW
25,10,2022,14,51,22,151.892,138.000,0.000,17.746,30.000,0.000,CW
25,10,2022,14,51,23,151.892,141.000,0.000,17.746,30.000,0.000,CW
25,10,2022,14,51,24,151.892,144.000,0.000,17.746,30.000,0.000,CW
25,10,2022,14,51,25,151.892,147.000,0.000,17.746,30.000,0.000,CW
25,10,2022,14,51,26,151.907,150.000,0.000,17.691,30.000,0.000,CW
25,10,2022,14,51,27,151.907,151.907,0.000,17.691,30.000,0.000,CW
25,10,2022,14,51,28,151.907,151.907,0.000,17.691,30.000,0.000,CW
25,10,2022,14,51,29,151.907,151.907,0.000,17.691,30.000,0.000,CW
25,10,2022,14,51,30,151.907,151.907,0.000,17.691,30.000,0.000,CW
25,10,2022,14,51,31,151.907,151.907,0.000,17.691,30.000,0.000,CW
25,10,2022,14,51,32,151.907,151.907,0.000,17.691,30.000,0.000,CW
25,10,2022,14,51,33,151.907,151.907,0.000,17.691,30.000,0.000,CW
25,10,2022,14,51,34,151.907,151.907,0.000,17.691,30.000,0.000,CW
25,10,2022,14,51,35,151.907,151.907,0.000,17.691,30.000,0.000,CW
25,10,2022,14,51,36,151.922,151.920,0.000,17.637,30.000,0.000,CW
25,10,2022,14,51,37,151.922,151.920,0.000,17.637,30.000,0.000,CW
25,10,2022,14,51,38,151.922,151.920,0.000,17.637,30.000,0.000,CW
25,10,2022,14,51,39,151.922,151.920,0.000,17.637,30.000,0.000,CW
25,10,2022,14,51,40,151.922,151.920,0.000,17.637,30.000,0.000,CW
25,10,2022,14,51,41,151.922,151.920,0.000,17.637,30.000,0.000,CW
25,10,2022,14,51,42,151.922,151.920,0.000,17.637,30.000,0.000,CW
25,10,2022,14,57,01,0.000,0.000,0.000,0.000,27.000,0.000,CW
25,10,2022,14,57,02,151.831,3.000,0.000,17.963,27.000,0.000,CW
25,10,2022,14,57,03,151.831,6.000,0.000,17.963,27.000,0.000,CW
25,10,2022,14,57,04,151.831,9.000,0.000,17.963,27.000,0.000,CW
25,10,2022,14,57,05,151.831,12.000,0.000,17.963,27.000,0.000,CW
25,10,2022,14,57,06,151.831,15.000,0.000,17.963,27.000,0.000,CW
25,10,2022,14,57,07,151.831,18.000,0.000,17.963,27.000,0.000,CW
25,10,2022,14,57,08,151.831,21.000,0.000,17.963,27.000,0.000,CW
25,10,2022,14,59,22,0.000,0.000,0.000,0.000,27.000,0.000,CW
25,10,2022,14,59,23,151.831,3.000,0.000,17.963,27.000,0.000,CW
25,10,2022,14,59,24,151.831,6.000,0.000,17.963,27.000,0.000,CW
25,10,2022,14,59,25,151.831,9.000,0.000,17.963,27.000,0.000,CW
25,10,2022,14,59,26,151.831,12.000,0.000,17.963,27.000,0.000,CW
25,10,2022,14,59,27,151.831,15.000,0.000,17.963,27.000,0.000,CW
25,10,2022,15,01,35,0.000,97.000,0.000,0.000,27.000,0.000,CW
25,10,2022,15,01,36,151.831,100.000,0.000,17.963,24.000,0.000,CW
25,10,2022,15,01,37,151.831,103.000,0.000,17.963,21.000,0.000,CW
25,10,2022,15,01,38,151.831,106.000,0.000,17.963,18.000,0.000,CW
25,10,2022,15,01,39,151.831,109.000,0.000,17.963,17.963,0.000,CW
25,10,2022,15,01,40,151.831,112.000,0.000,17.963,17.963,0.000,CW
25,10,2022,15,01,41,151.831,115.000,0.000,17.963,17.963,0.000,CW
25,10,2022,15,01,42,151.831,118.000,0.000,17.963,17.963,0.000,CW
25,10,2022,15,01,43,151.831,121.000,0.000,17.963,17.963,0.000,CW
25,10,2022,15,01,44,151.831,124.000,0.000,17.963,17.963,0.000,CW
25,10,2022,15,01,45,151.831,127.000,0.000,17.963,17.963,0.000,CW
25,10,2022,15,01,46,151.846,130.000,0.000,17.909,17.908,0.000,CW
25,10,2022,15,01,47,151.846,133.000,0.000,17.909,17.908,0.000,CW
25,10,2022,15,01,48,151.846,136.000,0.000,17.909,17.908,0.000,CW
25,10,2022,15,01,49,151.846,139.000,0.000,17.909,17.908,0.000,CW
25,10,2022,15,01,50,151.846,142.000,0.000,17.909,17.908,0.000,CW
25,10,2022,15,01,51,151.846,145.000,0.000,17.909,17.908,0.000,CW
25,10,2022,15,01,52,151.846,148.000,0.000,17.909,17.908,0.000,CW
25,10,2022,15,01,53,151.846,151.000,0.000,17.909,17.908,0.000,CW
25,10,2022,15,01,54,151.846,151.846,0.000,17.909,17.908,0.000,CW
25,10,2022,15,01,55,151.846,151.846,0.000,17.909,17.908,0.000,CW
25,10,2022,15,01,56,151.862,151.860,0.000,17.855,17.855,0.000,CW
25,10,2022,15,01,57,151.862,151.860,0.000,17.855,17.855,0.000,CW
25,10,2022,15,01,58,151.862,151.860,0.000,17.855,17.855,0.000,CW
25,10,2022,15,01,59,151.862,151.860,0.000,17.855,17.855,0.000,CW
25,10,2022,15,02,00,151.862,151.860,0.000,17.855,17.855,0.000,CW
25,10,2022,15,02,01,151.862,151.860,0.000,17.855,17.855,0.000,CW
25,10,2022,15,02,02,151.862,151.860,0.000,17.855,17.855,0.000,CW
25,10,2022,15,02,03,151.862,151.860,0.000,17.855,17.855,0.000,CW
25,10,2022,15,02,04,151.862,151.860,0.000,17.855,17.855,0.000,CW
25,10,2022,15,02,05,151.862,151.860,0.000,17.855,17.855,0.000,CW
25,10,2022,15,13,38,0.000,97.000,0.000,0.000,27.000,0.000,CW
25,10,2022,15,13,39,151.831,94.000,0.000,17.963,24.000,0.000,CW
25,10,2022,15,13,40,151.831,91.000,0.000,17.963,21.000,0.000,CW
25,10,2022,15,13,41,151.831,88.000,0.000,17.963,18.000,0.000,CW
25,10,2022,15,13,42,151.831,85.000,0.000,17.963,15.000,0.000,CW
25,10,2022,15,13,43,151.831,82.000,0.000,17.963,12.000,0.000,CW
25,10,2022,15,13,44,151.831,79.000,0.000,17.963,9.000,0.000,CW
25,10,2022,15,13,45,151.831,76.000,0.000,17.963,6.000,0.000,CW
25,10,2022,15,13,46,151.831,73.000,0.000,17.963,3.000,0.000,CW
25,10,2022,15,13,47,151.831,70.000,0.000,17.963,0.000,0.000,CW
25,10,2022,15,13,48,151.831,67.000,0.000,17.963,0.000,0.000,CW
25,10,2022,15,13,49,151.831,64.000,0.000,17.963,0.000,0.000,CW
25,10,2022,15,13,50,151.831,61.000,0.000,17.963,0.000,0.000,CW
25,10,2022,15,13,51,151.831,58.000,0.000,17.963,0.000,0.000,CW
25,10,2022,15,13,52,151.831,55.000,0.000,17.963,0.000,0.000,CW
25,10,2022,15,13,53,151.831,52.000,0.000,17.963,0.000,0.000,CW
25,10,2022,15,13,54,151.831,49.000,0.000,17.963,0.000,0.000,CW
25,10,2022,15,13,55,151.831,46.000,0.000,17.963,0.000,0.000,CW
25,10,2022,15,13,56,151.831,43.000,0.000,17.963,0.000,0.000,CW
25,10,2022,15,13,57,151.831,40.000,0.000,17.963,0.000,0.000,CW
25,10,2022,15,13,58,151.831,37.000,0.000,17.963,0.000,0.000,CW
25,10,2022,15,13,59,151.831,34.000,0.000,17.963,0.000,0.000,CW
25,10,2022,15,14,00,151.831,31.000,0.000,17.963,0.000,0.000,CW
25,10,2022,15,14,01,151.831,28.000,0.000,17.963,0.000,0.000,CW
25,10,2022,15,14,02,151.831,25.000,0.000,17.963,0.000,0.000,CW
25,10,2022,15,14,03,151.831,22.000,0.000,17.963,0.000,0.000,CW
25,10,2022,15,14,04,151.831,19.000,0.000,17.963,0.000,0.000,CW
25,10,2022,15,14,05,151.831,16.000,0.000,17.963,0.000,0.000,CW
25,10,2022,15,14,06,151.831,13.000,0.000,17.963,0.000,0.000,CW
25,10,2022,15,14,07,151.831,10.000,0.000,17.963,0.000,0.000,CW
25,10,2022,15,14,08,151.831,7.000,0.000,17.963,0.000,0.000,CW
25,10,2022,15,14,09,151.831,4.000,0.000,17.963,0.000,0.000,CW
25,10,2022,15,14,10,151.831,1.000,0.000,17.963,0.000,0.000,CW
25,10,2022,15,14,11,151.831,0.000,0.000,17.963,0.000,0.000,CW
25,10,2022,15,14,51,0.000,97.000,0.000,0.000,27.000,0.000,CW
25,10,2022,15,14,52,151.831,100.000,0.000,17.963,24.000,0.000,CW
25,10,2022,15,14,53,151.831,103.000,0.000,17.963,21.000,0.000,CW
25,10,2022,15,14,54,151.831,106.000,0.000,17.963,18.000,0.000,CW
25,10,2022,15,14,55,151.831,109.000,0.000,17.963,17.963,0.000,CW
25,10,2022,15,14,56,151.831,112.000,0.000,17.963,17.963,0.000,CW
25,10,2022,15,14,57,151.831,115.000,0.000,17.963,17.963,0.000,CW
25,10,2022,15,14,58,151.831,118.000,0.000,17.963,17.963,0.000,CW
25,10,2022,15,14,59,151.831,121.000,0.000,17.963,17.963,0.000,CW
25,10,2022,15,15,00,151.831,124.000,0.000,17.963,17.963,0.000,CW
25,10,2022,15,15,01,151.831,127.000,0.000,17.963,17.963,0.000,CW
25,10,2022,15,15,02,151.846,130.000,0.000,17.909,17.908,0.000,CW
25,10,2022,15,15,03,151.846,133.000,0.000,17.909,17.908,0.000,CW
25,10,2022,15,15,04,151.846,136.000,0.000,17.909,17.908,0.000,CW
25,10,2022,15,15,05,151.846,139.000,0.000,17.909,17.908,0.000,CW
25,10,2022,15,15,06,151.846,142.000,0.000,17.909,17.908,0.000,CW
25,10,2022,15,15,07,151.846,145.000,0.000,17.909,17.908,0.000,CW
25,10,2022,15,15,08,151.846,148.000,0.000,17.909,17.908,0.000,CW
25,10,2022,15,15,09,151.846,151.000,0.000,17.909,17.908,0.000,CW
25,10,2022,15,15,10,151.846,151.846,0.000,17.909,17.908,0.000,CW
25,10,2022,15,15,11,151.846,151.846,0.000,17.909,17.908,0.000,CW
25,10,2022,15,15,12,151.862,151.860,0.000,17.855,17.855,0.000,CW
25,10,2022,15,36,34,0.000,97.000,0.000,0.000,27.000,0.000,CW
25,10,2022,15,36,35,151.831,100.000,0.000,17.963,24.000,0.000,CW
25,10,2022,15,36,36,151.831,103.000,0.000,17.963,21.000,0.000,CW
25,10,2022,15,36,37,151.831,106.000,0.000,17.963,18.000,0.000,CW
25,10,2022,15,36,38,151.831,109.000,0.000,17.963,17.963,0.000,CW
25,10,2022,15,36,39,151.831,112.000,0.000,17.963,17.963,0.000,CW
25,10,2022,15,36,40,151.831,115.000,0.000,17.963,17.963,0.000,CW
25,10,2022,15,36,41,151.831,118.000,0.000,17.963,17.963,0.000,CW
25,10,2022,15,36,42,151.831,121.000,0.000,17.963,17.963,0.000,CW
25,10,2022,15,36,43,151.831,124.000,0.000,17.963,17.963,0.000,CW
25,10,2022,15,36,44,151.831,127.000,0.000,17.963,17.963,0.000,CW
25,10,2022,15,36,45,151.846,130.000,0.000,17.909,17.908,0.000,CW
25,10,2022,15,36,46,151.846,133.000,0.000,17.909,17.908,0.000,CW
25,10,2022,15,36,47,151.846,136.000,0.000,17.909,17.908,0.000,CW
25,10,2022,15,36,48,151.846,139.000,0.000,17.909,17.908,0.000,CW
25,10,2022,15,36,49,151.846,142.000,0.000,17.909,17.908,0.000,CW
25,10,2022,15,36,50,151.846,145.000,0.000,17.909,17.908,0.000,CW
25,10,2022,15,36,51,151.846,148.000,0.000,17.909,17.908,0.000,CW
25,10,2022,15,36,52,151.846,151.000,0.000,17.909,17.908,0.000,CW
25,10,2022,15,36,53,151.846,151.846,0.000,17.909,17.908,0.000,CW
25,10,2022,15,36,54,151.846,151.846,0.000,17.909,17.908,0.000,CW
25,10,2022,15,36,55,151.862,151.860,0.000,17.855,17.855,0.000,CW
25,10,2022,15,36,56,151.862,151.860,0.000,17.855,17.855,0.000,CW
25,10,2022,15,36,57,151.862,151.860,0.000,17.855,17.855,0.000,CW
25,10,2022,15,36,58,151.862,151.860,0.000,17.855,17.855,0.000,CW
25,10,2022,15,36,59,151.862,151.860,0.000,17.855,17.855,0.000,CW
25,10,2022,15,37,50,0.000,97.000,0.000,0.000,27.000,0.000,CW
25,10,2022,15,37,51,151.831,100.000,0.000,17.963,24.000,0.000,CW
25,10,2022,15,37,52,151.831,103.000,0.000,17.963,21.000,0.000,CW
25,10,2022,15,37,53,151.831,106.000,0.000,17.963,18.000,0.000,CW
25,10,2022,15,37,54,151.831,109.000,0.000,17.963,17.963,0.000,CW
25,10,2022,15,37,55,151.831,112.000,0.000,17.963,17.963,0.000,CW
25,10,2022,15,37,56,151.831,115.000,0.000,17.963,17.963,0.000,CW
25,10,2022,15,37,57,151.831,118.000,0.000,17.963,17.963,0.000,CW
25,10,2022,15,37,58,151.831,121.000,0.000,17.963,17.963,0.000,CW
25,10,2022,15,37,59,151.831,124.000,0.000,17.963,17.963,0.000,CW
25,10,2022,15,38,00,151.831,127.000,0.000,17.963,17.963,0.000,CW
25,10,2022,15,38,01,151.846,130.000,0.000,17.909,17.908,0.000,CW
25,10,2022,15,38,02,151.846,133.000,0.000,17.909,17.908,0.000,CW
25,10,2022,15,38,03,151.846,136.000,0.000,17.909,17.908,0.000,CW
25,10,2022,15,38,04,151.846,139.000,0.000,17.909,17.908,0.000,CW
25,10,2022,15,38,05,151.846,142.000,0.000,17.909,17.908,0.000,CW
25,10,2022,15,38,06,151.846,145.000,0.000,17.909,17.908,0.000,CW
25,10,2022,15,38,07,151.846,148.000,0.000,17.909,17.908,0.000,CW
25,10,2022,15,38,08,151.846,151.000,0.000,17.909,17.908,0.000,CW
25,10,2022,15,38,09,151.846,151.846,0.000,17.909,17.908,0.000,CW
25,10,2022,15,38,10,151.846,151.846,0.000,17.909,17.908,0.000,CW
25,10,2022,15,38,11,151.846,151.846,0.000,17.909,17.908,0.000,CW
25,10,2022,15,38,12,151.846,151.846,0.000,17.909,17.908,0.000,CW
25,10,2022,15,38,13,151.862,151.860,0.000,17.855,17.855,0.000,CW
25,10,2022,15,38,14,151.862,151.860,0.000,17.855,17.855,0.000,CW
25,10,2022,15,38,15,151.862,151.860,0.000,17.855,17.855,0.000,CW
25,10,2022,15,38,16,151.862,151.860,0.000,17.855,17.855,0.000,CW
25,10,2022,15,38,17,151.862,151.860,0.000,17.855,17.855,0.000,CW
25,10,2022,15,38,18,151.862,151.860,0.000,17.855,17.855,0.000,CW
25,10,2022,15,38,19,151.862,151.860,0.000,17.855,17.855,0.000,CW
25,10,2022,15,38,20,151.862,151.860,0.000,17.855,17.855,0.000,CW
25,10,2022,15,38,21,151.862,151.860,0.000,17.855,17.855,0.000,CW
25,10,2022,15,38,22,151.862,151.860,0.000,17.855,17.855,0.000,CW
25,10,2022,15,38,23,151.862,151.860,0.000,17.855,17.855,0.000,CW
25,10,2022,15,38,24,151.862,151.860,0.000,17.855,17.855,0.000,CW
25,10,2022,15,38,25,151.862,151.860,0.000,17.855,17.855,0.000,CW
25,10,2022,15,38,26,151.862,151.860,0.000,17.855,17.855,0.000,CW
25,10,2022,15,38,27,151.862,151.860,0.000,17.855,17.855,0.000,CW
25,10,2022,15,38,28,151.862,151.860,0.000,17.855,17.855,0.000,CW
25,10,2022,15,38,29,151.862,151.860,0.000,17.855,17.855,0.000,CW
25,10,2022,15,38,30,151.862,151.860,0.000,17.855,17.855,0.000,CW
25,10,2022,15,38,31,151.862,151.860,0.000,17.855,17.855,0.000,CW
25,10,2022,15,38,32,151.862,151.860,0.000,17.855,17.855,0.000,CW
25,10,2022,15,38,33,151.862,151.860,0.000,17.855,17.855,0.000,CW
25,10,2022,15,38,34,151.877,151.860,0.000,17.800,17.855,0.000,CW
25,10,2022,15,38,35,151.877,151.860,0.000,17.800,17.855,0.000,CW
25,10,2022,15,38,36,151.877,151.860,0.000,17.800,17.855,0.000,CW
25,10,2022,15,38,37,151.877,151.860,0.000,17.800,17.855,0.000,CW
25,10,2022,15,38,38,151.877,151.860,0.000,17.800,17.855,0.000,CW
25,10,2022,15,38,39,151.877,151.860,0.000,17.800,17.855,0.000,CW
25,10,2022,15,38,40,151.877,151.860,0.000,17.800,17.855,0.000,CW
25,10,2022,15,38,41,151.877,151.860,0.000,17.800,17.855,0.000,CW
25,10,2022,15,38,42,151.877,151.860,0.000,17.800,17.855,0.000,CW
25,10,2022,15,38,43,151.877,151.860,0.000,17.800,17.855,0.000,CW
25,10,2022,15,38,44,151.877,151.860,0.000,17.800,17.855,0.000,CW
25,10,2022,15,39,00,0.000,97.000,0.000,0.000,27.000,0.000,CW
25,10,2022,15,39,01,151.831,100.000,0.000,17.963,24.000,0.000,CW
25,10,2022,15,39,02,151.831,103.000,0.000,17.963,21.000,0.000,CW
25,10,2022,15,39,03,151.831,106.000,0.000,17.963,18.000,0.000,CW
25,10,2022,15,39,04,151.831,109.000,0.000,17.963,17.963,0.000,CW
25,10,2022,15,39,05,151.831,112.000,0.000,17.963,17.963,0.000,CW
25,10,2022,15,39,06,151.831,115.000,0.000,17.963,17.963,0.000,CW
25,10,2022,15,39,07,151.831,118.000,0.000,17.963,17.963,0.000,CW
25,10,2022,15,39,08,151.831,121.000,0.000,17.963,17.963,0.000,CW
25,10,2022,15,39,09,151.831,124.000,0.000,17.963,17.963,0.000,CW
25,10,2022,15,39,10,151.831,127.000,0.000,17.963,17.963,0.000,CW
25,10,2022,15,39,11,151.846,130.000,0.000,17.909,17.908,0.000,CW
25,10,2022,15,39,12,151.846,133.000,0.000,17.909,17.908,0.000,CW
25,10,2022,15,39,13,151.846,136.000,0.000,17.909,17.908,0.000,CW
25,10,2022,15,39,14,151.846,139.000,0.000,17.909,17.908,0.000,CW
25,10,2022,15,39,15,151.846,142.000,0.000,17.909,17.908,0.000,CW
25,10,2022,15,39,16,151.846,145.000,0.000,17.909,17.908,0.000,CW
25,10,2022,15,39,17,151.846,148.000,0.000,17.909,17.908,0.000,CW
25,10,2022,15,39,18,151.846,151.000,0.000,17.909,17.908,0.000,CW
25,10,2022,15,39,19,151.846,151.846,0.000,17.909,17.908,0.000,CW
25,10,2022,15,39,20,151.846,151.846,0.000,17.909,17.908,0.000,CW
25,10,2022,15,41,47,0.000,97.000,0.000,0.000,27.000,0.000,CW
25,10,2022,15,41,48,151.831,100.000,0.000,17.963,24.000,0.000,CW
25,10,2022,15,41,49,151.831,103.000,0.000,17.963,21.000,0.000,CW
25,10,2022,15,41,50,151.831,106.000,0.000,17.963,18.000,0.000,CW
25,10,2022,15,41,51,151.831,109.000,0.000,17.963,17.963,0.000,CW
25,10,2022,15,41,52,151.831,112.000,0.000,17.963,17.963,0.000,CW
25,10,2022,15,41,53,151.831,115.000,0.000,17.963,17.963,0.000,CW
25,10,2022,15,41,54,151.831,118.000,0.000,17.963,17.963,0.000,CW
25,10,2022,15,42,44,0.000,97.000,0.000,0.000,27.000,0.000,CW
25,10,2022,15,51,14,0.000,97.000,0.000,0.000,27.000,0.000,CW
25,10,2022,15,51,15,151.831,100.000,0.000,17.963,24.000,0.000,CW
25,10,2022,15,51,16,151.831,103.000,0.000,17.963,21.000,0.000,CW
25,10,2022,15,51,17,151.831,106.000,0.000,17.963,18.000,0.000,CW
25,10,2022,15,51,18,151.831,109.000,0.000,17.963,17.963,0.000,CW
25,10,2022,15,51,19,151.831,112.000,0.000,17.963,17.963,0.000,CW
25,10,2022,15,51,20,151.831,115.000,0.000,17.963,17.963,0.000,CW
25,10,2022,15,51,21,151.831,118.000,0.000,17.963,17.963,0.000,CW
25,10,2022,15,51,22,151.831,121.000,0.000,17.963,17.963,0.000,CW
25,10,2022,15,51,23,151.831,124.000,0.000,17.963,17.963,0.000,CW
25,10,2022,15,52,35,0.000,97.000,0.000,0.000,27.000,0.000,CW
25,10,2022,15,52,39,0.000,94.000,0.000,0.000,24.000,0.000,CW
25,10,2022,15,52,58,151.831,91.000,0.000,30.000,21.000,0.000,CW
25,10,2022,15,52,58,151.831,88.000,0.000,17.963,18.000,0.000,CW
25,10,2022,15,52,58,151.831,85.000,0.000,17.963,15.000,0.000,CW
25,10,2022,15,52,58,151.831,82.000,0.000,17.963,12.000,0.000,CW
25,10,2022,15,52,58,151.831,79.000,0.000,17.963,9.000,0.000,CW
25,10,2022,15,52,58,151.831,76.000,0.000,17.963,6.000,0.000,CW
25,10,2022,15,52,58,151.831,73.000,0.000,17.963,3.000,0.000,CW
25,10,2022,15,52,58,151.831,70.000,0.000,17.963,0.000,0.000,CW
25,10,2022,15,52,58,151.831,67.000,0.000,17.963,0.000,0.000,CW
25,10,2022,15,52,58,151.831,64.000,0.000,17.963,0.000,0.000,CW
25,10,2022,15,52,58,151.831,61.000,0.000,17.963,0.000,0.000,CW
25,10,2022,15,52,58,151.831,58.000,0.000,17.963,0.000,0.000,CW
25,10,2022,15,52,58,151.831,55.000,0.000,17.963,0.000,0.000,CW
25,10,2022,15,52,58,151.831,52.000,0.000,17.963,0.000,0.000,CW
25,10,2022,15,52,58,151.831,49.000,0.000,17.963,0.000,0.000,CW
25,10,2022,15,52,58,151.831,46.000,0.000,17.963,0.000,0.000,CW
25,10,2022,15,52,58,151.831,43.000,0.000,17.963,0.000,0.000,CW
25,10,2022,15,52,58,151.831,40.000,0.000,17.963,0.000,0.000,CW
25,10,2022,15,52,58,151.831,37.000,0.000,17.963,0.000,0.000,CW
25,10,2022,15,52,58,151.831,34.000,0.000,17.963,0.000,0.000,CW
25,10,2022,15,52,58,151.831,31.000,0.000,17.963,0.000,0.000,CW
25,10,2022,15,52,58,151.831,34.000,0.000,17.963,3.000,0.000,CW
25,10,2022,15,52,59,151.831,37.000,0.000,17.963,6.000,0.000,CW
25,10,2022,15,53,00,151.831,40.000,0.000,17.963,9.000,0.000,CW
25,10,2022,15,53,01,151.831,43.000,0.000,17.963,12.000,0.000,CW
25,10,2022,15,53,02,151.831,46.000,0.000,17.963,15.000,0.000,CW
25,10,2022,15,53,03,151.831,49.000,0.000,17.963,17.963,0.000,CW
25,10,2022,15,53,04,151.831,52.000,0.000,17.963,17.963,0.000,CW
25,10,2022,15,56,50,0.000,97.000,0.000,0.000,27.000,0.000,CW
25,10,2022,15,56,51,151.831,100.000,0.000,17.963,24.000,0.000,CW
25,10,2022,15,56,52,151.831,103.000,0.000,17.963,21.000,0.000,CW
25,10,2022,15,56,53,151.831,106.000,0.000,17.963,18.000,0.000,CW
25,10,2022,15,56,54,151.831,109.000,0.000,17.963,17.963,0.000,CW
25,10,2022,15,56,55,151.831,112.000,0.000,17.963,17.963,0.000,CW
25,10,2022,15,56,56,151.831,115.000,0.000,17.963,17.963,0.000,CW
25,10,2022,15,56,57,151.831,118.000,0.000,17.963,17.963,0.000,CW
25,10,2022,15,56,58,151.831,121.000,0.000,17.963,17.963,0.000,CW
25,10,2022,15,59,44,0.000,97.000,0.000,0.000,27.000,0.000,CW
25,10,2022,15,59,45,151.831,100.000,0.000,17.963,24.000,0.000,CW
25,10,2022,15,59,46,151.831,103.000,0.000,17.963,21.000,0.000,CW
25,10,2022,15,59,47,151.831,106.000,0.000,17.963,18.000,0.000,CW
25,10,2022,15,59,48,151.831,109.000,0.000,17.963,17.963,0.000,CW
25,10,2022,15,59,49,151.831,112.000,0.000,17.963,17.963,0.000,CW
25,10,2022,15,59,50,151.831,115.000,0.000,17.963,17.963,0.000,CW
25,10,2022,15,59,51,151.831,118.000,0.000,17.963,17.963,0.000,CW
25,10,2022,15,59,52,151.831,121.000,0.000,17.963,17.963,0.000,CW
25,10,2022,15,59,53,151.831,124.000,0.000,17.963,17.963,0.000,CW
25,10,2022,15,59,54,151.831,127.000,0.000,17.963,17.963,0.000,CW
25,10,2022,15,59,55,151.846,130.000,0.000,17.909,17.908,0.000,CW
25,10,2022,15,59,56,151.846,133.000,0.000,17.909,17.908,0.000,CW
25,10,2022,15,59,57,151.846,136.000,0.000,17.909,17.908,0.000,CW
25,10,2022,15,59,58,151.846,139.000,0.000,17.909,17.908,0.000,CW
25,10,2022,15,59,59,151.846,142.000,0.000,17.909,17.908,0.000,CW
25,10,2022,16,00,00,151.846,145.000,0.000,17.909,17.908,0.000,CW
25,10,2022,16,00,01,151.846,148.000,0.000,17.909,17.908,0.000,CW
25,10,2022,16,00,02,151.846,151.000,0.000,17.909,17.908,0.000,CW
25,10,2022,16,00,03,151.846,151.846,0.000,17.909,17.908,0.000,CW
25,10,2022,16,00,04,151.846,151.846,0.000,17.909,17.908,0.000,CW
25,10,2022,16,00,05,151.862,151.860,0.000,17.855,17.855,0.000,CW
25,10,2022,16,00,06,151.862,151.860,0.000,17.855,17.855,0.000,CW
25,10,2022,16,00,07,151.862,151.860,0.000,17.855,17.855,0.000,CW
25,10,2022,16,19,48,0.000,97.000,0.000,0.000,27.000,0.000,CW
25,10,2022,16,19,49,151.831,100.000,0.000,17.963,24.000,0.000,CW
25,10,2022,16,19,50,151.831,103.000,0.000,17.963,21.000,0.000,CW
25,10,2022,16,19,51,151.831,106.000,0.000,17.963,18.000,0.000,CW
25,10,2022,16,19,52,151.831,109.000,0.000,17.963,17.963,0.000,CW
25,10,2022,16,19,53,151.831,112.000,0.000,17.963,17.963,0.000,CW
25,10,2022,16,19,54,151.831,115.000,0.000,17.963,17.963,0.000,CW
25,10,2022,16,19,55,151.831,118.000,0.000,17.963,17.963,0.000,CW
25,10,2022,16,19,56,151.831,121.000,0.000,17.963,17.963,0.000,CW
25,10,2022,16,19,57,151.831,124.000,0.000,17.963,17.963,0.000,CW
25,10,2022,16,19,58,151.831,127.000,0.000,17.963,17.963,0.000,CW
25,10,2022,16,19,59,151.846,130.000,0.000,17.909,17.908,0.000,CW
25,10,2022,16,20,00,151.846,133.000,0.000,17.909,17.908,0.000,CW
25,10,2022,16,20,01,151.846,136.000,0.000,17.909,17.908,0.000,CW
25,10,2022,16,20,02,151.846,139.000,0.000,17.909,17.908,0.000,CW
25,10,2022,16,20,03,151.846,142.000,0.000,17.909,17.908,0.000,CW
25,10,2022,16,20,04,151.846,145.000,0.000,17.909,17.908,0.000,CW
25,10,2022,16,20,05,151.846,148.000,0.000,17.909,17.908,0.000,CW
25,10,2022,16,20,06,151.846,151.000,0.000,17.909,17.908,0.000,CW
25,10,2022,16,20,07,151.846,151.846,0.000,17.909,17.908,0.000,CW
25,10,2022,16,20,08,151.846,151.846,0.000,17.909,17.908,0.000,CW
25,10,2022,16,20,09,151.862,151.860,0.000,17.855,17.855,0.000,CW
25,10,2022,16,20,10,151.862,151.860,0.000,17.855,17.855,0.000,CW
25,10,2022,16,20,11,151.862,151.860,0.000,17.855,17.855,0.000,CW
25,10,2022,16,20,12,151.862,151.860,0.000,17.855,17.855,0.000,CW
25,10,2022,16,20,13,151.862,151.860,0.000,17.855,17.855,0.000,CW
25,10,2022,16,20,14,151.862,151.860,0.000,17.855,17.855,0.000,CW
25,10,2022,16,20,15,151.862,151.860,0.000,17.855,17.855,0.000,CW
25,10,2022,16,20,16,151.862,151.860,0.000,17.855,17.855,0.000,CW
25,10,2022,16,20,17,151.862,151.860,0.000,17.855,17.855,0.000,CW
25,10,2022,16,20,18,151.862,151.860,0.000,17.855,17.855,0.000,CW
25,10,2022,16,20,19,151.877,151.877,0.000,17.800,17.800,0.000,CW
25,10,2022,16,20,20,151.877,151.877,0.000,17.800,17.800,0.000,CW
25,10,2022,16,20,21,151.877,151.877,0.000,17.800,17.800,0.000,CW
25,10,2022,16,20,22,151.877,151.877,0.000,17.800,17.800,0.000,CW
25,10,2022,16,20,23,151.877,151.877,0.000,17.800,17.800,0.000,CW
25,10,2022,16,20,24,151.877,151.877,0.000,17.800,17.800,0.000,CW
25,10,2022,16,20,25,151.877,151.877,0.000,17.800,17.800,0.000,CW
25,10,2022,16,20,26,151.877,151.877,0.000,17.800,17.800,0.000,CW
25,10,2022,16,20,27,151.877,151.877,0.000,17.800,17.800,0.000,CW
25,10,2022,16,20,28,151.892,151.890,0.000,17.746,17.745,0.000,CW
25,10,2022,16,20,29,151.892,151.890,0.000,17.746,17.745,0.000,CW
25,10,2022,16,20,30,151.892,151.890,0.000,17.746,17.745,0.000,CW
25,10,2022,16,20,31,151.892,151.890,0.000,17.746,17.745,0.000,CW
25,10,2022,16,20,32,151.892,151.890,0.000,17.746,17.745,0.000,CW
25,10,2022,16,20,33,151.892,151.890,0.000,17.746,17.745,0.000,CW
25,10,2022,16,20,34,151.892,151.890,0.000,17.746,17.745,0.000,CW
25,10,2022,16,20,35,151.892,151.890,0.000,17.746,17.745,0.000,CW
25,10,2022,16,20,36,151.892,151.890,0.000,17.746,17.745,0.000,CW
25,10,2022,16,20,37,151.892,151.890,0.000,17.746,17.745,0.000,CW
25,10,2022,16,20,38,151.907,151.907,0.000,17.691,17.690,0.000,CW
25,10,2022,16,20,39,151.907,151.907,0.000,17.691,17.690,0.000,CW
25,10,2022,16,20,40,151.907,151.907,0.000,17.691,17.690,0.000,CW
25,10,2022,16,20,41,151.907,151.907,0.000,17.691,17.690,0.000,CW
25,10,2022,16,20,42,151.907,151.907,0.000,17.691,17.690,0.000,CW
25,10,2022,16,20,43,151.907,151.907,0.000,17.691,17.690,0.000,CW
25,10,2022,16,20,44,151.907,151.907,0.000,17.691,17.690,0.000,CW
25,10,2022,16,20,45,151.907,151.907,0.000,17.691,17.690,0.000,CW
25,10,2022,16,20,46,151.907,151.907,0.000,17.691,17.690,0.000,CW
25,10,2022,16,20,47,151.907,151.907,0.000,17.691,17.690,0.000,CW
25,10,2022,16,20,48,151.922,151.920,0.000,17.637,17.637,0.000,CW
25,10,2022,16,20,49,151.922,151.920,0.000,17.637,17.637,0.000,CW
25,10,2022,16,20,50,151.922,151.920,0.000,17.637,17.637,0.000,CW
25,10,2022,16,20,51,151.922,151.920,0.000,17.637,17.637,0.000,CW
25,10,2022,16,20,52,151.922,151.920,0.000,17.637,17.637,0.000,CW
25,10,2022,16,20,53,151.922,151.920,0.000,17.637,17.637,0.000,CW
25,10,2022,16,20,54,151.922,151.920,0.000,17.637,17.637,0.000,CW
25,10,2022,16,20,55,151.922,151.920,0.000,17.637,17.637,0.000,CW
25,10,2022,16,20,56,151.922,151.920,0.000,17.637,17.637,0.000,CW
25,10,2022,16,20,57,151.922,151.920,0.000,17.637,17.637,0.000,CW
25,10,2022,16,20,58,151.937,151.937,0.000,17.583,17.582,0.000,CW
25,10,2022,16,20,59,151.937,151.937,0.000,17.583,17.582,0.000,CW
25,10,2022,16,21,00,151.937,151.937,0.000,17.583,17.582,0.000,CW
25,10,2022,16,21,01,151.937,151.937,0.000,17.583,17.582,0.000,CW
25,10,2022,16,21,02,151.937,151.937,0.000,17.583,17.582,0.000,CW
25,10,2022,16,21,03,151.937,151.937,0.000,17.583,17.582,0.000,CW
25,10,2022,16,21,04,151.937,151.937,0.000,17.583,17.582,0.000,CW
25,10,2022,16,21,05,151.937,151.937,0.000,17.583,17.582,0.000,CW
25,10,2022,16,21,06,151.937,151.937,0.000,17.583,17.582,0.000,CW
25,10,2022,16,21,07,151.937,151.937,0.000,17.583,17.582,0.000,CW
25,10,2022,16,21,08,151.951,151.949,0.000,17.528,17.527,0.000,CW
25,10,2022,16,21,09,151.951,151.949,0.000,17.528,17.527,0.000,CW
25,10,2022,16,21,10,151.951,151.949,0.000,17.528,17.527,0.000,CW
25,10,2022,16,21,11,151.951,151.949,0.000,17.528,17.527,0.000,CW
25,10,2022,16,21,12,151.951,151.949,0.000,17.528,17.527,0.000,CW
25,10,2022,16,21,13,151.951,151.949,0.000,17.528,17.527,0.000,CW
