28,02,2023,16,03,18,10.000,103.000,0.000,30.000,30.000,0.000,CCW
28,02,2023,16,03,28,10.000,106.000,0.000,30.000,30.000,0.000,CCW
28,02,2023,16,03,38,10.000,109.000,0.000,30.000,30.000,0.000,CCW
28,02,2023,16,03,48,10.000,112.000,0.000,30.000,30.000,0.000,CCW
28,02,2023,16,03,58,10.000,115.000,0.000,30.000,30.000,0.000,CCW
28,02,2023,16,04,08,10.000,118.000,0.000,30.000,30.000,0.000,CCW
28,02,2023,16,04,18,10.000,121.000,0.000,30.000,30.000,0.000,CCW
28,02,2023,16,04,28,10.000,124.000,0.000,30.000,30.000,0.000,CCW
28,02,2023,16,04,38,10.000,127.000,0.000,30.000,30.000,0.000,CCW
28,02,2023,16,04,49,10.000,130.000,0.000,30.000,30.000,0.000,CCW
28,02,2023,16,04,59,10.000,133.000,0.000,30.000,30.000,0.000,CCW
28,02,2023,16,05,09,10.000,136.000,0.000,30.000,30.000,0.000,CCW
28,02,2023,16,05,19,10.000,139.000,0.000,30.000,30.000,0.000,CCW
28,02,2023,16,05,29,10.000,142.000,0.000,30.000,30.000,0.000,CCW
28,02,2023,16,05,39,10.000,145.000,0.000,30.000,30.000,0.000,CCW
28,02,2023,16,05,49,10.000,148.000,0.000,30.000,30.000,0.000,CCW
28,02,2023,16,05,59,10.000,151.000,0.000,30.000,30.000,0.000,CCW
28,02,2023,16,06,09,10.000,154.000,0.000,30.000,30.000,0.000,CCW
28,02,2023,16,06,19,10.000,157.000,0.000,30.000,30.000,0.000,CCW
28,02,2023,16,06,29,10.000,160.000,0.000,30.000,30.000,0.000,CCW
28,02,2023,16,06,39,10.000,163.000,0.000,30.000,30.000,0.000,CCW
28,02,2023,16,06,49,10.000,166.000,0.000,30.000,30.000,0.000,CCW
28,02,2023,16,06,53,10.000,169.000,0.000,30.000,30.000,0.000,CCW
28,02,2023,16,06,59,10.000,172.000,0.000,30.000,30.000,0.000,CCW
28,02,2023,16,07,03,10.000,175.000,0.000,30.000,30.000,0.000,CCW
28,02,2023,16,07,09,10.000,178.000,0.000,30.000,30.000,0.000,CCW
28,02,2023,16,07,13,10.000,181.000,0.000,30.000,30.000,0.000,CCW
28,02,2023,16,07,19,10.000,184.000,0.000,30.000,30.000,0.000,CCW
28,02,2023,16,07,24,10.000,187.000,0.000,30.000,30.000,0.000,CCW
28,02,2023,16,07,29,10.000,190.000,0.000,30.000,30.000,0.000,CCW
28,02,2023,16,07,34,10.000,193.000,0.000,30.000,30.000,0.000,CCW
28,02,2023,16,07,39,10.000,196.000,0.000,30.000,30.000,0.000,CCW
28,02,2023,16,07,44,10.000,199.000,0.000,30.000,30.000,0.000,CCW
28,02,2023,16,07,49,10.000,202.000,0.000,30.000,30.000,0.000,CCW
28,02,2023,16,07,54,10.000,205.000,0.000,30.000,30.000,0.000,CCW
28,02,2023,16,08,00,10.000,208.000,0.000,30.000,30.000,0.000,CCW
28,02,2023,16,08,04,10.000,211.000,0.000,30.000,30.000,0.000,CCW
28,02,2023,16,08,16,10.000,214.000,0.000,30.000,30.000,0.000,CCW
28,02,2023,16,08,26,10.000,217.000,0.000,30.000,30.000,0.000,CCW
28,02,2023,16,08,36,10.000,220.000,0.000,30.000,30.000,0.000,CCW
28,02,2023,16,08,46,10.000,223.000,0.000,30.000,30.000,0.000,CCW
28,02,2023,16,08,56,10.000,226.000,0.000,30.000,30.000,0.000,CCW
28,02,2023,16,09,06,10.000,229.000,0.000,30.000,30.000,0.000,CCW
28,02,2023,16,09,16,10.000,232.000,0.000,30.000,30.000,0.000,CCW
28,02,2023,16,09,26,10.000,235.000,0.000,30.000,30.000,0.000,CCW
28,02,2023,16,09,37,10.000,238.000,0.000,30.000,30.000,0.000,CCW
28,02,2023,16,09,47,10.000,241.000,0.000,30.000,30.000,0.000,CCW
28,02,2023,16,09,57,10.000,244.000,0.000,30.000,30.000,0.000,CCW
28,02,2023,16,10,07,10.000,247.000,0.000,30.000,30.000,0.000,CCW
28,02,2023,16,10,17,10.000,250.000,0.000,30.000,30.000,0.000,CCW
28,02,2023,16,10,27,10.000,253.000,0.000,30.000,30.000,0.000,CCW
28,02,2023,16,10,37,10.000,256.000,0.000,30.000,30.000,0.000,CCW
28,02,2023,16,10,47,10.000,259.000,0.000,30.000,30.000,0.000,CCW
28,02,2023,16,10,57,10.000,262.000,0.000,30.000,30.000,0.000,CCW
28,02,2023,16,11,07,10.000,265.000,0.000,30.000,30.000,0.000,CCW
28,02,2023,16,11,17,10.000,268.000,0.000,30.000,30.000,0.000,CCW
28,02,2023,16,11,27,10.000,271.000,0.000,30.000,30.000,0.000,CCW
28,02,2023,16,11,37,10.000,274.000,0.000,30.000,30.000,0.000,CCW
28,02,2023,16,11,47,10.000,277.000,0.000,30.000,30.000,0.000,CCW
28,02,2023,16,11,57,10.000,280.000,0.000,30.000,30.000,0.000,CCW
28,02,2023,16,12,07,10.000,283.000,0.000,30.000,30.000,0.000,CCW
28,02,2023,16,12,17,10.000,286.000,0.000,30.000,30.000,0.000,CCW
28,02,2023,16,12,27,10.000,289.000,0.000,30.000,30.000,0.000,CCW
28,02,2023,16,12,37,10.000,292.000,0.000,30.000,30.000,0.000,CCW
28,02,2023,16,12,48,10.000,295.000,0.000,30.000,30.000,0.000,CCW
28,02,2023,16,12,58,10.000,298.000,0.000,30.000,30.000,0.000,CCW
28,02,2023,16,13,08,10.000,301.000,0.000,30.000,30.000,0.000,CCW
28,02,2023,16,13,18,10.000,304.000,0.000,30.000,30.000,0.000,CCW
28,02,2023,16,13,28,10.000,307.000,0.000,30.000,30.000,0.000,CCW
28,02,2023,16,13,38,10.000,310.000,0.000,30.000,30.000,0.000,CCW
28,02,2023,16,13,48,10.000,313.000,0.000,30.000,30.000,0.000,CCW
28,02,2023,16,13,58,10.000,316.000,0.000,30.000,30.000,0.000,CCW
28,02,2023,16,14,08,10.000,319.000,0.000,30.000,30.000,0.000,CCW
28,02,2023,16,14,18,10.000,322.000,0.000,30.000,30.000,0.000,CCW
28,02,2023,16,14,28,10.000,325.000,0.000,30.000,30.000,0.000,CCW
28,02,2023,16,14,38,10.000,328.000,0.000,30.000,30.000,0.000,CCW
28,02,2023,16,14,48,10.000,331.000,0.000,30.000,30.000,0.000,CCW
28,02,2023,16,14,58,10.000,334.000,0.000,30.000,30.000,0.000,CCW
28,02,2023,16,15,08,10.000,337.000,0.000,30.000,30.000,0.000,CCW
28,02,2023,16,15,18,10.000,340.000,0.000,30.000,30.000,0.000,CCW
28,02,2023,16,15,28,10.000,343.000,0.000,30.000,30.000,0.000,CCW
28,02,2023,16,15,38,10.000,346.000,0.000,30.000,30.000,0.000,CCW
28,02,2023,16,15,48,10.000,349.000,0.000,30.000,30.000,0.000,CCW
28,02,2023,16,15,59,10.000,352.000,0.000,30.000,30.000,0.000,CCW
28,02,2023,16,16,09,10.000,355.000,0.000,30.000,30.000,0.000,CCW
28,02,2023,16,16,19,10.000,358.000,0.000,30.000,30.000,0.000,CCW
28,02,2023,16,16,29,10.000,1.000,0.000,30.000,30.000,0.000,CW
28,02,2023,16,16,39,10.000,4.000,0.000,30.000,30.000,0.000,CW
28,02,2023,16,16,49,10.000,7.000,0.000,30.000,30.000,0.000,CW
28,02,2023,16,16,59,10.000,10.000,0.000,30.000,30.000,0.000,CW
28,02,2023,16,17,09,10.000,10.000,0.000,30.000,30.000,0.000,CW
28,02,2023,16,17,19,10.000,10.000,0.000,30.000,30.000,0.000,CW
28,02,2023,16,17,29,10.000,10.000,0.000,30.000,30.000,0.000,CW
28,02,2023,16,17,39,10.000,10.000,0.000,30.000,30.000,0.000,CW
28,02,2023,16,17,49,10.000,10.000,0.000,30.000,30.000,0.000,CW
28,02,2023,16,17,59,10.000,10.000,0.000,30.000,30.000,0.000,CW
28,02,2023,16,18,09,10.000,10.000,0.000,30.000,30.000,0.000,CW
28,02,2023,16,18,32,10.000,10.000,0.000,30.000,30.000,0.000,CW
28,02,2023,16,18,48,10.000,10.000,0.000,30.000,30.000,0.000,CW
28,02,2023,16,18,52,10.000,10.000,0.000,30.000,30.000,0.000,CW
28,02,2023,16,19,20,10.000,10.000,0.000,30.000,30.000,0.000,CW
28,02,2023,16,19,22,10.000,10.000,0.000,30.000,30.000,0.000,CW
28,02,2023,16,19,43,10.000,10.000,0.000,30.000,30.000,0.000,CW
28,02,2023,16,19,43,10.000,10.000,0.000,30.000,30.000,0.000,CW
28,02,2023,16,19,43,10.000,10.000,0.000,30.000,30.000,0.000,CW
28,02,2023,16,19,52,10.000,10.000,0.000,30.000,30.000,0.000,CW
28,02,2023,16,21,20,10.000,10.000,0.000,30.000,30.000,0.000,CW
28,02,2023,16,21,30,10.000,10.000,0.000,30.000,30.000,0.000,CW
28,02,2023,16,21,40,10.000,10.000,0.000,30.000,30.000,0.000,CW
28,02,2023,16,21,50,10.000,10.000,0.000,30.000,30.000,0.000,CW
28,02,2023,16,22,00,10.000,10.000,0.000,30.000,30.000,0.000,CW
28,02,2023,16,22,10,10.000,10.000,0.000,30.000,30.000,0.000,CW
28,02,2023,16,22,21,10.000,10.000,0.000,30.000,30.000,0.000,CW
28,02,2023,16,22,31,10.000,10.000,0.000,30.000,30.000,0.000,CW
28,02,2023,16,22,41,10.000,10.000,0.000,30.000,30.000,0.000,CW
28,02,2023,16,23,51,10.000,130.000,0.000,30.000,30.000,0.000,CCW
28,02,2023,16,24,01,10.000,160.000,0.000,30.000,30.000,0.000,CCW
28,02,2023,16,24,16,10.000,190.000,0.000,30.000,30.000,0.000,CCW
28,02,2023,16,24,27,10.000,220.000,0.000,30.000,30.000,0.000,CCW
28,02,2023,16,24,37,10.000,250.000,0.000,30.000,30.000,0.000,CCW
28,02,2023,16,24,47,10.000,280.000,0.000,30.000,30.000,0.000,CCW
28,02,2023,16,24,57,10.000,310.000,0.000,30.000,30.000,0.000,CCW
28,02,2023,16,25,07,10.000,340.000,0.000,30.000,30.000,0.000,CCW
28,02,2023,16,25,17,10.000,10.000,0.000,30.000,30.000,0.000,CW
28,02,2023,16,25,27,10.000,10.000,0.000,30.000,30.000,0.000,CW
28,02,2023,16,25,37,10.000,10.000,0.000,30.000,30.000,0.000,CW
28,02,2023,16,25,47,10.000,10.000,0.000,30.000,30.000,0.000,CW
28,02,2023,16,25,57,10.000,10.000,0.000,30.000,30.000,0.000,CW
28,02,2023,16,26,50,10.000,130.000,0.000,30.000,25.000,0.000,CCW
28,02,2023,16,27,00,10.000,160.000,0.000,30.000,30.000,0.000,CCW
28,02,2023,16,27,10,10.000,190.000,0.000,30.000,30.000,0.000,CCW
28,02,2023,16,27,21,10.000,220.000,0.000,30.000,30.000,0.000,CCW
28,02,2023,16,27,31,10.000,250.000,0.000,30.000,30.000,0.000,CCW
28,02,2023,16,27,41,10.000,280.000,0.000,30.000,30.000,0.000,CCW
28,02,2023,16,27,51,10.000,310.000,0.000,30.000,30.000,0.000,CCW
28,02,2023,16,28,01,10.000,340.000,0.000,30.000,30.000,0.000,CCW
28,02,2023,16,28,11,10.000,10.000,0.000,30.000,30.000,0.000,CW
28,02,2023,16,28,21,10.000,10.000,0.000,30.000,30.000,0.000,CW
28,02,2023,16,28,31,10.000,10.000,0.000,30.000,30.000,0.000,CW
28,02,2023,16,28,41,10.000,10.000,0.000,30.000,30.000,0.000,CW
28,02,2023,16,28,51,10.000,10.000,0.000,30.000,30.000,0.000,CW
28,02,2023,16,29,01,10.000,10.000,0.000,30.000,30.000,0.000,CW
28,02,2023,16,29,11,10.000,10.000,0.000,30.000,30.000,0.000,CW
28,02,2023,16,29,21,10.000,10.000,0.000,30.000,30.000,0.000,CW
28,02,2023,16,29,31,10.000,10.000,0.000,30.000,30.000,0.000,CW
28,02,2023,16,29,41,10.000,10.000,0.000,30.000,30.000,0.000,CW
28,02,2023,16,29,51,10.000,10.000,0.000,30.000,30.000,0.000,CW
28,02,2023,16,30,02,10.000,10.000,0.000,30.000,30.000,0.000,CW
28,02,2023,16,30,12,10.000,10.000,0.000,30.000,30.000,0.000,CW
28,02,2023,16,30,22,10.000,10.000,0.000,30.000,30.000,0.000,CW
28,02,2023,16,30,32,10.000,10.000,0.000,30.000,30.000,0.000,CW
28,02,2023,16,30,42,10.000,10.000,0.000,30.000,30.000,0.000,CW
28,02,2023,16,30,52,10.000,10.000,0.000,30.000,30.000,0.000,CW
28,02,2023,16,31,02,10.000,10.000,0.000,30.000,30.000,0.000,CW
28,02,2023,16,31,12,10.000,10.000,0.000,30.000,30.000,0.000,CW
28,02,2023,16,31,22,10.000,10.000,0.000,30.000,30.000,0.000,CW
28,02,2023,16,31,32,10.000,10.000,0.000,30.000,30.000,0.000,CW
28,02,2023,16,31,42,10.000,10.000,0.000,30.000,30.000,0.000,CW
28,02,2023,16,31,52,10.000,10.000,0.000,30.000,30.000,0.000,CW
28,02,2023,16,32,02,10.000,10.000,0.000,30.000,30.000,0.000,CW
28,02,2023,16,32,12,10.000,10.000,0.000,30.000,30.000,0.000,CW
28,02,2023,16,32,22,10.000,10.000,0.000,30.000,30.000,0.000,CW
28,02,2023,16,32,32,10.000,10.000,0.000,30.000,30.000,0.000,CW
28,02,2023,16,32,42,10.000,10.000,0.000,30.000,30.000,0.000,CW
28,02,2023,16,32,52,10.000,10.000,0.000,30.000,30.000,0.000,CW
28,02,2023,16,33,02,10.000,10.000,0.000,30.000,30.000,0.000,CW
28,02,2023,16,33,13,10.000,10.000,0.000,30.000,30.000,0.000,CW
28,02,2023,16,33,23,10.000,10.000,0.000,30.000,30.000,0.000,CW
28,02,2023,16,33,33,10.000,10.000,0.000,30.000,30.000,0.000,CW
28,02,2023,16,33,43,10.000,10.000,0.000,30.000,30.000,0.000,CW
28,02,2023,16,33,53,10.000,10.000,0.000,30.000,30.000,0.000,CW
28,02,2023,16,34,03,10.000,10.000,0.000,30.000,30.000,0.000,CW
28,02,2023,16,34,13,10.000,10.000,0.000,30.000,30.000,0.000,CW
28,02,2023,16,34,23,10.000,10.000,0.000,30.000,30.000,0.000,CW
28,02,2023,16,34,33,10.000,10.000,0.000,30.000,30.000,0.000,CW
28,02,2023,16,34,43,10.000,10.000,0.000,30.000,30.000,0.000,CW
28,02,2023,16,34,53,10.000,10.000,0.000,30.000,30.000,0.000,CW
28,02,2023,16,35,03,10.000,10.000,0.000,30.000,30.000,0.000,CW
28,02,2023,16,35,13,10.000,10.000,0.000,30.000,30.000,0.000,CW
28,02,2023,16,35,23,10.000,10.000,0.000,30.000,30.000,0.000,CW
28,02,2023,16,35,33,10.000,10.000,0.000,30.000,30.000,0.000,CW
28,02,2023,16,35,43,10.000,10.000,0.000,30.000,30.000,0.000,CW
28,02,2023,16,35,53,10.000,10.000,0.000,30.000,30.000,0.000,CW
28,02,2023,16,36,03,10.000,10.000,0.000,30.000,30.000,0.000,CW
28,02,2023,16,36,13,10.000,10.000,0.000,30.000,30.000,0.000,CW
28,02,2023,16,36,24,10.000,10.000,0.000,30.000,30.000,0.000,CW
28,02,2023,16,36,34,10.000,10.000,0.000,30.000,30.000,0.000,CW
28,02,2023,16,36,44,10.000,10.000,0.000,30.000,30.000,0.000,CW
28,02,2023,16,36,54,10.000,10.000,0.000,30.000,30.000,0.000,CW
28,02,2023,16,37,04,10.000,10.000,0.000,30.000,30.000,0.000,CW
28,02,2023,16,37,14,10.000,10.000,0.000,30.000,30.000,0.000,CW
28,02,2023,16,37,24,10.000,10.000,0.000,30.000,30.000,0.000,CW
28,02,2023,16,37,34,10.000,10.000,0.000,30.000,30.000,0.000,CW
28,02,2023,16,37,44,10.000,10.000,0.000,30.000,30.000,0.000,CW
28,02,2023,16,37,54,10.000,10.000,0.000,30.000,30.000,0.000,CW
28,02,2023,16,38,04,10.000,10.000,0.000,30.000,30.000,0.000,CW
28,02,2023,16,38,14,10.000,10.000,0.000,30.000,30.000,0.000,CW
28,02,2023,16,38,24,10.000,10.000,0.000,30.000,30.000,0.000,CW
28,02,2023,16,38,34,10.000,10.000,0.000,30.000,30.000,0.000,CW
28,02,2023,16,38,44,10.000,10.000,0.000,30.000,30.000,0.000,CW
28,02,2023,16,38,54,10.000,10.000,0.000,30.000,30.000,0.000,CW
28,02,2023,16,39,04,10.000,10.000,0.000,30.000,30.000,0.000,CW
28,02,2023,16,39,14,10.000,10.000,0.000,30.000,30.000,0.000,CW
28,02,2023,16,39,24,10.000,10.000,0.000,30.000,30.000,0.000,CW
28,02,2023,16,39,35,10.000,10.000,0.000,30.000,30.000,0.000,CW
28,02,2023,16,39,45,10.000,10.000,0.000,30.000,30.000,0.000,CW
28,02,2023,17,01,58,10.000,10.000,0.000,30.000,30.000,0.000,CW
28,02,2023,17,02,08,10.000,10.000,0.000,30.000,30.000,0.000,CW
28,02,2023,17,02,18,10.000,10.000,0.000,30.000,30.000,0.000,CW
28,02,2023,17,02,28,10.000,10.000,0.000,30.000,30.000,0.000,CW
28,02,2023,17,02,39,10.000,10.000,0.000,30.000,30.000,0.000,CW
28,02,2023,17,02,49,10.000,10.000,0.000,30.000,30.000,0.000,CW
28,02,2023,17,02,59,10.000,10.000,0.000,30.000,30.000,0.000,CW
28,02,2023,17,03,09,10.000,10.000,0.000,30.000,30.000,0.000,CW
28,02,2023,17,03,19,10.000,10.000,0.000,30.000,30.000,0.000,CW
28,02,2023,17,03,29,10.000,10.000,0.000,30.000,30.000,0.000,CW
28,02,2023,17,03,39,10.000,10.000,0.000,30.000,30.000,0.000,CW
28,02,2023,17,03,49,10.000,10.000,0.000,30.000,30.000,0.000,CW
28,02,2023,17,03,59,10.000,10.000,0.000,30.000,30.000,0.000,CW
28,02,2023,17,04,09,10.000,10.000,0.000,30.000,30.000,0.000,CW
28,02,2023,17,04,19,10.000,10.000,0.000,30.000,30.000,0.000,CW
28,02,2023,17,04,29,10.000,10.000,0.000,30.000,30.000,0.000,CW
28,02,2023,17,04,39,10.000,10.000,0.000,30.000,30.000,0.000,CW
28,02,2023,17,04,49,10.000,10.000,0.000,30.000,30.000,0.000,CW
28,02,2023,17,04,59,10.000,10.000,0.000,30.000,30.000,0.000,CW
28,02,2023,17,05,09,10.000,10.000,0.000,30.000,30.000,0.000,CW
28,02,2023,17,05,19,10.000,10.000,0.000,30.000,30.000,0.000,CW
28,02,2023,17,05,30,10.000,10.000,0.000,30.000,30.000,0.000,CW
28,02,2023,17,05,40,10.000,10.000,0.000,30.000,30.000,0.000,CW
28,02,2023,17,05,50,10.000,10.000,0.000,30.000,30.000,0.000,CW
28,02,2023,17,06,00,10.000,10.000,0.000,30.000,30.000,0.000,CW
28,02,2023,17,06,10,10.000,10.000,0.000,30.000,30.000,0.000,CW
28,02,2023,17,06,20,10.000,10.000,0.000,30.000,30.000,0.000,CW
28,02,2023,17,06,30,10.000,10.000,0.000,30.000,30.000,0.000,CW
28,02,2023,17,06,40,10.000,10.000,0.000,30.000,30.000,0.000,CW
28,02,2023,17,06,50,10.000,10.000,0.000,30.000,30.000,0.000,CW
28,02,2023,17,07,00,10.000,10.000,0.000,30.000,30.000,0.000,CW
28,02,2023,17,07,10,10.000,10.000,0.000,30.000,30.000,0.000,CW
28,02,2023,17,07,20,10.000,10.000,0.000,30.000,30.000,0.000,CW
28,02,2023,17,07,30,10.000,10.000,0.000,30.000,30.000,0.000,CW
28,02,2023,17,07,40,10.000,10.000,0.000,30.000,30.000,0.000,CW
28,02,2023,17,07,50,10.000,10.000,0.000,30.000,30.000,0.000,CW
28,02,2023,17,08,00,10.000,10.000,0.000,30.000,30.000,0.000,CW
28,02,2023,17,08,10,10.000,10.000,0.000,30.000,30.000,0.000,CW
28,02,2023,17,08,20,10.000,10.000,0.000,30.000,30.000,0.000,CW
28,02,2023,17,08,30,10.000,10.000,0.000,30.000,30.000,0.000,CW
28,02,2023,17,08,41,10.000,10.000,0.000,30.000,30.000,0.000,CW
28,02,2023,17,08,51,10.000,10.000,0.000,30.000,30.000,0.000,CW
28,02,2023,17,09,01,10.000,10.000,0.000,30.000,30.000,0.000,CW
28,02,2023,17,09,11,10.000,10.000,0.000,30.000,30.000,0.000,CW
28,02,2023,17,09,21,10.000,10.000,0.000,30.000,30.000,0.000,CW
28,02,2023,17,09,31,10.000,10.000,0.000,30.000,30.000,0.000,CW
28,02,2023,17,09,41,10.000,10.000,0.000,30.000,30.000,0.000,CW
28,02,2023,17,09,51,10.000,10.000,0.000,30.000,30.000,0.000,CW
28,02,2023,17,10,01,10.000,10.000,0.000,30.000,30.000,0.000,CW
28,02,2023,17,10,11,10.000,10.000,0.000,30.000,30.000,0.000,CW
28,02,2023,17,10,21,10.000,10.000,0.000,30.000,30.000,0.000,CW
28,02,2023,17,10,31,10.000,10.000,0.000,30.000,30.000,0.000,CW
28,02,2023,17,10,41,10.000,10.000,0.000,30.000,30.000,0.000,CW
28,02,2023,17,10,51,10.000,10.000,0.000,30.000,30.000,0.000,CW
28,02,2023,17,11,01,10.000,10.000,0.000,30.000,30.000,0.000,CW
28,02,2023,17,11,11,10.000,10.000,0.000,30.000,30.000,0.000,CW
28,02,2023,17,11,21,10.000,10.000,0.000,30.000,30.000,0.000,CW
28,02,2023,17,11,31,10.000,10.000,0.000,30.000,30.000,0.000,CW
28,02,2023,17,11,41,10.000,10.000,0.000,30.000,30.000,0.000,CW
28,02,2023,17,11,52,10.000,10.000,0.000,30.000,30.000,0.000,CW
28,02,2023,17,12,02,10.000,10.000,0.000,30.000,30.000,0.000,CW
28,02,2023,17,12,12,10.000,10.000,0.000,30.000,30.000,0.000,CW
28,02,2023,17,12,22,10.000,10.000,0.000,30.000,30.000,0.000,CW
28,02,2023,17,12,32,10.000,10.000,0.000,30.000,30.000,0.000,CW
28,02,2023,17,12,48,10.000,10.000,0.000,30.000,30.000,0.000,CW
28,02,2023,17,12,58,10.000,10.000,0.000,30.000,30.000,0.000,CW
28,02,2023,17,13,08,10.000,10.000,0.000,30.000,30.000,0.000,CW
28,02,2023,17,13,27,10.000,10.000,0.000,30.000,30.000,0.000,CW
28,02,2023,17,13,37,10.000,10.000,0.000,30.000,30.000,0.000,CW
28,02,2023,17,13,47,10.000,10.000,0.000,30.000,30.000,0.000,CW
28,02,2023,17,13,57,10.000,10.000,0.000,30.000,30.000,0.000,CW
28,02,2023,17,14,07,10.000,10.000,0.000,30.000,30.000,0.000,CW
28,02,2023,17,14,17,10.000,10.000,0.000,30.000,30.000,0.000,CW
28,02,2023,17,14,27,10.000,10.000,0.000,30.000,30.000,0.000,CW
28,02,2023,17,14,37,10.000,10.000,0.000,30.000,30.000,0.000,CW
28,02,2023,17,14,47,10.000,10.000,0.000,30.000,30.000,0.000,CW
28,02,2023,17,14,57,10.000,10.000,0.000,30.000,30.000,0.000,CW
28,02,2023,17,15,07,10.000,10.000,0.000,30.000,30.000,0.000,CW
28,02,2023,17,15,17,10.000,10.000,0.000,30.000,30.000,0.000,CW
28,02,2023,17,15,27,10.000,10.000,0.000,30.000,30.000,0.000,CW
28,02,2023,17,15,38,10.000,10.000,0.000,30.000,30.000,0.000,CW
28,02,2023,17,15,48,10.000,10.000,0.000,30.000,30.000,0.000,CW
28,02,2023,17,15,58,10.000,10.000,0.000,30.000,30.000,0.000,CW
28,02,2023,17,16,08,10.000,10.000,0.000,30.000,30.000,0.000,CW
28,02,2023,17,16,18,10.000,10.000,0.000,30.000,30.000,0.000,CW
28,02,2023,17,16,28,10.000,10.000,0.000,30.000,30.000,0.000,CW
28,02,2023,17,16,38,10.000,10.000,0.000,30.000,30.000,0.000,CW
28,02,2023,17,16,48,10.000,10.000,0.000,30.000,30.000,0.000,CW
28,02,2023,17,16,58,10.000,10.000,0.000,30.000,30.000,0.000,CW
28,02,2023,17,17,08,10.000,10.000,0.000,30.000,30.000,0.000,CW
28,02,2023,17,17,18,10.000,10.000,0.000,30.000,30.000,0.000,CW
28,02,2023,17,17,28,10.000,10.000,0.000,30.000,30.000,0.000,CW
28,02,2023,17,17,38,10.000,10.000,0.000,30.000,30.000,0.000,CW
28,02,2023,17,17,48,10.000,10.000,0.000,30.000,30.000,0.000,CW
28,02,2023,17,17,58,10.000,10.000,0.000,30.000,30.000,0.000,CW
28,02,2023,17,18,08,10.000,10.000,0.000,30.000,30.000,0.000,CW
28,02,2023,17,18,18,10.000,10.000,0.000,30.000,30.000,0.000,CW
28,02,2023,17,18,28,10.000,10.000,0.000,30.000,30.000,0.000,CW
28,02,2023,17,18,38,333.000,340.000,0.000,10.000,20.000,0.000,CCW
28,02,2023,17,18,39,333.000,333.000,0.000,10.000,10.000,0.000,CCW
28,02,2023,17,18,40,333.000,333.000,0.000,10.000,10.000,0.000,CCW
28,02,2023,17,18,41,333.000,333.000,0.000,10.000,10.000,0.000,CCW
28,02,2023,17,18,42,333.000,333.000,0.000,10.000,10.000,0.000,CCW
28,02,2023,17,18,44,333.000,333.000,0.000,10.000,10.000,0.000,CCW
28,02,2023,17,18,45,333.000,333.000,0.000,10.000,10.000,0.000,CCW
28,02,2023,17,18,46,333.000,333.000,0.000,10.000,10.000,0.000,CCW
28,02,2023,17,18,47,333.000,333.000,0.000,10.000,10.000,0.000,CCW
28,02,2023,17,18,48,333.000,333.000,0.000,10.000,10.000,0.000,CCW
28,02,2023,17,18,49,333.000,333.000,0.000,10.000,10.000,0.000,CCW
28,02,2023,17,18,50,333.000,333.000,0.000,10.000,10.000,0.000,CCW
28,02,2023,17,18,51,333.000,333.000,0.000,10.000,10.000,0.000,CCW
28,02,2023,17,18,52,333.000,333.000,0.000,10.000,10.000,0.000,CCW
28,02,2023,17,18,53,333.000,333.000,0.000,10.000,10.000,0.000,CCW
28,02,2023,17,18,54,333.000,333.000,0.000,10.000,10.000,0.000,CCW
28,02,2023,17,18,55,333.000,333.000,0.000,10.000,10.000,0.000,CCW
28,02,2023,17,18,56,333.000,333.000,0.000,10.000,10.000,0.000,CCW
28,02,2023,17,18,57,333.000,333.000,0.000,10.000,10.000,0.000,CCW
28,02,2023,17,18,58,333.000,333.000,0.000,10.000,10.000,0.000,CCW
28,02,2023,17,18,59,333.000,333.000,0.000,10.000,10.000,0.000,CCW
28,02,2023,17,19,00,333.000,333.000,0.000,10.000,10.000,0.000,CCW
28,02,2023,17,19,01,333.000,333.000,0.000,10.000,10.000,0.000,CCW
28,02,2023,17,19,02,333.000,333.000,0.000,10.000,10.000,0.000,CCW
28,02,2023,17,19,03,333.000,333.000,0.000,10.000,10.000,0.000,CCW
28,02,2023,17,19,04,333.000,333.000,0.000,10.000,10.000,0.000,CCW
28,02,2023,17,19,05,333.000,333.000,0.000,10.000,10.000,0.000,CCW
28,02,2023,17,19,06,333.000,333.000,0.000,10.000,10.000,0.000,CCW
28,02,2023,17,19,07,333.000,333.000,0.000,10.000,10.000,0.000,CCW
28,02,2023,17,19,08,333.000,333.000,0.000,10.000,10.000,0.000,CCW
28,02,2023,17,19,09,333.000,333.000,0.000,10.000,10.000,0.000,CCW
28,02,2023,17,19,10,333.000,333.000,0.000,10.000,10.000,0.000,CCW
28,02,2023,17,19,11,333.000,333.000,0.000,10.000,10.000,0.000,CCW
28,02,2023,17,19,12,333.000,333.000,0.000,10.000,10.000,0.000,CCW
28,02,2023,17,19,13,333.000,333.000,0.000,10.000,10.000,0.000,CCW
28,02,2023,17,19,14,333.000,333.000,0.000,10.000,10.000,0.000,CCW
28,02,2023,17,19,15,333.000,333.000,0.000,10.000,10.000,0.000,CCW
28,02,2023,17,19,16,333.000,333.000,0.000,10.000,10.000,0.000,CCW
28,02,2023,17,19,17,333.000,333.000,0.000,10.000,10.000,0.000,CCW
28,02,2023,17,19,18,333.000,333.000,0.000,10.000,10.000,0.000,CCW
28,02,2023,17,19,19,333.000,333.000,0.000,10.000,10.000,0.000,CCW
28,02,2023,17,19,20,333.000,333.000,0.000,10.000,10.000,0.000,CCW
28,02,2023,17,19,21,333.000,333.000,0.000,10.000,10.000,0.000,CCW
28,02,2023,17,19,22,333.000,333.000,0.000,10.000,10.000,0.000,CCW
28,02,2023,17,19,23,333.000,333.000,0.000,10.000,10.000,0.000,CCW
28,02,2023,17,19,24,333.000,333.000,0.000,10.000,10.000,0.000,CCW
28,02,2023,17,19,25,333.000,333.000,0.000,10.000,10.000,0.000,CCW
28,02,2023,17,19,26,333.000,333.000,0.000,10.000,10.000,0.000,CCW
28,02,2023,17,19,27,333.000,333.000,0.000,10.000,10.000,0.000,CCW
28,02,2023,17,19,28,333.000,333.000,0.000,10.000,10.000,0.000,CCW
28,02,2023,17,19,29,333.000,333.000,0.000,10.000,10.000,0.000,CCW
28,02,2023,17,19,30,333.000,333.000,0.000,10.000,10.000,0.000,CCW
28,02,2023,17,19,31,333.000,333.000,0.000,10.000,10.000,0.000,CCW
28,02,2023,17,19,32,333.000,333.000,0.000,10.000,10.000,0.000,CCW
28,02,2023,17,19,33,333.000,333.000,0.000,10.000,10.000,0.000,CCW
28,02,2023,17,19,34,333.000,333.000,0.000,10.000,10.000,0.000,CCW
28,02,2023,17,19,35,333.000,333.000,0.000,10.000,10.000,0.000,CCW
28,02,2023,17,19,36,333.000,333.000,0.000,10.000,10.000,0.000,CCW
28,02,2023,17,19,37,333.000,333.000,0.000,10.000,10.000,0.000,CCW
28,02,2023,17,19,38,333.000,333.000,0.000,10.000,10.000,0.000,CCW
28,02,2023,17,19,39,333.000,333.000,0.000,10.000,10.000,0.000,CCW
28,02,2023,17,19,40,333.000,333.000,0.000,10.000,10.000,0.000,CCW
28,02,2023,17,19,41,333.000,333.000,0.000,10.000,10.000,0.000,CCW
28,02,2023,17,19,42,333.000,333.000,0.000,10.000,10.000,0.000,CCW
28,02,2023,17,19,43,333.000,333.000,0.000,10.000,10.000,0.000,CCW
28,02,2023,17,19,44,333.000,333.000,0.000,10.000,10.000,0.000,CCW
28,02,2023,17,19,45,333.000,333.000,0.000,10.000,10.000,0.000,CCW
28,02,2023,17,19,46,333.000,333.000,0.000,10.000,10.000,0.000,CCW
28,02,2023,17,19,47,333.000,333.000,0.000,10.000,10.000,0.000,CCW
28,02,2023,17,19,48,333.000,333.000,0.000,10.000,10.000,0.000,CCW
28,02,2023,17,19,49,333.000,333.000,0.000,10.000,10.000,0.000,CCW
28,02,2023,17,19,50,333.000,333.000,0.000,10.000,10.000,0.000,CCW
28,02,2023,17,19,51,333.000,333.000,0.000,10.000,10.000,0.000,CCW
28,02,2023,17,19,52,333.000,333.000,0.000,10.000,10.000,0.000,CCW
28,02,2023,17,19,53,333.000,333.000,0.000,10.000,10.000,0.000,CCW
28,02,2023,17,19,54,333.000,333.000,0.000,10.000,10.000,0.000,CCW
28,02,2023,17,19,55,333.000,333.000,0.000,10.000,10.000,0.000,CCW
28,02,2023,17,19,56,333.000,333.000,0.000,10.000,10.000,0.000,CCW
28,02,2023,17,19,57,333.000,333.000,0.000,10.000,10.000,0.000,CCW
28,02,2023,17,19,58,333.000,333.000,0.000,10.000,10.000,0.000,CCW
28,02,2023,17,19,59,333.000,333.000,0.000,10.000,10.000,0.000,CCW
28,02,2023,17,20,00,333.000,333.000,0.000,10.000,10.000,0.000,CCW
28,02,2023,17,20,01,333.000,333.000,0.000,10.000,10.000,0.000,CCW
28,02,2023,17,20,02,333.000,333.000,0.000,10.000,10.000,0.000,CCW
28,02,2023,17,20,03,333.000,333.000,0.000,10.000,10.000,0.000,CCW
28,02,2023,17,20,04,333.000,333.000,0.000,10.000,10.000,0.000,CCW
28,02,2023,17,20,05,333.000,333.000,0.000,10.000,10.000,0.000,CCW
28,02,2023,17,20,06,333.000,333.000,0.000,10.000,10.000,0.000,CCW
28,02,2023,17,20,07,333.000,333.000,0.000,10.000,10.000,0.000,CCW
28,02,2023,17,20,08,333.000,333.000,0.000,10.000,10.000,0.000,CCW
28,02,2023,17,20,09,333.000,333.000,0.000,10.000,10.000,0.000,CCW
28,02,2023,17,20,10,333.000,333.000,0.000,10.000,10.000,0.000,CCW
28,02,2023,17,20,11,333.000,333.000,0.000,10.000,10.000,0.000,CCW
28,02,2023,17,20,12,333.000,333.000,0.000,10.000,10.000,0.000,CCW
28,02,2023,17,20,13,333.000,333.000,0.000,10.000,10.000,0.000,CCW
28,02,2023,17,20,14,333.000,333.000,0.000,10.000,10.000,0.000,CCW
28,02,2023,17,20,15,333.000,333.000,0.000,10.000,10.000,0.000,CCW
28,02,2023,17,20,16,333.000,333.000,0.000,10.000,10.000,0.000,CCW
28,02,2023,17,20,17,333.000,333.000,0.000,10.000,10.000,0.000,CCW
28,02,2023,17,20,18,333.000,333.000,0.000,10.000,10.000,0.000,CCW
28,02,2023,17,20,19,333.000,333.000,0.000,10.000,10.000,0.000,CCW
28,02,2023,17,20,20,333.000,333.000,0.000,10.000,10.000,0.000,CCW
28,02,2023,17,20,21,333.000,333.000,0.000,10.000,10.000,0.000,CCW
28,02,2023,17,20,22,333.000,333.000,0.000,10.000,10.000,0.000,CCW
28,02,2023,17,20,23,333.000,333.000,0.000,10.000,10.000,0.000,CCW
28,02,2023,17,20,24,333.000,333.000,0.000,10.000,10.000,0.000,CCW
28,02,2023,17,20,25,333.000,333.000,0.000,10.000,10.000,0.000,CCW
28,02,2023,17,20,26,333.000,333.000,0.000,10.000,10.000,0.000,CCW
28,02,2023,17,20,27,333.000,333.000,0.000,10.000,10.000,0.000,CCW
28,02,2023,17,20,28,333.000,333.000,0.000,10.000,10.000,0.000,CCW
28,02,2023,17,20,29,333.000,333.000,0.000,10.000,10.000,0.000,CCW
28,02,2023,17,20,30,333.000,333.000,0.000,10.000,10.000,0.000,CCW
28,02,2023,17,20,31,333.000,333.000,0.000,10.000,10.000,0.000,CCW
28,02,2023,17,20,32,333.000,333.000,0.000,10.000,10.000,0.000,CCW
28,02,2023,17,20,33,333.000,333.000,0.000,10.000,10.000,0.000,CCW
28,02,2023,17,20,34,333.000,333.000,0.000,10.000,10.000,0.000,CCW
28,02,2023,17,20,35,333.000,333.000,0.000,10.000,10.000,0.000,CCW
28,02,2023,17,20,36,333.000,333.000,0.000,10.000,10.000,0.000,CCW
28,02,2023,17,20,37,333.000,333.000,0.000,10.000,10.000,0.000,CCW
28,02,2023,17,20,38,333.000,333.000,0.000,10.000,10.000,0.000,CCW
28,02,2023,17,20,39,333.000,333.000,0.000,10.000,10.000,0.000,CCW
28,02,2023,17,20,40,333.000,333.000,0.000,10.000,10.000,0.000,CCW
28,02,2023,17,20,41,333.000,333.000,0.000,10.000,10.000,0.000,CCW
28,02,2023,17,20,42,333.000,333.000,0.000,10.000,10.000,0.000,CCW
28,02,2023,17,20,43,333.000,333.000,0.000,10.000,10.000,0.000,CCW
28,02,2023,17,20,44,333.000,333.000,0.000,10.000,10.000,0.000,CCW
28,02,2023,17,20,45,333.000,333.000,0.000,10.000,10.000,0.000,CCW
28,02,2023,17,20,46,333.000,333.000,0.000,10.000,10.000,0.000,CCW
28,02,2023,17,20,47,333.000,333.000,0.000,10.000,10.000,0.000,CCW
28,02,2023,17,20,48,333.000,333.000,0.000,10.000,10.000,0.000,CCW
28,02,2023,17,20,49,333.000,333.000,0.000,10.000,10.000,0.000,CCW
28,02,2023,17,20,50,333.000,333.000,0.000,10.000,10.000,0.000,CCW
28,02,2023,17,20,51,333.000,333.000,0.000,10.000,10.000,0.000,CCW
28,02,2023,17,20,53,333.000,333.000,0.000,10.000,10.000,0.000,CCW
28,02,2023,17,20,54,333.000,333.000,0.000,10.000,10.000,0.000,CCW
28,02,2023,17,20,55,333.000,333.000,0.000,10.000,10.000,0.000,CCW
28,02,2023,17,20,56,333.000,333.000,0.000,10.000,10.000,0.000,CCW
28,02,2023,17,20,57,333.000,333.000,0.000,10.000,10.000,0.000,CCW
28,02,2023,17,20,58,333.000,333.000,0.000,10.000,10.000,0.000,CCW
28,02,2023,17,20,59,333.000,333.000,0.000,10.000,10.000,0.000,CCW
28,02,2023,17,21,00,333.000,333.000,0.000,10.000,10.000,0.000,CCW
28,02,2023,17,21,01,333.000,333.000,0.000,10.000,10.000,0.000,CCW
28,02,2023,17,21,02,333.000,333.000,0.000,10.000,10.000,0.000,CCW
28,02,2023,17,21,03,333.000,333.000,0.000,10.000,10.000,0.000,CCW
28,02,2023,17,21,04,333.000,333.000,0.000,10.000,10.000,0.000,CCW
28,02,2023,17,21,05,333.000,333.000,0.000,10.000,10.000,0.000,CCW
28,02,2023,17,21,06,333.000,333.000,0.000,10.000,10.000,0.000,CCW
28,02,2023,17,21,07,333.000,333.000,0.000,10.000,10.000,0.000,CCW
28,02,2023,17,21,08,333.000,333.000,0.000,10.000,10.000,0.000,CCW
28,02,2023,17,21,09,333.000,333.000,0.000,10.000,10.000,0.000,CCW
28,02,2023,17,21,10,333.000,333.000,0.000,10.000,10.000,0.000,CCW
28,02,2023,17,21,11,333.000,333.000,0.000,10.000,10.000,0.000,CCW
28,02,2023,17,21,12,333.000,333.000,0.000,10.000,10.000,0.000,CCW
28,02,2023,17,21,13,333.000,333.000,0.000,10.000,10.000,0.000,CCW
28,02,2023,17,21,14,333.000,333.000,0.000,10.000,10.000,0.000,CCW
28,02,2023,17,21,15,333.000,333.000,0.000,10.000,10.000,0.000,CCW
28,02,2023,17,21,16,333.000,333.000,0.000,10.000,10.000,0.000,CCW
28,02,2023,17,21,17,333.000,333.000,0.000,10.000,10.000,0.000,CCW
28,02,2023,17,21,18,333.000,333.000,0.000,10.000,10.000,0.000,CCW
28,02,2023,17,21,19,333.000,333.000,0.000,10.000,10.000,0.000,CCW
28,02,2023,17,21,20,333.000,333.000,0.000,10.000,10.000,0.000,CCW
28,02,2023,17,21,21,333.000,333.000,0.000,10.000,10.000,0.000,CCW
28,02,2023,17,21,22,333.000,333.000,0.000,10.000,10.000,0.000,CCW
28,02,2023,17,21,23,333.000,333.000,0.000,10.000,10.000,0.000,CCW
28,02,2023,17,21,24,333.000,333.000,0.000,10.000,10.000,0.000,CCW
28,02,2023,17,21,25,333.000,333.000,0.000,10.000,10.000,0.000,CCW
28,02,2023,17,21,26,333.000,333.000,0.000,10.000,10.000,0.000,CCW
28,02,2023,17,21,27,333.000,333.000,0.000,10.000,10.000,0.000,CCW
28,02,2023,17,21,28,333.000,333.000,0.000,10.000,10.000,0.000,CCW
28,02,2023,17,21,29,333.000,333.000,0.000,10.000,10.000,0.000,CCW
28,02,2023,17,21,30,333.000,333.000,0.000,10.000,10.000,0.000,CCW
28,02,2023,17,21,31,333.000,333.000,0.000,10.000,10.000,0.000,CCW
28,02,2023,17,21,32,333.000,333.000,0.000,10.000,10.000,0.000,CCW
28,02,2023,17,21,33,333.000,333.000,0.000,10.000,10.000,0.000,CCW
28,02,2023,17,21,34,333.000,333.000,0.000,10.000,10.000,0.000,CCW
28,02,2023,17,21,35,333.000,333.000,0.000,10.000,10.000,0.000,CCW
28,02,2023,17,21,36,333.000,333.000,0.000,10.000,10.000,0.000,CCW
28,02,2023,17,21,37,333.000,333.000,0.000,10.000,10.000,0.000,CCW
28,02,2023,17,21,38,333.000,333.000,0.000,10.000,10.000,0.000,CCW
28,02,2023,17,21,39,333.000,333.000,0.000,10.000,10.000,0.000,CCW
28,02,2023,17,21,40,333.000,333.000,0.000,10.000,10.000,0.000,CCW
28,02,2023,17,21,41,333.000,333.000,0.000,10.000,10.000,0.000,CCW
28,02,2023,17,21,42,333.000,333.000,0.000,10.000,10.000,0.000,CCW
28,02,2023,17,21,43,333.000,333.000,0.000,10.000,10.000,0.000,CCW
28,02,2023,17,21,44,333.000,333.000,0.000,10.000,10.000,0.000,CCW
28,02,2023,17,21,45,333.000,333.000,0.000,10.000,10.000,0.000,CCW
28,02,2023,17,21,46,333.000,333.000,0.000,10.000,10.000,0.000,CCW
28,02,2023,17,21,47,333.000,333.000,0.000,10.000,10.000,0.000,CCW
28,02,2023,17,21,48,333.000,333.000,0.000,10.000,10.000,0.000,CCW
28,02,2023,17,21,49,333.000,333.000,0.000,10.000,10.000,0.000,CCW
28,02,2023,17,21,50,333.000,333.000,0.000,10.000,10.000,0.000,CCW
28,02,2023,17,21,51,333.000,333.000,0.000,10.000,10.000,0.000,CCW
28,02,2023,17,21,52,333.000,333.000,0.000,10.000,10.000,0.000,CCW
28,02,2023,17,21,53,333.000,333.000,0.000,10.000,10.000,0.000,CCW
28,02,2023,17,21,54,333.000,333.000,0.000,10.000,10.000,0.000,CCW
28,02,2023,17,21,55,333.000,333.000,0.000,10.000,10.000,0.000,CCW
28,02,2023,17,21,56,333.000,333.000,0.000,10.000,10.000,0.000,CCW
28,02,2023,17,21,57,333.000,333.000,0.000,10.000,10.000,0.000,CCW
28,02,2023,17,21,58,333.000,333.000,0.000,10.000,10.000,0.000,CCW
28,02,2023,17,21,59,333.000,333.000,0.000,10.000,10.000,0.000,CCW
28,02,2023,17,22,00,333.000,333.000,0.000,10.000,10.000,0.000,CCW
28,02,2023,17,22,01,333.000,333.000,0.000,10.000,10.000,0.000,CCW
28,02,2023,17,22,02,333.000,333.000,0.000,10.000,10.000,0.000,CCW
28,02,2023,17,22,03,333.000,333.000,0.000,10.000,10.000,0.000,CCW
28,02,2023,17,22,04,333.000,333.000,0.000,10.000,10.000,0.000,CCW
28,02,2023,17,22,05,333.000,333.000,0.000,10.000,10.000,0.000,CCW
28,02,2023,17,22,06,333.000,333.000,0.000,10.000,10.000,0.000,CCW
28,02,2023,17,22,07,333.000,333.000,0.000,10.000,10.000,0.000,CCW
28,02,2023,17,22,08,333.000,333.000,0.000,10.000,10.000,0.000,CCW
28,02,2023,17,22,09,333.000,333.000,0.000,10.000,10.000,0.000,CCW
28,02,2023,17,22,10,333.000,333.000,0.000,10.000,10.000,0.000,CCW
28,02,2023,17,22,11,333.000,333.000,0.000,10.000,10.000,0.000,CCW
28,02,2023,17,22,12,333.000,333.000,0.000,10.000,10.000,0.000,CCW
28,02,2023,17,22,13,333.000,333.000,0.000,10.000,10.000,0.000,CCW
28,02,2023,17,22,14,333.000,333.000,0.000,10.000,10.000,0.000,CCW
28,02,2023,17,22,15,333.000,333.000,0.000,10.000,10.000,0.000,CCW
28,02,2023,17,22,16,333.000,333.000,0.000,10.000,10.000,0.000,CCW
28,02,2023,17,22,17,333.000,333.000,0.000,10.000,10.000,0.000,CCW
28,02,2023,17,22,18,333.000,333.000,0.000,10.000,10.000,0.000,CCW
28,02,2023,17,22,19,333.000,333.000,0.000,10.000,10.000,0.000,CCW
28,02,2023,17,22,20,333.000,333.000,0.000,10.000,10.000,0.000,CCW
28,02,2023,17,22,21,333.000,333.000,0.000,10.000,10.000,0.000,CCW
28,02,2023,17,22,22,333.000,333.000,0.000,10.000,10.000,0.000,CCW
28,02,2023,17,22,23,333.000,333.000,0.000,10.000,10.000,0.000,CCW
28,02,2023,17,22,24,333.000,333.000,0.000,10.000,10.000,0.000,CCW
28,02,2023,17,22,25,333.000,333.000,0.000,10.000,10.000,0.000,CCW
28,02,2023,17,22,26,333.000,333.000,0.000,10.000,10.000,0.000,CCW
28,02,2023,17,22,27,333.000,333.000,0.000,10.000,10.000,0.000,CCW
28,02,2023,17,22,28,333.000,333.000,0.000,10.000,10.000,0.000,CCW
28,02,2023,17,22,29,333.000,333.000,0.000,10.000,10.000,0.000,CCW
28,02,2023,17,22,30,333.000,333.000,0.000,10.000,10.000,0.000,CCW
28,02,2023,17,22,31,333.000,333.000,0.000,10.000,10.000,0.000,CCW
28,02,2023,17,22,32,333.000,333.000,0.000,10.000,10.000,0.000,CCW
28,02,2023,17,22,42,10.000,3.000,0.000,30.000,20.000,0.000,CW
28,02,2023,17,22,52,10.000,10.000,0.000,30.000,30.000,0.000,CW
28,02,2023,17,23,02,10.000,10.000,0.000,30.000,30.000,0.000,CW
28,02,2023,17,23,12,10.000,10.000,0.000,30.000,30.000,0.000,CW
28,02,2023,17,23,22,10.000,10.000,0.000,30.000,30.000,0.000,CW
28,02,2023,17,23,32,45.000,40.000,0.000,25.000,25.000,0.000,CW
28,02,2023,17,23,33,45.000,45.000,0.000,25.000,25.000,0.000,CW
28,02,2023,17,23,34,45.000,45.000,0.000,25.000,25.000,0.000,CW
28,02,2023,17,23,35,45.000,45.000,0.000,25.000,25.000,0.000,CW
28,02,2023,17,23,36,45.000,45.000,0.000,25.000,25.000,0.000,CW
28,02,2023,17,23,37,45.000,45.000,0.000,25.000,25.000,0.000,CW
28,02,2023,17,23,38,45.000,45.000,0.000,25.000,25.000,0.000,CW
28,02,2023,17,23,39,45.000,45.000,0.000,25.000,25.000,0.000,CW
28,02,2023,17,23,40,45.000,45.000,0.000,25.000,25.000,0.000,CW
28,02,2023,17,23,41,45.000,45.000,0.000,25.000,25.000,0.000,CW
28,02,2023,17,23,42,45.000,45.000,0.000,25.000,25.000,0.000,CW
28,02,2023,17,23,43,45.000,45.000,0.000,25.000,25.000,0.000,CW
28,02,2023,17,23,44,45.000,45.000,0.000,25.000,25.000,0.000,CW
28,02,2023,17,23,45,45.000,45.000,0.000,25.000,25.000,0.000,CW
28,02,2023,17,23,46,45.000,45.000,0.000,25.000,25.000,0.000,CW
28,02,2023,17,23,47,45.000,45.000,0.000,25.000,25.000,0.000,CW
28,02,2023,17,23,48,45.000,45.000,0.000,25.000,25.000,0.000,CW
28,02,2023,17,23,49,45.000,45.000,0.000,25.000,25.000,0.000,CW
28,02,2023,17,23,50,45.000,45.000,0.000,25.000,25.000,0.000,CW
28,02,2023,17,23,51,45.000,45.000,0.000,25.000,25.000,0.000,CW
28,02,2023,17,23,52,45.000,45.000,0.000,25.000,25.000,0.000,CW
28,02,2023,17,23,53,45.000,45.000,0.000,25.000,25.000,0.000,CW
28,02,2023,17,23,54,45.000,45.000,0.000,25.000,25.000,0.000,CW
28,02,2023,17,23,55,45.000,45.000,0.000,25.000,25.000,0.000,CW
28,02,2023,17,23,56,45.000,45.000,0.000,25.000,25.000,0.000,CW
28,02,2023,17,23,57,45.000,45.000,0.000,25.000,25.000,0.000,CW
28,02,2023,17,23,58,45.000,45.000,0.000,25.000,25.000,0.000,CW
28,02,2023,17,23,59,45.000,45.000,0.000,25.000,25.000,0.000,CW
28,02,2023,17,24,00,45.000,45.000,0.000,25.000,25.000,0.000,CW
28,02,2023,17,24,01,45.000,45.000,0.000,25.000,25.000,0.000,CW
28,02,2023,17,24,02,45.000,45.000,0.000,25.000,25.000,0.000,CW
28,02,2023,17,24,03,45.000,45.000,0.000,25.000,25.000,0.000,CW
28,02,2023,17,24,04,45.000,45.000,0.000,25.000,25.000,0.000,CW
28,02,2023,17,24,05,45.000,45.000,0.000,25.000,25.000,0.000,CW
28,02,2023,17,24,06,45.000,45.000,0.000,25.000,25.000,0.000,CW
28,02,2023,17,24,07,45.000,45.000,0.000,25.000,25.000,0.000,CW
28,02,2023,17,24,08,45.000,45.000,0.000,25.000,25.000,0.000,CW
28,02,2023,17,24,09,45.000,45.000,0.000,25.000,25.000,0.000,CW
28,02,2023,17,24,10,45.000,45.000,0.000,25.000,25.000,0.000,CW
28,02,2023,17,24,11,45.000,45.000,0.000,25.000,25.000,0.000,CW
28,02,2023,17,24,12,45.000,45.000,0.000,25.000,25.000,0.000,CW
28,02,2023,17,24,13,45.000,45.000,0.000,25.000,25.000,0.000,CW
28,02,2023,17,24,14,45.000,45.000,0.000,25.000,25.000,0.000,CW
28,02,2023,17,24,15,45.000,45.000,0.000,25.000,25.000,0.000,CW
28,02,2023,17,24,16,45.000,45.000,0.000,25.000,25.000,0.000,CW
28,02,2023,17,24,17,45.000,45.000,0.000,25.000,25.000,0.000,CW
28,02,2023,17,24,18,45.000,45.000,0.000,25.000,25.000,0.000,CW
28,02,2023,17,24,19,45.000,45.000,0.000,25.000,25.000,0.000,CW
28,02,2023,17,24,20,45.000,45.000,0.000,25.000,25.000,0.000,CW
28,02,2023,17,24,21,45.000,45.000,0.000,25.000,25.000,0.000,CW
28,02,2023,17,24,22,45.000,45.000,0.000,25.000,25.000,0.000,CW
28,02,2023,17,24,23,45.000,45.000,0.000,25.000,25.000,0.000,CW
28,02,2023,17,24,24,45.000,45.000,0.000,25.000,25.000,0.000,CW
28,02,2023,17,24,25,45.000,45.000,0.000,25.000,25.000,0.000,CW
28,02,2023,17,24,26,45.000,45.000,0.000,25.000,25.000,0.000,CW
28,02,2023,17,24,27,45.000,45.000,0.000,25.000,25.000,0.000,CW
28,02,2023,17,24,28,45.000,45.000,0.000,25.000,25.000,0.000,CW
28,02,2023,17,24,29,45.000,45.000,0.000,25.000,25.000,0.000,CW
28,02,2023,17,24,30,45.000,45.000,0.000,25.000,25.000,0.000,CW
28,02,2023,17,24,40,45.000,45.000,0.000,25.000,25.000,0.000,CW
28,02,2023,17,24,50,45.000,45.000,0.000,25.000,25.000,0.000,CW
