30,09,2022,10,14,22,0.000,348.479,348.479,0.000,49.021,49.021,CCW
30,09,2022,11,21,36,201.405,347.457,347.457,16.813,48.629,48.629,CCW
30,09,2022,11,21,37,201.405,346.704,346.704,16.813,48.338,48.338,CCW
30,09,2022,11,21,37,201.405,345.919,345.919,16.813,48.051,48.051,CCW
30,09,2022,11,21,37,201.405,345.149,345.149,16.813,47.766,47.766,CCW
30,09,2022,11,21,38,201.405,344.372,344.372,16.813,47.486,47.486,CCW
30,09,2022,11,21,38,201.405,342.845,342.845,16.813,46.930,46.930,CCW
30,09,2022,11,21,38,201.405,342.124,342.124,16.813,46.649,46.649,CCW
30,09,2022,11,21,39,201.405,341.379,341.379,16.813,46.370,46.370,CCW
30,09,2022,11,21,39,201.405,340.601,340.601,16.813,46.091,46.091,CCW
30,09,2022,11,21,39,201.405,339.824,339.824,16.813,45.816,45.816,CCW
30,09,2022,11,21,39,201.405,339.044,339.044,16.813,45.539,45.539,CCW
30,09,2022,11,21,40,201.405,338.263,338.263,16.813,45.267,45.267,CCW
30,09,2022,11,21,40,201.405,336.742,336.742,16.813,44.734,44.734,CCW
30,09,2022,11,21,40,201.405,335.984,335.984,16.813,44.469,44.469,CCW
30,09,2022,11,21,41,201.405,334.467,334.467,16.813,43.919,43.919,CCW
30,09,2022,11,21,41,201.405,332.961,332.961,16.813,43.359,43.359,CCW
30,09,2022,11,21,42,201.405,332.183,332.183,16.813,43.074,43.074,CCW
30,09,2022,11,21,42,201.405,331.412,331.412,16.813,42.791,42.791,CCW
30,09,2022,11,21,42,201.405,330.636,330.636,16.813,42.507,42.507,CCW
30,09,2022,11,21,43,201.405,329.883,329.883,16.813,42.222,42.222,CCW
30,09,2022,11,21,43,201.405,329.140,329.140,16.813,41.935,41.935,CCW
30,09,2022,11,21,43,201.405,328.396,328.396,16.813,41.646,41.646,CCW
30,09,2022,11,21,43,201.405,327.608,327.608,16.813,41.361,41.361,CCW
30,09,2022,11,21,44,201.405,326.844,326.844,16.813,41.080,41.080,CCW
30,09,2022,11,21,44,201.405,326.079,326.079,16.813,40.793,40.793,CCW
30,09,2022,11,21,44,201.405,325.304,325.304,16.813,40.507,40.507,CCW
30,09,2022,11,21,44,201.405,324.515,324.515,16.813,40.219,40.219,CCW
30,09,2022,11,21,45,201.405,323.744,323.744,16.813,39.933,39.933,CCW
30,09,2022,11,21,45,201.405,323.003,323.003,16.813,39.646,39.646,CCW
30,09,2022,11,21,45,201.405,322.251,322.251,16.813,39.355,39.355,CCW
30,09,2022,11,21,45,201.405,321.499,321.499,16.813,39.068,39.068,CCW
30,09,2022,11,21,46,201.405,320.733,320.733,16.813,38.780,38.780,CCW
30,09,2022,11,21,46,201.348,319.972,319.972,16.814,38.488,38.488,CCW
30,09,2022,11,21,46,201.348,319.198,319.198,16.814,38.195,38.195,CCW
30,09,2022,11,21,46,201.348,318.422,318.422,16.814,37.902,37.902,CCW
30,09,2022,11,21,47,201.348,317.653,317.653,16.814,37.612,37.612,CCW
30,09,2022,11,21,47,201.348,316.893,316.893,16.814,37.321,37.321,CCW
30,09,2022,11,21,47,201.348,316.136,316.136,16.814,37.032,37.032,CCW
30,09,2022,11,21,47,201.348,315.394,315.394,16.814,36.740,36.740,CCW
30,09,2022,11,21,48,201.348,314.662,314.662,16.814,36.445,36.445,CCW
30,09,2022,11,21,48,201.348,313.914,313.914,16.814,36.152,36.152,CCW
30,09,2022,11,21,48,201.348,313.141,313.141,16.814,35.859,35.859,CCW
30,09,2022,11,21,48,201.348,312.365,312.365,16.814,35.563,35.563,CCW
30,09,2022,11,21,49,201.348,311.598,311.598,16.814,35.268,35.268,CCW
30,09,2022,11,21,49,201.348,310.833,310.833,16.814,34.969,34.969,CCW
30,09,2022,11,21,49,201.348,310.057,310.057,16.814,34.666,34.666,CCW
30,09,2022,11,21,49,201.348,309.315,309.315,16.814,34.365,34.365,CCW
30,09,2022,11,21,50,201.348,308.565,308.565,16.814,34.068,34.068,CCW
30,09,2022,11,21,50,201.348,307.801,307.801,16.814,33.772,33.772,CCW
30,09,2022,11,21,50,201.348,307.045,307.045,16.814,33.469,33.469,CCW
30,09,2022,11,21,50,201.348,306.280,306.280,16.814,33.169,33.169,CCW
30,09,2022,11,21,51,201.348,304.716,304.716,16.814,32.567,32.567,CCW
30,09,2022,11,21,51,201.348,303.970,303.970,16.814,32.269,32.269,CCW
30,09,2022,11,21,51,201.348,303.196,303.196,16.814,31.970,31.970,CCW
30,09,2022,11,21,52,201.348,302.431,302.431,16.814,31.672,31.672,CCW
30,09,2022,11,21,52,201.348,301.686,301.686,16.814,31.371,31.371,CCW
30,09,2022,11,21,52,201.348,300.949,300.949,16.814,31.065,31.065,CCW
30,09,2022,11,21,52,201.348,300.180,300.180,16.814,30.758,30.758,CCW
30,09,2022,11,21,53,201.348,299.408,299.408,16.814,30.452,30.452,CCW
30,09,2022,11,21,53,201.348,298.643,298.643,16.814,30.148,30.148,CCW
30,09,2022,11,21,53,201.348,297.862,297.862,16.814,29.843,29.843,CCW
30,09,2022,11,21,54,201.348,297.083,297.083,16.814,29.542,29.542,CCW
30,09,2022,11,21,54,201.348,296.336,296.336,16.814,29.241,29.241,CCW
30,09,2022,11,21,54,201.348,295.595,295.595,16.814,28.941,28.941,CCW
30,09,2022,11,21,54,201.348,294.831,294.831,16.814,28.640,28.640,CCW
30,09,2022,11,21,54,201.348,294.076,294.076,16.814,28.332,28.332,CCW
30,09,2022,11,21,55,201.348,293.329,293.329,16.814,28.021,28.021,CCW
30,09,2022,11,21,55,201.348,292.565,292.565,16.814,27.705,27.705,CCW
30,09,2022,11,21,55,201.348,291.775,291.775,16.814,27.383,27.383,CCW
30,09,2022,11,21,56,201.348,290.995,290.995,16.814,27.062,27.062,CCW
30,09,2022,11,21,56,201.348,290.250,290.250,16.814,26.739,26.739,CCW
30,09,2022,11,21,56,201.290,289.494,289.494,16.815,26.417,26.417,CCW
30,09,2022,11,21,56,201.290,288.740,288.740,16.815,26.099,26.099,CCW
30,09,2022,11,21,57,201.290,287.987,287.987,16.815,25.778,25.778,CCW
30,09,2022,11,21,57,201.290,287.239,287.239,16.815,25.455,25.455,CCW
30,09,2022,11,21,57,201.290,286.470,286.470,16.815,25.127,25.127,CCW
30,09,2022,11,21,57,201.290,285.699,285.699,16.815,24.801,24.801,CCW
30,09,2022,11,21,58,201.290,284.927,284.927,16.815,24.473,24.473,CCW
30,09,2022,11,21,58,201.290,284.141,284.141,16.815,24.146,24.146,CCW
30,09,2022,11,21,58,201.290,283.385,283.385,16.815,23.824,23.824,CCW
30,09,2022,11,21,58,201.290,282.630,282.630,16.815,23.508,23.508,CCW
30,09,2022,11,21,59,201.290,281.895,281.895,16.815,23.225,23.225,CCW
30,09,2022,11,21,59,201.290,281.141,281.141,16.815,22.956,22.956,CCW
30,09,2022,11,21,59,201.290,280.377,280.377,16.815,22.684,22.684,CCW
30,09,2022,11,21,59,201.290,279.606,279.606,16.815,22.446,22.446,CCW
30,09,2022,11,22,00,201.290,278.837,278.837,16.815,22.226,22.226,CCW
30,09,2022,11,22,00,201.290,278.053,278.053,16.815,22.010,22.010,CCW
30,09,2022,11,22,00,201.290,277.281,277.281,16.815,21.794,21.794,CCW
30,09,2022,11,22,00,201.290,276.548,276.548,16.815,21.613,21.613,CCW
30,09,2022,11,22,01,201.290,275.032,275.032,16.815,21.280,21.280,CCW
30,09,2022,11,22,01,201.290,274.268,274.268,16.815,21.110,21.110,CCW
30,09,2022,11,22,01,201.290,273.513,273.513,16.815,20.941,20.941,CCW
30,09,2022,11,22,02,201.290,272.733,272.733,16.815,20.771,20.771,CCW
30,09,2022,11,22,02,201.290,271.961,271.961,16.815,20.640,20.640,CCW
30,09,2022,11,22,02,201.290,271.195,271.195,16.815,20.528,20.528,CCW
30,09,2022,11,22,02,201.290,270.432,270.432,16.815,20.416,20.416,CCW
30,09,2022,11,22,03,201.290,269.664,269.664,16.815,20.305,20.305,CCW
30,09,2022,11,22,03,201.290,268.917,268.917,16.815,20.194,20.194,CCW
30,09,2022,11,22,03,201.290,268.187,268.187,16.815,20.083,20.083,CCW
30,09,2022,11,22,03,201.290,267.437,267.437,16.815,19.973,19.973,CCW
30,09,2022,11,22,04,201.290,266.675,266.675,16.815,19.862,19.862,CCW
30,09,2022,11,22,04,201.290,265.901,265.901,16.815,19.752,19.752,CCW
30,09,2022,11,22,04,201.290,265.126,265.126,16.815,19.685,19.685,CCW
30,09,2022,11,22,05,201.290,263.648,263.648,16.815,19.604,19.604,CCW
30,09,2022,11,22,05,201.290,262.913,262.913,16.815,19.564,19.564,CCW
30,09,2022,11,22,05,201.290,261.377,261.377,16.815,19.484,19.484,CCW
30,09,2022,11,22,06,201.290,260.624,260.624,16.815,19.443,19.443,CCW
30,09,2022,11,22,06,201.232,259.082,259.082,16.816,19.363,19.363,CCW
30,09,2022,11,22,07,201.232,257.569,257.569,16.816,19.283,19.283,CCW
30,09,2022,11,22,07,201.232,256.806,256.806,16.816,19.243,19.243,CCW
30,09,2022,11,22,07,201.232,256.054,256.054,16.816,19.202,19.202,CCW
30,09,2022,11,22,07,201.232,255.305,255.305,16.816,19.163,19.163,CCW
30,09,2022,11,22,08,201.232,254.557,254.557,16.816,19.124,19.124,CCW
30,09,2022,11,22,08,201.232,253.800,253.800,16.816,19.084,19.084,CCW
30,09,2022,11,22,08,201.232,253.038,253.038,16.816,19.044,19.044,CCW
30,09,2022,11,22,09,201.232,251.479,251.479,16.816,18.964,18.964,CCW
30,09,2022,11,22,09,201.232,250.675,250.675,16.816,18.924,18.924,CCW
30,09,2022,11,22,10,201.232,249.154,249.154,16.816,18.843,18.843,CCW
30,09,2022,11,22,10,201.232,248.411,248.411,16.816,18.803,18.803,CCW
30,09,2022,11,22,10,201.232,247.645,247.645,16.816,18.776,18.776,CCW
30,09,2022,11,22,10,201.232,246.890,246.890,16.816,18.755,18.755,CCW
30,09,2022,11,22,11,201.232,245.355,245.355,16.816,18.715,18.715,CCW
30,09,2022,11,22,11,201.232,243.824,243.824,16.816,18.675,18.675,CCW
30,09,2022,11,22,12,201.232,243.060,243.060,16.816,18.654,18.654,CCW
30,09,2022,11,22,12,201.232,242.302,242.302,16.816,18.634,18.634,CCW
30,09,2022,11,22,12,201.232,241.567,241.567,16.816,18.614,18.614,CCW
30,09,2022,11,22,12,201.232,240.821,240.821,16.816,18.593,18.593,CCW
30,09,2022,11,22,13,201.232,240.051,240.051,16.816,18.573,18.573,CCW
30,09,2022,11,22,13,201.232,239.289,239.289,16.816,18.554,18.554,CCW
30,09,2022,11,22,13,201.232,238.532,238.532,16.816,18.533,18.533,CCW
30,09,2022,11,22,13,201.232,237.746,237.746,16.816,18.513,18.513,CCW
30,09,2022,11,22,14,201.232,236.956,236.956,16.816,18.492,18.492,CCW
30,09,2022,11,22,14,201.232,236.197,236.197,16.816,18.472,18.472,CCW
30,09,2022,11,22,14,201.232,235.466,235.466,16.816,18.451,18.451,CCW
30,09,2022,11,22,15,201.232,234.706,234.706,16.816,18.432,18.432,CCW
30,09,2022,11,22,15,201.232,233.948,233.948,16.816,18.411,18.411,CCW
30,09,2022,11,22,15,201.232,233.198,233.198,16.816,18.390,18.390,CCW
30,09,2022,11,22,15,201.232,232.425,232.425,16.816,18.370,18.370,CCW
30,09,2022,11,22,16,201.232,231.643,231.643,16.816,18.349,18.349,CCW
30,09,2022,11,22,16,201.232,230.872,230.872,16.816,18.329,18.329,CCW
30,09,2022,11,22,16,201.175,230.127,230.127,16.818,18.309,18.309,CCW
30,09,2022,11,22,16,201.175,229.361,229.361,16.818,18.289,18.289,CCW
30,09,2022,11,22,16,201.175,228.612,228.612,16.818,18.268,18.268,CCW
30,09,2022,11,22,17,201.175,227.866,227.866,16.818,18.248,18.248,CCW
30,09,2022,11,22,17,201.175,227.123,227.123,16.818,18.226,18.226,CCW
30,09,2022,11,22,17,201.175,226.340,226.340,16.818,18.206,18.206,CCW
30,09,2022,11,22,18,201.175,225.560,225.560,16.818,18.185,18.185,CCW
30,09,2022,11,22,18,201.175,224.803,224.803,16.818,18.164,18.164,CCW
30,09,2022,11,22,18,201.175,224.035,224.035,16.818,18.144,18.144,CCW
30,09,2022,11,22,18,201.175,223.269,223.269,16.818,18.124,18.124,CCW
30,09,2022,11,22,19,201.175,222.514,222.514,16.818,18.103,18.103,CCW
30,09,2022,11,22,19,201.175,221.778,221.778,16.818,18.083,18.083,CCW
30,09,2022,11,22,19,201.175,221.032,221.032,16.818,18.062,18.062,CCW
30,09,2022,11,22,19,201.175,220.273,220.273,16.818,18.041,18.041,CCW
30,09,2022,11,22,20,201.175,219.507,219.507,16.818,18.019,18.019,CCW
30,09,2022,11,22,20,201.175,218.714,218.714,16.818,17.996,17.996,CCW
30,09,2022,11,22,20,201.175,217.935,217.935,16.818,17.974,17.974,CCW
30,09,2022,11,22,20,201.175,217.178,217.178,16.818,17.953,17.953,CCW
30,09,2022,11,22,21,201.175,216.435,216.435,16.818,17.933,17.933,CCW
30,09,2022,11,22,21,201.175,215.666,215.666,16.818,17.913,17.913,CCW
30,09,2022,11,22,21,201.175,214.912,214.912,16.818,17.892,17.892,CCW
30,09,2022,11,22,21,201.175,214.160,214.160,16.818,17.871,17.871,CCW
30,09,2022,11,22,22,201.175,213.394,213.394,16.818,17.851,17.851,CCW
30,09,2022,11,22,22,201.175,212.619,212.619,16.818,17.830,17.830,CCW
30,09,2022,11,22,22,201.175,211.833,211.833,16.818,17.809,17.809,CCW
30,09,2022,11,22,22,201.175,211.104,211.104,16.818,17.792,17.792,CCW
30,09,2022,11,22,23,201.175,210.354,210.354,16.818,17.780,17.780,CCW
30,09,2022,11,22,23,201.175,209.579,209.579,16.818,17.768,17.768,CCW
30,09,2022,11,22,23,201.175,208.809,208.809,16.818,17.756,17.756,CCW
30,09,2022,11,22,24,201.175,208.045,208.045,16.818,17.744,17.744,CCW
30,09,2022,11,22,24,201.175,207.324,207.324,16.818,17.732,17.732,CCW
30,09,2022,11,22,24,201.175,206.711,206.711,16.818,17.720,17.720,CCW
30,09,2022,11,22,24,201.175,206.197,206.197,16.818,17.707,17.707,CCW
30,09,2022,11,22,24,201.175,205.699,205.699,16.818,17.695,17.695,CCW
30,09,2022,11,22,25,201.175,205.216,205.216,16.818,17.682,17.682,CCW
30,09,2022,11,22,25,201.175,204.847,204.847,16.818,17.669,17.669,CCW
30,09,2022,11,22,25,201.175,204.531,204.531,16.818,17.657,17.657,CCW
30,09,2022,11,22,26,201.175,204.312,204.312,16.818,17.644,17.644,CCW
30,09,2022,11,22,26,201.175,204.057,204.057,16.818,17.630,17.630,CCW
30,09,2022,11,22,26,201.117,203.842,203.842,16.819,17.618,17.618,CCW
30,09,2022,11,22,26,201.117,203.674,203.674,16.819,17.606,17.606,CCW
30,09,2022,11,22,27,201.117,203.493,203.493,16.819,17.594,17.594,CCW
30,09,2022,11,22,27,201.117,203.317,203.317,16.819,17.582,17.582,CCW
30,09,2022,11,22,27,201.117,202.961,202.961,16.819,17.558,17.558,CCW
30,09,2022,11,22,28,201.117,202.798,202.798,16.819,17.545,17.545,CCW
30,09,2022,11,22,28,201.117,202.496,202.496,16.819,17.520,17.520,CCW
30,09,2022,11,22,28,201.117,202.348,202.348,16.819,17.508,17.508,CCW
30,09,2022,11,22,29,201.117,202.198,202.198,16.819,17.496,17.496,CCW
30,09,2022,11,22,29,201.117,202.046,202.046,16.819,17.486,17.486,CCW
30,09,2022,11,22,29,201.117,201.922,201.922,16.819,17.475,17.475,CCW
30,09,2022,11,22,30,201.117,201.786,201.786,16.819,17.449,17.449,CCW
30,09,2022,11,22,30,201.117,201.637,201.637,16.819,17.426,17.426,CCW
30,09,2022,11,22,31,201.117,201.500,201.500,16.819,17.402,17.402,CCW
30,09,2022,11,22,31,201.117,201.390,201.390,16.819,17.377,17.377,CCW
30,09,2022,11,22,32,201.117,201.248,201.248,16.819,17.340,17.340,CCW
30,09,2022,11,22,33,201.117,201.140,201.140,16.819,17.302,17.302,CCW
30,09,2022,11,22,39,201.059,201.059,201.059,16.820,17.196,17.196,CCW
30,09,2022,11,22,46,201.002,201.059,201.059,16.821,17.092,17.092,CCW
30,09,2022,11,22,52,201.002,201.006,201.006,16.821,16.989,16.989,CCW
30,09,2022,11,22,59,200.944,200.942,200.942,16.823,16.887,16.887,CCW
30,09,2022,11,23,00,200.944,200.941,200.942,16.823,16.871,16.871,CCW
30,09,2022,11,23,17,200.829,200.836,200.836,16.825,16.820,16.820,CCW
30,09,2022,11,23,36,200.714,200.749,200.750,16.828,16.819,16.819,CCW
30,09,2022,11,23,47,200.656,200.635,200.635,16.829,16.818,16.818,CCW
30,09,2022,11,23,54,200.656,200.623,200.624,16.829,16.818,16.818,CCW
30,09,2022,11,23,55,200.656,200.623,200.624,16.829,16.818,16.818,CCW
30,09,2022,11,24,17,200.483,200.512,200.512,16.833,16.822,16.822,CCW
30,09,2022,11,24,36,200.368,200.407,200.406,16.835,16.824,16.824,CCW
30,09,2022,11,24,57,200.253,200.296,200.296,16.838,16.828,16.828,CCW
30,09,2022,11,25,17,200.138,200.182,200.182,16.840,16.829,16.829,CCW
30,09,2022,11,25,27,200.080,200.080,200.080,16.841,16.834,16.834,CCW
30,09,2022,11,25,36,200.022,200.061,200.062,16.843,16.834,16.834,CCW
30,09,2022,11,25,56,199.907,199.949,199.949,16.845,16.834,16.834,CCW
30,09,2022,11,26,16,199.792,199.834,199.834,16.848,16.840,16.840,CCW
30,09,2022,11,26,17,199.792,199.809,199.810,16.848,16.839,16.839,CCW
30,09,2022,11,26,37,199.677,199.697,199.697,16.850,16.840,16.840,CCW
30,09,2022,11,26,57,199.562,199.585,199.585,16.853,16.846,16.846,CCW
30,09,2022,11,27,17,199.446,199.471,199.471,16.855,16.847,16.847,CCW
30,09,2022,11,27,31,199.389,199.382,199.383,16.856,16.847,16.847,CCW
30,09,2022,11,27,48,199.273,199.273,199.273,16.859,16.850,16.850,CCW
30,09,2022,11,27,49,199.273,199.262,199.263,16.859,16.851,16.851,CCW
30,09,2022,11,27,49,199.273,199.262,199.263,16.859,16.851,16.851,CCW
30,09,2022,11,27,51,199.273,199.259,199.260,16.859,16.852,16.852,CCW
30,09,2022,11,28,10,199.158,199.157,199.157,16.861,16.852,16.852,CCW
30,09,2022,11,28,27,199.043,199.053,199.053,16.864,16.853,16.853,CCW
30,09,2022,11,28,40,198.985,198.981,198.982,16.865,16.860,16.860,CCW
30,09,2022,11,28,57,198.870,198.876,198.876,16.868,16.862,16.862,CCW
30,09,2022,11,29,17,198.755,198.770,198.770,16.870,16.862,16.862,CCW
30,09,2022,11,29,37,198.640,198.662,198.661,16.873,16.863,16.863,CCW
30,09,2022,11,29,57,198.525,198.543,198.543,16.875,16.866,16.866,CCW
30,09,2022,11,30,02,198.525,198.520,198.521,16.875,16.871,16.871,CCW
30,09,2022,11,30,02,198.525,198.520,198.521,16.875,16.871,16.871,CCW
30,09,2022,11,30,17,198.409,198.413,198.413,16.877,16.872,16.872,CCW
30,09,2022,11,30,37,198.294,198.312,198.312,16.880,16.873,16.873,CCW
30,09,2022,11,30,39,198.294,198.288,198.289,16.880,16.873,16.873,CCW
30,09,2022,11,30,50,198.236,198.235,198.234,16.881,16.873,16.873,CCW
30,09,2022,11,30,51,198.236,198.235,198.234,16.881,16.873,16.873,CCW
30,09,2022,11,30,51,198.236,198.235,198.234,16.881,16.873,16.873,CCW
30,09,2022,11,30,51,198.236,198.235,198.234,16.881,16.873,16.873,CCW
30,09,2022,11,31,07,198.121,198.134,198.134,16.884,16.873,16.873,CCW
30,09,2022,11,31,07,198.121,198.124,198.125,16.884,16.873,16.873,CCW
30,09,2022,11,31,19,198.064,198.066,198.065,16.885,16.874,16.874,CCW
30,09,2022,11,31,19,198.064,198.066,198.065,16.885,16.873,16.873,CCW
30,09,2022,11,31,19,198.064,198.066,198.065,16.885,16.873,16.873,CCW
30,09,2022,11,31,19,198.064,198.066,198.065,16.885,16.874,16.874,CCW
30,09,2022,11,31,20,198.064,198.066,198.065,16.885,16.874,16.874,CCW
30,09,2022,11,31,20,198.064,198.066,198.065,16.885,16.874,16.874,CCW
30,09,2022,11,31,37,197.948,197.964,197.964,16.887,16.883,16.883,CCW
30,09,2022,11,31,57,197.833,197.856,197.856,16.890,16.884,16.884,CCW
30,09,2022,11,32,17,197.718,197.753,197.753,16.892,16.884,16.884,CCW
30,09,2022,11,32,26,197.718,197.668,197.667,16.892,16.884,16.884,CCW
30,09,2022,11,32,46,197.603,197.602,197.601,16.895,16.885,16.885,CCW
30,09,2022,11,32,50,197.545,197.494,197.494,16.896,16.889,16.889,CCW
30,09,2022,11,33,17,197.372,197.385,197.385,16.900,16.891,16.891,CCW
30,09,2022,11,33,29,197.315,197.314,197.315,16.901,16.891,16.891,CCW
30,09,2022,11,33,29,197.315,197.314,197.315,16.901,16.891,16.891,CCW
30,09,2022,11,33,47,197.199,197.212,197.212,16.904,16.897,16.897,CCW
30,09,2022,11,34,07,197.084,197.111,197.111,16.906,16.898,16.898,CCW
30,09,2022,11,34,26,196.969,197.010,197.010,16.909,16.898,16.898,CCW
30,09,2022,11,34,42,196.911,196.902,196.902,16.910,16.903,16.903,CCW
30,09,2022,11,34,46,196.854,196.887,196.888,16.911,16.903,16.903,CCW
30,09,2022,11,34,47,196.854,196.887,196.888,16.911,16.903,16.903,CCW
30,09,2022,11,35,07,196.739,196.783,196.783,16.914,16.904,16.904,CCW
30,09,2022,11,35,17,196.681,196.681,196.682,16.915,16.905,16.905,CCW
30,09,2022,11,35,27,196.623,196.644,196.645,16.916,16.906,16.906,CCW
30,09,2022,11,35,47,196.508,196.533,196.533,16.919,16.911,16.911,CCW
30,09,2022,11,36,07,196.393,196.422,196.422,16.921,16.912,16.912,CCW
30,09,2022,11,36,27,196.278,196.314,196.314,16.924,16.912,16.912,CCW
30,09,2022,11,36,47,196.162,196.206,196.206,16.926,16.918,16.918,CCW
30,09,2022,11,36,58,196.105,196.110,196.109,16.927,16.918,16.918,CCW
30,09,2022,11,37,17,195.990,196.003,196.003,16.930,16.919,16.919,CCW
30,09,2022,11,37,27,195.932,195.946,195.945,16.931,16.922,16.922,CCW
30,09,2022,11,37,27,195.932,195.946,195.945,16.931,16.922,16.922,CCW
30,09,2022,11,37,47,195.817,195.837,195.837,16.934,16.930,16.930,CCW
30,09,2022,11,37,53,195.817,195.814,195.813,16.934,16.930,16.930,CCW
30,09,2022,11,38,07,195.702,195.709,195.709,16.936,16.931,16.931,CCW
30,09,2022,11,38,08,195.702,195.706,195.705,16.936,16.931,16.931,CCW
30,09,2022,11,38,27,195.586,195.604,195.604,16.939,16.931,16.931,CCW
30,09,2022,11,38,37,195.529,195.572,195.573,16.940,16.931,16.931,CCW
30,09,2022,11,38,48,195.471,195.470,195.470,16.941,16.931,16.931,CCW
30,09,2022,11,39,07,195.356,195.365,195.365,16.944,16.936,16.936,CCW
30,09,2022,11,39,27,195.241,195.260,195.260,16.946,16.937,16.937,CCW
30,09,2022,11,39,27,195.241,195.122,195.122,16.946,16.937,16.937,CCW
30,09,2022,11,39,37,195.183,195.167,195.166,16.947,16.937,16.937,CCW
30,09,2022,11,39,49,195.125,195.030,195.030,16.949,16.937,16.937,CCW
30,09,2022,11,40,28,194.895,194.922,194.922,16.954,16.949,16.949,CCW
30,09,2022,11,40,44,194.837,194.805,194.805,16.955,16.949,16.949,CCW
30,09,2022,11,41,00,194.722,194.718,194.719,16.957,16.949,16.949,CCW
30,09,2022,11,41,00,194.722,194.718,194.719,16.957,16.949,16.949,CCW
30,09,2022,11,41,01,194.722,194.718,194.719,16.957,16.950,16.950,CCW
30,09,2022,11,41,01,194.722,194.718,194.719,16.957,16.949,16.949,CCW
30,09,2022,11,41,01,194.722,194.718,194.719,16.957,16.949,16.949,CCW
30,09,2022,11,41,02,194.722,194.718,194.719,16.957,16.950,16.950,CCW
30,09,2022,11,41,02,194.722,194.718,194.719,16.957,16.950,16.950,CCW
30,09,2022,11,41,03,194.722,194.718,194.719,16.957,16.950,16.950,CCW
30,09,2022,11,41,03,194.722,194.718,194.719,16.957,16.950,16.950,CCW
30,09,2022,11,41,04,194.722,194.718,194.719,16.957,16.950,16.950,CCW
30,09,2022,11,41,04,194.722,194.718,194.719,16.957,16.950,16.950,CCW
30,09,2022,11,41,04,194.722,194.718,194.719,16.957,16.950,16.950,CCW
30,09,2022,11,41,04,194.722,194.718,194.719,16.957,16.950,16.950,CCW
30,09,2022,11,41,05,194.722,194.718,194.719,16.957,16.950,16.950,CCW
30,09,2022,11,41,05,194.722,194.718,194.719,16.957,16.950,16.950,CCW
30,09,2022,11,41,05,194.722,194.718,194.719,16.957,16.950,16.950,CCW
30,09,2022,11,41,05,194.722,194.718,194.719,16.957,16.950,16.950,CCW
30,09,2022,11,41,17,194.607,194.614,194.614,16.960,16.950,16.950,CCW
30,09,2022,11,41,37,194.492,194.512,194.512,16.962,16.956,16.956,CCW
30,09,2022,11,41,57,194.377,194.402,194.402,16.965,16.957,16.957,CCW
30,09,2022,11,42,01,194.377,194.297,194.297,16.965,16.957,16.957,CCW
30,09,2022,11,42,08,194.319,194.343,194.344,16.966,16.957,16.957,CCW
30,09,2022,11,42,19,194.261,194.257,194.258,16.967,16.957,16.957,CCW
30,09,2022,11,42,38,194.146,194.150,194.150,16.970,16.963,16.963,CCW
30,09,2022,11,42,40,194.146,194.147,194.146,16.970,16.963,16.963,CCW
30,09,2022,11,42,40,194.146,194.147,194.146,16.970,16.963,16.963,CCW
30,09,2022,11,42,41,194.146,194.147,194.146,16.970,16.963,16.963,CCW
30,09,2022,11,42,41,194.146,194.147,194.146,16.970,16.963,16.963,CCW
30,09,2022,11,42,41,194.146,194.147,194.146,16.970,16.963,16.963,CCW
30,09,2022,11,42,43,194.146,194.147,194.146,16.970,16.964,16.964,CCW
30,09,2022,11,42,57,194.031,194.036,194.036,16.972,16.964,16.964,CCW
30,09,2022,11,43,17,193.916,193.927,193.927,16.975,16.965,16.965,CCW
30,09,2022,11,43,37,193.800,193.821,193.821,16.977,16.972,16.972,CCW
30,09,2022,11,43,54,193.743,193.744,193.745,16.979,16.973,16.973,CCW
30,09,2022,11,43,54,193.743,193.744,193.745,16.979,16.973,16.973,CCW
30,09,2022,11,43,55,193.743,193.744,193.745,16.979,16.973,16.973,CCW
30,09,2022,11,43,55,193.743,193.744,193.745,16.979,16.973,16.973,CCW
30,09,2022,11,43,56,193.685,193.744,193.745,16.980,16.973,16.973,CCW
30,09,2022,11,44,06,193.685,193.617,193.617,16.980,16.973,16.973,CCW
30,09,2022,11,44,10,193.628,193.626,193.625,16.981,16.973,16.973,CCW
30,09,2022,11,44,27,193.512,193.522,193.522,16.984,16.974,16.974,CCW
30,09,2022,11,44,36,193.455,193.409,193.409,16.985,16.974,16.974,CCW
30,09,2022,11,44,48,193.397,193.454,193.453,16.986,16.981,16.981,CCW
30,09,2022,11,44,51,193.397,193.348,193.348,16.986,16.983,16.983,CCW
30,09,2022,11,45,14,193.282,193.279,193.278,16.989,16.985,16.985,CCW
30,09,2022,11,45,15,193.282,193.279,193.278,16.989,16.985,16.985,CCW
30,09,2022,11,45,21,193.224,193.152,193.152,16.990,16.985,16.985,CCW
30,09,2022,11,45,49,193.051,193.051,193.051,16.994,16.986,16.986,CCW
30,09,2022,11,46,07,192.936,192.973,192.974,16.996,16.986,16.986,CCW
30,09,2022,11,46,26,192.821,192.857,192.857,16.999,16.987,16.987,CCW
30,09,2022,11,46,27,192.821,192.842,192.843,16.999,16.988,16.988,CCW
30,09,2022,11,46,29,192.821,192.818,192.817,16.999,16.992,16.992,CCW
30,09,2022,11,46,35,192.821,192.818,192.817,16.999,16.994,16.994,CCW
30,09,2022,11,46,35,192.821,192.818,192.817,16.999,16.994,16.994,CCW
30,09,2022,11,46,37,192.763,192.769,192.768,17.000,16.994,16.994,CCW
30,09,2022,11,46,57,192.648,192.660,192.660,17.002,16.995,16.995,CCW
30,09,2022,11,47,17,192.533,192.558,192.558,17.005,16.996,16.996,CCW
30,09,2022,11,47,37,192.418,192.443,192.443,17.007,16.997,16.997,CCW
30,09,2022,11,47,51,192.360,192.358,192.359,17.009,17.002,17.002,CCW
30,09,2022,11,47,51,192.360,192.358,192.359,17.009,17.002,17.002,CCW
30,09,2022,11,47,55,192.360,192.358,192.359,17.009,17.003,17.003,CCW
30,09,2022,11,47,55,192.360,192.358,192.359,17.009,17.003,17.003,CCW
30,09,2022,11,48,08,192.245,192.246,192.246,17.011,17.004,17.004,CCW
30,09,2022,11,48,27,192.130,192.145,192.145,17.014,17.004,17.004,CCW
30,09,2022,11,48,47,192.014,192.036,192.036,17.016,17.005,17.005,CCW
30,09,2022,11,48,48,192.014,192.014,192.015,17.016,17.012,17.012,CCW
30,09,2022,11,48,48,192.014,192.014,192.015,17.016,17.012,17.012,CCW
30,09,2022,11,48,49,192.014,192.014,192.015,17.016,17.013,17.013,CCW
30,09,2022,11,48,58,191.957,191.957,191.958,17.017,17.016,17.016,CCW
30,09,2022,11,48,59,191.957,191.957,191.958,17.017,17.016,17.016,CCW
30,09,2022,11,49,08,191.899,191.846,191.846,17.019,17.016,17.016,CCW
30,09,2022,11,49,38,191.726,191.745,191.745,17.022,17.018,17.018,CCW
30,09,2022,11,49,57,191.611,191.638,191.638,17.025,17.018,17.018,CCW
30,09,2022,11,49,58,191.611,191.615,191.614,17.025,17.018,17.018,CCW
30,09,2022,11,49,58,191.611,191.615,191.614,17.025,17.018,17.018,CCW
30,09,2022,11,49,59,191.611,191.615,191.614,17.025,17.018,17.018,CCW
30,09,2022,11,50,17,191.496,191.510,191.510,17.027,17.018,17.018,CCW
30,09,2022,11,50,37,191.381,191.404,191.404,17.030,17.019,17.019,CCW
30,09,2022,11,50,57,191.265,191.298,191.298,17.032,17.024,17.024,CCW
30,09,2022,11,51,13,191.208,191.192,191.192,17.034,17.025,17.025,CCW
30,09,2022,11,51,14,191.208,191.083,191.083,17.034,17.025,17.025,CCW
30,09,2022,11,51,41,191.035,190.964,190.964,17.037,17.032,17.032,CCW
30,09,2022,11,51,48,190.977,190.985,190.984,17.039,17.033,17.033,CCW
30,09,2022,11,51,52,190.977,190.959,190.958,17.039,17.033,17.033,CCW
30,09,2022,11,52,17,190.805,190.847,190.847,17.042,17.034,17.034,CCW
30,09,2022,11,52,24,190.805,190.735,190.735,17.042,17.034,17.034,CCW
30,09,2022,11,52,42,190.689,190.689,190.688,17.045,17.034,17.034,CCW
30,09,2022,11,52,43,190.689,190.689,190.688,17.045,17.034,17.034,CCW
30,09,2022,11,52,43,190.689,190.689,190.688,17.045,17.034,17.034,CCW
30,09,2022,11,52,43,190.689,190.689,190.688,17.045,17.034,17.034,CCW
30,09,2022,11,52,44,190.689,190.689,190.688,17.045,17.034,17.034,CCW
30,09,2022,11,52,44,190.689,190.689,190.688,17.045,17.034,17.034,CCW
30,09,2022,11,52,44,190.689,190.689,190.688,17.045,17.034,17.034,CCW
30,09,2022,11,52,44,190.689,190.689,190.688,17.045,17.034,17.034,CCW
30,09,2022,11,52,44,190.689,190.689,190.688,17.045,17.034,17.034,CCW
30,09,2022,11,52,45,190.689,190.689,190.688,17.045,17.034,17.034,CCW
30,09,2022,11,52,45,190.689,190.689,190.688,17.045,17.034,17.034,CCW
30,09,2022,11,52,45,190.689,190.689,190.688,17.045,17.034,17.034,CCW
30,09,2022,11,52,46,190.689,190.689,190.688,17.045,17.034,17.034,CCW
30,09,2022,11,52,46,190.689,190.689,190.688,17.045,17.034,17.034,CCW
30,09,2022,11,52,46,190.632,190.689,190.688,17.046,17.034,17.034,CCW
30,09,2022,11,52,47,190.632,190.689,190.688,17.046,17.034,17.034,CCW
30,09,2022,11,52,57,190.574,190.587,190.587,17.047,17.041,17.041,CCW
30,09,2022,11,53,18,190.459,190.474,190.474,17.050,17.042,17.042,CCW
30,09,2022,11,53,37,190.344,190.365,190.365,17.052,17.042,17.042,CCW
30,09,2022,11,53,48,190.286,190.256,190.256,17.053,17.046,17.046,CCW
30,09,2022,11,54,07,190.171,190.212,190.213,17.056,17.049,17.049,CCW
30,09,2022,11,54,24,190.113,190.108,190.108,17.057,17.050,17.050,CCW
30,09,2022,11,54,38,189.998,190.004,190.004,17.060,17.050,17.050,CCW
30,09,2022,11,54,50,189.940,189.884,189.884,17.061,17.050,17.050,CCW
30,09,2022,11,55,18,189.768,189.781,189.781,17.065,17.060,17.060,CCW
30,09,2022,11,55,37,189.652,189.678,189.677,17.067,17.061,17.061,CCW
30,09,2022,11,55,49,189.595,189.595,189.594,17.068,17.061,17.061,CCW
30,09,2022,11,56,05,189.537,189.479,189.479,17.070,17.062,17.062,CCW
30,09,2022,11,56,27,189.364,189.378,189.378,17.073,17.065,17.065,CCW
30,09,2022,11,56,40,189.307,189.303,189.302,17.075,17.069,17.069,CCW
30,09,2022,11,56,40,189.307,189.303,189.302,17.075,17.069,17.069,CCW
30,09,2022,11,56,40,189.307,189.303,189.302,17.075,17.069,17.069,CCW
30,09,2022,11,56,58,189.191,189.199,189.199,17.077,17.069,17.069,CCW
30,09,2022,11,57,13,189.134,189.129,189.130,17.078,17.070,17.070,CCW
30,09,2022,11,57,28,189.019,189.023,189.023,17.081,17.070,17.070,CCW
30,09,2022,11,57,47,188.903,188.931,188.932,17.083,17.079,17.079,CCW
30,09,2022,11,58,07,188.788,188.817,188.817,17.086,17.080,17.080,CCW
30,09,2022,11,58,18,188.731,188.730,188.729,17.087,17.081,17.081,CCW
30,09,2022,11,58,27,188.673,188.614,188.614,17.088,17.081,17.081,CCW
30,09,2022,11,58,39,188.615,188.618,188.617,17.090,17.081,17.081,CCW
30,09,2022,11,58,40,188.615,188.618,188.617,17.090,17.081,17.081,CCW
30,09,2022,11,58,40,188.615,188.618,188.617,17.090,17.081,17.081,CCW
30,09,2022,11,58,40,188.615,188.618,188.617,17.090,17.081,17.081,CCW
30,09,2022,11,58,41,188.615,188.618,188.617,17.090,17.081,17.081,CCW
30,09,2022,11,58,42,188.615,188.618,188.617,17.090,17.081,17.081,CCW
30,09,2022,11,58,55,188.558,188.483,188.483,17.091,17.081,17.081,CCW
30,09,2022,11,59,27,188.327,188.368,188.368,17.096,17.088,17.088,CCW
30,09,2022,11,59,35,188.327,188.257,188.257,17.096,17.088,17.088,CCW
30,09,2022,11,59,48,188.212,188.249,188.250,17.098,17.088,17.088,CCW
30,09,2022,11,59,50,188.212,188.214,188.213,17.098,17.088,17.088,CCW
30,09,2022,11,59,50,188.212,188.214,188.213,17.098,17.088,17.088,CCW
30,09,2022,12,00,07,188.097,188.108,188.108,17.101,17.091,17.091,CCW
30,09,2022,12,00,27,187.982,187.999,187.999,17.103,17.099,17.099,CCW
30,09,2022,12,00,30,187.982,187.986,187.987,17.103,17.099,17.099,CCW
30,09,2022,12,00,30,187.982,187.986,187.987,17.103,17.099,17.099,CCW
30,09,2022,12,00,30,187.982,187.986,187.987,17.103,17.099,17.099,CCW
30,09,2022,12,00,31,187.982,187.986,187.987,17.103,17.099,17.099,CCW
30,09,2022,12,00,47,187.866,187.876,187.876,17.106,17.099,17.099,CCW
30,09,2022,12,00,53,187.866,187.863,187.864,17.106,17.099,17.099,CCW
30,09,2022,12,00,54,187.866,187.863,187.864,17.106,17.100,17.100,CCW
30,09,2022,12,00,54,187.866,187.863,187.864,17.106,17.100,17.100,CCW
30,09,2022,12,00,54,187.866,187.863,187.864,17.106,17.100,17.100,CCW
30,09,2022,12,00,54,187.866,187.863,187.864,17.106,17.100,17.100,CCW
30,09,2022,12,00,56,187.809,187.863,187.864,17.107,17.100,17.100,CCW
30,09,2022,12,01,07,187.751,187.758,187.758,17.108,17.100,17.100,CCW
30,09,2022,12,01,27,187.636,187.649,187.649,17.111,17.100,17.100,CCW
30,09,2022,12,01,43,187.578,187.508,187.508,17.112,17.109,17.109,CCW
30,09,2022,12,02,05,187.463,187.400,187.400,17.115,17.111,17.111,CCW
30,09,2022,12,02,28,187.290,187.299,187.299,17.118,17.112,17.112,CCW
30,09,2022,12,02,47,187.175,187.194,187.194,17.121,17.113,17.113,CCW
30,09,2022,12,02,59,187.117,187.086,187.086,17.122,17.113,17.113,CCW
30,09,2022,12,03,27,186.945,186.986,186.986,17.126,17.123,17.123,CCW
30,09,2022,12,03,31,186.945,186.891,186.890,17.126,17.123,17.123,CCW
30,09,2022,12,03,35,186.945,186.874,186.875,17.126,17.123,17.123,CCW
30,09,2022,12,03,39,186.887,186.874,186.875,17.127,17.124,17.124,CCW
30,09,2022,12,03,48,186.829,186.874,186.875,17.128,17.124,17.124,CCW
30,09,2022,12,03,49,186.829,186.874,186.875,17.128,17.124,17.124,CCW
30,09,2022,12,03,57,186.772,186.770,186.770,17.130,17.124,17.124,CCW
30,09,2022,12,04,18,186.657,186.665,186.665,17.132,17.125,17.125,CCW
30,09,2022,12,04,34,186.599,186.593,186.594,17.133,17.125,17.125,CCW
30,09,2022,12,04,34,186.599,186.593,186.594,17.133,17.125,17.125,CCW
30,09,2022,12,04,36,186.541,186.593,186.594,17.135,17.125,17.125,CCW
30,09,2022,12,04,36,186.541,186.593,186.594,17.135,17.125,17.125,CCW
30,09,2022,12,04,37,186.541,186.593,186.594,17.135,17.124,17.124,CCW
30,09,2022,12,04,37,186.541,186.593,186.594,17.135,17.125,17.125,CCW
30,09,2022,12,04,38,186.541,186.593,186.594,17.135,17.125,17.125,CCW
30,09,2022,12,04,38,186.541,186.593,186.594,17.135,17.125,17.125,CCW
30,09,2022,12,04,48,186.484,186.490,186.490,17.136,17.125,17.125,CCW
30,09,2022,12,05,07,186.369,186.392,186.391,17.138,17.134,17.134,CCW
30,09,2022,12,05,27,186.253,186.269,186.269,17.141,17.136,17.136,CCW
30,09,2022,12,05,47,186.138,186.147,186.147,17.143,17.136,17.136,CCW
30,09,2022,12,06,07,186.023,186.040,186.040,17.146,17.136,17.136,CCW
30,09,2022,12,06,27,185.908,185.930,185.930,17.148,17.138,17.138,CCW
30,09,2022,12,06,47,185.792,185.811,185.811,17.151,17.144,17.144,CCW
30,09,2022,12,07,07,185.677,185.701,185.701,17.153,17.145,17.145,CCW
30,09,2022,12,07,27,185.562,185.586,185.586,17.156,17.145,17.145,CCW
30,09,2022,12,07,28,185.562,185.564,185.563,17.156,17.145,17.145,CCW
30,09,2022,12,07,29,185.562,185.564,185.563,17.156,17.146,17.146,CCW
30,09,2022,12,07,29,185.562,185.564,185.563,17.156,17.145,17.145,CCW
30,09,2022,12,07,47,185.447,185.459,185.459,17.158,17.155,17.155,CCW
30,09,2022,12,07,57,185.389,185.404,185.403,17.160,17.156,17.156,CCW
30,09,2022,12,07,57,185.389,185.404,185.403,17.160,17.156,17.156,CCW
30,09,2022,12,08,12,185.332,185.329,185.328,17.161,17.156,17.156,CCW
30,09,2022,12,08,13,185.332,185.329,185.328,17.161,17.156,17.156,CCW
30,09,2022,12,08,14,185.332,185.329,185.328,17.161,17.156,17.156,CCW
30,09,2022,12,08,14,185.332,185.329,185.328,17.161,17.156,17.156,CCW
30,09,2022,12,08,14,185.332,185.329,185.328,17.161,17.156,17.156,CCW
30,09,2022,12,08,14,185.332,185.329,185.328,17.161,17.156,17.156,CCW
30,09,2022,12,08,15,185.332,185.329,185.328,17.161,17.156,17.156,CCW
30,09,2022,12,08,15,185.332,185.329,185.328,17.161,17.156,17.156,CCW
30,09,2022,12,08,16,185.274,185.329,185.328,17.162,17.156,17.156,CCW
30,09,2022,12,08,19,185.274,185.270,185.271,17.162,17.156,17.156,CCW
30,09,2022,12,08,19,185.274,185.270,185.271,17.162,17.156,17.156,CCW
30,09,2022,12,08,19,185.274,185.270,185.271,17.162,17.156,17.156,CCW
30,09,2022,12,08,37,185.159,185.166,185.166,17.165,17.157,17.157,CCW
30,09,2022,12,08,58,185.043,185.060,185.060,17.167,17.157,17.157,CCW
30,09,2022,12,09,00,185.043,184.958,184.958,17.167,17.157,17.157,CCW
30,09,2022,12,09,37,184.813,184.806,184.806,17.172,17.163,17.163,CCW
30,09,2022,12,09,58,184.698,184.700,184.700,17.175,17.164,17.164,CCW
30,09,2022,12,10,11,184.640,184.535,184.535,17.176,17.169,17.169,CCW
30,09,2022,12,10,47,184.410,184.426,184.426,17.181,17.171,17.171,CCW
30,09,2022,12,10,58,184.352,184.295,184.295,17.182,17.174,17.174,CCW
30,09,2022,12,11,27,184.179,184.192,184.192,17.186,17.178,17.178,CCW
30,09,2022,12,11,47,184.064,184.090,184.090,17.188,17.179,17.179,CCW
30,09,2022,12,12,07,183.949,183.988,183.988,17.191,17.179,17.179,CCW
30,09,2022,12,12,21,183.891,183.897,183.896,17.192,17.186,17.186,CCW
30,09,2022,12,12,21,183.891,183.897,183.896,17.192,17.186,17.186,CCW
30,09,2022,12,12,22,183.891,183.897,183.896,17.192,17.186,17.186,CCW
30,09,2022,12,12,37,183.776,183.792,183.792,17.195,17.187,17.187,CCW
30,09,2022,12,12,57,183.661,183.681,183.681,17.197,17.188,17.188,CCW
30,09,2022,12,13,17,183.546,183.590,183.589,17.200,17.188,17.188,CCW
30,09,2022,12,13,27,183.488,183.460,183.460,17.201,17.194,17.194,CCW
30,09,2022,12,13,44,183.430,183.359,183.359,17.202,17.195,17.195,CCW
30,09,2022,12,13,52,183.373,183.418,183.417,17.203,17.196,17.196,CCW
30,09,2022,12,13,57,183.315,183.374,183.375,17.204,17.196,17.196,CCW
30,09,2022,12,14,03,183.315,183.273,183.273,17.204,17.196,17.196,CCW
30,09,2022,12,14,18,183.200,183.233,183.234,17.207,17.196,17.196,CCW
30,09,2022,12,14,30,183.142,183.131,183.131,17.208,17.204,17.204,CCW
30,09,2022,12,14,37,183.085,183.113,183.114,17.209,17.206,17.206,CCW
30,09,2022,12,14,53,183.027,183.029,183.028,17.211,17.207,17.207,CCW
30,09,2022,12,15,07,182.912,182.913,182.913,17.213,17.208,17.208,CCW
30,09,2022,12,15,27,182.797,182.810,182.810,17.216,17.208,17.208,CCW
30,09,2022,12,15,30,182.797,182.795,182.796,17.216,17.208,17.208,CCW
30,09,2022,12,15,31,182.797,182.795,182.796,17.216,17.208,17.208,CCW
30,09,2022,12,15,31,182.797,182.795,182.796,17.216,17.208,17.208,CCW
30,09,2022,12,15,32,182.797,182.795,182.796,17.216,17.208,17.208,CCW
30,09,2022,12,15,44,182.739,182.741,182.742,17.217,17.208,17.208,CCW
30,09,2022,12,15,45,182.739,182.741,182.742,17.217,17.208,17.208,CCW
30,09,2022,12,15,45,182.739,182.741,182.742,17.217,17.208,17.208,CCW
30,09,2022,12,15,45,182.739,182.741,182.742,17.217,17.208,17.208,CCW
30,09,2022,12,15,46,182.739,182.741,182.742,17.217,17.208,17.208,CCW
30,09,2022,12,15,46,182.739,182.741,182.742,17.217,17.208,17.208,CCW
30,09,2022,12,15,46,182.681,182.741,182.742,17.218,17.208,17.208,CCW
30,09,2022,12,15,58,182.624,182.630,182.630,17.219,17.211,17.211,CCW
30,09,2022,12,16,10,182.566,182.519,182.519,17.221,17.214,17.214,CCW
30,09,2022,12,16,33,182.451,182.408,182.408,17.223,17.215,17.215,CCW
30,09,2022,12,16,35,182.451,182.307,182.307,17.223,17.215,17.215,CCW
30,09,2022,12,16,42,182.393,182.394,182.395,17.224,17.215,17.215,CCW
30,09,2022,12,16,43,182.393,182.394,182.395,17.224,17.215,17.215,CCW
30,09,2022,12,16,44,182.393,182.394,182.395,17.224,17.215,17.215,CCW
30,09,2022,12,16,51,182.336,182.290,182.290,17.226,17.215,17.215,CCW
30,09,2022,12,16,54,182.336,182.254,182.255,17.226,17.216,17.216,CCW
30,09,2022,12,17,19,182.163,182.151,182.151,17.229,17.226,17.226,CCW
30,09,2022,12,17,38,182.048,182.050,182.050,17.232,17.227,17.227,CCW
30,09,2022,12,17,49,181.990,181.993,181.994,17.233,17.227,17.227,CCW
30,09,2022,12,17,49,181.990,181.993,181.994,17.233,17.227,17.227,CCW
30,09,2022,12,17,50,181.990,181.993,181.994,17.233,17.227,17.227,CCW
30,09,2022,12,17,50,181.990,181.993,181.994,17.233,17.227,17.227,CCW
30,09,2022,12,17,50,181.990,181.993,181.994,17.233,17.227,17.227,CCW
30,09,2022,12,17,50,181.990,181.993,181.994,17.233,17.227,17.227,CCW
30,09,2022,12,17,59,181.932,181.894,181.893,17.234,17.228,17.228,CCW
30,09,2022,12,18,27,181.760,181.778,181.778,17.238,17.228,17.228,CCW
30,09,2022,12,18,47,181.644,181.672,181.672,17.241,17.234,17.234,CCW
30,09,2022,12,19,07,181.529,181.569,181.569,17.243,17.235,17.235,CCW
30,09,2022,12,19,22,181.472,181.460,181.460,17.244,17.236,17.236,CCW
30,09,2022,12,19,32,181.414,181.346,181.346,17.246,17.236,17.236,CCW
30,09,2022,12,19,57,181.241,181.233,181.233,17.249,17.246,17.246,CCW
30,09,2022,12,20,19,181.126,181.123,181.123,17.252,17.247,17.247,CCW
30,09,2022,12,20,20,181.126,181.108,181.109,17.252,17.247,17.247,CCW
30,09,2022,12,20,24,181.126,181.108,181.109,17.252,17.247,17.247,CCW
30,09,2022,12,20,47,180.953,180.990,180.990,17.256,17.248,17.248,CCW
30,09,2022,12,21,07,180.838,180.857,180.857,17.258,17.248,17.248,CCW
30,09,2022,12,21,24,180.780,180.793,180.794,17.259,17.254,17.254,CCW
30,09,2022,12,21,31,180.723,180.675,180.675,17.261,17.255,17.255,CCW
30,09,2022,12,21,35,180.723,180.688,180.687,17.261,17.255,17.255,CCW
30,09,2022,12,21,35,180.723,180.688,180.687,17.261,17.255,17.255,CCW
30,09,2022,12,21,36,180.665,180.688,180.687,17.262,17.255,17.255,CCW
30,09,2022,12,21,37,180.665,180.688,180.687,17.262,17.255,17.255,CCW
30,09,2022,12,21,37,180.665,180.688,180.687,17.262,17.255,17.255,CCW
30,09,2022,12,21,37,180.665,180.688,180.687,17.262,17.255,17.255,CCW
30,09,2022,12,21,51,180.607,180.605,180.604,17.263,17.256,17.256,CCW
30,09,2022,12,22,08,180.492,180.503,180.503,17.266,17.256,17.256,CCW
30,09,2022,12,22,27,180.377,180.399,180.399,17.268,17.257,17.257,CCW
30,09,2022,12,22,34,180.377,180.373,180.372,17.268,17.265,17.265,CCW
30,09,2022,12,22,34,180.377,180.373,180.372,17.268,17.265,17.265,CCW
30,09,2022,12,22,34,180.377,180.373,180.372,17.268,17.265,17.265,CCW
30,09,2022,12,22,35,180.377,180.373,180.372,17.268,17.265,17.265,CCW
30,09,2022,12,22,35,180.377,180.373,180.372,17.268,17.265,17.265,CCW
30,09,2022,12,22,36,180.377,180.373,180.372,17.268,17.265,17.265,CCW
30,09,2022,12,22,36,180.377,180.373,180.372,17.268,17.265,17.265,CCW
30,09,2022,12,22,47,180.262,180.270,180.270,17.271,17.266,17.266,CCW
30,09,2022,12,23,04,180.204,180.127,180.127,17.272,17.267,17.267,CCW
30,09,2022,12,23,21,180.089,180.082,180.083,17.274,17.267,17.267,CCW
30,09,2022,12,23,29,180.031,180.019,180.020,17.276,17.268,17.268,CCW
30,09,2022,12,23,34,180.031,179.918,179.918,17.276,17.268,17.268,CCW
30,09,2022,12,23,40,179.974,179.975,179.974,17.277,17.268,17.268,CCW
30,09,2022,12,23,40,179.974,179.975,179.974,17.277,17.268,17.268,CCW
30,09,2022,12,23,42,179.974,179.975,179.974,17.277,17.268,17.268,CCW
30,09,2022,12,23,44,179.974,179.975,179.974,17.277,17.268,17.268,CCW
30,09,2022,12,23,48,179.916,179.864,179.864,17.278,17.268,17.268,CCW
30,09,2022,12,23,48,179.916,179.866,179.865,17.278,17.268,17.268,CCW
30,09,2022,12,24,18,179.743,179.761,179.761,17.282,17.278,17.278,CCW
