13,09,2022,09,36,27,121,3,0,0
13,09,2022,09,36,28,121,3,379,0
13,09,2022,09,36,28,83,2,379,0
13,09,2022,09,36,29,83,2,-70,0
13,09,2022,09,36,31,68,2,-70,0
13,09,2022,09,36,33,54,2,-70,0
13,09,2022,09,36,34,54,2,55,0
13,09,2022,09,36,36,41,3,55,0
13,09,2022,09,36,40,43,2,9,0
13,09,2022,09,36,40,21,3,9,0
13,09,2022,09,36,47,50,3,0,0
13,09,2022,09,36,47,50,3,53,0
13,09,2022,09,36,49,44,3,27,0
13,09,2022,09,36,51,35,2,0,0
13,09,2022,09,36,57,31,3,62,0
13,09,2022,09,36,57,51,2,62,0
13,09,2022,09,36,58,51,2,44,0
13,09,2022,09,37,00,41,2,0,0
13,09,2022,09,37,07,50,2,53,0
13,09,2022,09,37,09,44,2,24,0
13,09,2022,09,37,10,35,3,0,0
13,09,2022,09,37,17,49,2,0,0
13,09,2022,09,37,18,49,2,36,0
13,09,2022,09,37,19,38,3,36,0
13,09,2022,09,37,20,38,3,6,0
13,09,2022,09,37,27,52,2,0,0
13,09,2022,09,37,27,52,2,49,0
13,09,2022,09,37,28,41,2,49,0
13,09,2022,09,37,29,41,2,26,0
13,09,2022,09,37,30,33,3,0,0
13,09,2022,09,37,37,30,2,50,0
13,09,2022,09,37,37,50,3,50,0
13,09,2022,09,37,39,36,3,44,0
13,09,2022,09,37,40,36,3,0,0
13,09,2022,09,37,40,20,2,0,0
13,09,2022,09,37,47,52,2,0,0
13,09,2022,09,37,47,52,2,54,0
13,09,2022,09,37,49,48,3,18,0
13,09,2022,09,37,50,31,2,18,0
13,09,2022,09,37,50,31,2,0,0
13,09,2022,09,37,56,24,3,60,0
13,09,2022,09,37,57,52,2,60,0
13,09,2022,09,37,58,52,2,37,0
13,09,2022,09,37,59,37,2,37,0
13,09,2022,09,37,59,37,2,5,0
13,09,2022,09,38,00,24,2,5,0
13,09,2022,09,38,06,50,3,0,0
13,09,2022,09,38,07,50,3,50,0
13,09,2022,09,38,09,41,2,9,0
13,09,2022,09,38,09,17,2,9,0
13,09,2022,09,38,16,17,3,67,0
13,09,2022,09,38,17,50,3,67,0
13,09,2022,09,38,18,50,3,44,0
13,09,2022,09,38,20,44,2,5,0
13,09,2022,09,38,20,19,3,5,0
13,09,2022,09,38,26,51,3,0,0
13,09,2022,09,38,27,51,3,52,0
13,09,2022,09,38,29,42,2,27,0
13,09,2022,09,38,30,38,2,0,0
13,09,2022,09,38,37,49,3,10,0
13,09,2022,09,38,38,49,3,36,0
13,09,2022,09,38,39,33,3,36,0
13,09,2022,09,38,39,33,3,6,0
13,09,2022,09,38,42,21,2,0,0
13,09,2022,09,38,46,35,3,0,0
13,09,2022,09,38,47,35,3,54,0
13,09,2022,09,38,48,54,3,54,0
13,09,2022,09,38,49,41,3,54,0
13,09,2022,09,38,51,24,2,54,0
13,09,2022,09,38,52,24,2,0,0
13,09,2022,09,38,56,23,2,13,0
13,09,2022,09,38,57,56,2,13,0
13,09,2022,09,38,58,56,2,50,0
13,09,2022,09,38,59,46,2,0,0
13,09,2022,09,39,00,17,3,0,0
13,09,2022,09,39,07,17,2,54,0
13,09,2022,09,39,08,47,3,54,0
13,09,2022,09,39,09,47,3,26,0
13,09,2022,09,39,09,28,2,26,0
13,09,2022,09,39,10,28,2,0,0
13,09,2022,09,39,16,27,3,13,0
13,09,2022,09,39,17,55,2,13,0
13,09,2022,09,39,18,55,2,52,0
13,09,2022,09,39,19,48,3,9,0
13,09,2022,09,39,20,29,3,9,0
13,09,2022,09,39,27,31,3,55,0
13,09,2022,09,39,28,49,3,55,0
13,09,2022,09,39,28,49,3,34,0
13,09,2022,09,39,29,35,2,34,0
13,09,2022,09,39,30,35,2,0,0
13,09,2022,09,39,37,53,3,3,0
13,09,2022,09,39,38,53,3,44,0
13,09,2022,09,39,39,46,3,7,0
13,09,2022,09,39,40,20,3,7,0
13,09,2022,09,39,46,31,3,0,0
13,09,2022,09,39,47,31,3,55,0
13,09,2022,09,39,48,50,3,55,0
13,09,2022,09,39,48,50,3,33,0
13,09,2022,09,39,49,36,3,33,0
13,09,2022,09,39,50,36,3,0,0
13,09,2022,09,39,56,32,3,23,0
13,09,2022,09,39,57,52,3,23,0
13,09,2022,09,39,58,52,3,43,0
13,09,2022,09,40,00,42,2,5,0
13,09,2022,09,40,08,55,3,0,0
13,09,2022,09,40,08,55,3,26,0
13,09,2022,09,40,09,33,2,26,0
13,09,2022,09,40,10,33,2,0,0
13,09,2022,09,40,16,28,3,29,0
13,09,2022,09,40,17,55,3,29,0
13,09,2022,09,40,18,55,3,48,0
13,09,2022,09,40,19,50,3,8,0
13,09,2022,09,40,20,24,3,8,0
13,09,2022,09,40,27,32,3,54,0
13,09,2022,09,40,28,53,3,54,0
13,09,2022,09,40,29,53,3,27,0
13,09,2022,09,40,29,39,3,27,0
13,09,2022,09,40,30,39,3,0,0
13,09,2022,09,40,37,54,2,0,0
13,09,2022,09,40,38,54,2,50,0
13,09,2022,09,40,40,33,3,50,0
13,09,2022,09,40,41,33,3,0,0
13,09,2022,09,40,47,33,2,56,0
13,09,2022,09,40,48,49,2,56,0
13,09,2022,09,40,49,49,2,34,0
13,09,2022,09,40,49,37,3,34,0
13,09,2022,09,40,50,37,3,6,0
13,09,2022,09,40,57,55,3,0,0
13,09,2022,09,40,58,55,3,44,0
13,09,2022,09,40,59,45,3,6,0
13,09,2022,09,41,00,25,2,6,0
13,09,2022,09,41,07,25,3,70,0
13,09,2022,09,41,08,56,3,70,0
13,09,2022,09,41,08,56,3,37,0
13,09,2022,09,41,09,42,2,37,0
13,09,2022,09,41,10,42,2,0,0
13,09,2022,09,41,11,31,2,0,0
13,09,2022,09,41,17,54,3,0,0
13,09,2022,09,41,18,54,3,48,0
13,09,2022,09,41,19,48,2,23,0
13,09,2022,09,41,20,22,2,23,0
13,09,2022,09,41,21,22,2,0,0
13,09,2022,09,41,27,22,3,55,0
13,09,2022,09,41,28,55,2,55,0
13,09,2022,09,41,29,43,2,45,0
13,09,2022,09,41,30,43,2,9,0
13,09,2022,09,41,31,27,3,9,0
13,09,2022,09,41,37,53,3,0,0
13,09,2022,09,41,38,53,3,35,0
13,09,2022,09,41,38,42,2,35,0
13,09,2022,09,41,39,42,2,10,0
13,09,2022,09,41,40,24,3,10,0
13,09,2022,09,41,47,24,3,55,0
13,09,2022,09,41,48,52,2,55,0
13,09,2022,09,41,48,52,2,33,0
13,09,2022,09,41,49,35,3,33,0
13,09,2022,09,41,50,35,3,0,0
13,09,2022,09,41,57,54,2,0,0
13,09,2022,09,41,58,54,2,49,0
13,09,2022,09,41,59,47,2,9,0
13,09,2022,09,42,00,26,3,9,0
13,09,2022,09,42,07,25,3,54,0
13,09,2022,09,42,08,56,2,54,0
13,09,2022,09,42,08,56,2,36,0
13,09,2022,09,42,09,43,2,36,0
13,09,2022,09,42,11,27,3,36,0
13,09,2022,09,42,11,27,3,0,0
13,09,2022,09,42,15,0,2,0,0
13,09,2022,12,12,25,-126,0,0,0
13,09,2022,12,12,26,-126,0,496,0
13,09,2022,12,12,27,126,0,496,0
13,09,2022,12,12,29,126,0,247,0
13,09,2022,12,12,31,126,0,-16,0
13,09,2022,12,12,31,70,0,-16,0
13,09,2022,12,12,32,70,0,-102,0
13,09,2022,12,12,34,64,0,126,0
13,09,2022,12,12,35,64,0,7,0
13,09,2022,12,12,36,35,0,7,0
13,09,2022,12,12,39,24,0,8,0
13,09,2022,12,12,45,49,0,0,0
13,09,2022,12,12,46,49,0,52,0
13,09,2022,12,12,48,39,0,21,0
13,09,2022,12,12,49,33,0,0,0
13,09,2022,12,12,55,0,0,0,0
13,09,2022,12,12,56,12,0,0,0
13,09,2022,12,23,23,0,0,0,0
13,09,2022,12,24,14,0,0,35,1
13,09,2022,12,24,15,72,41,35,1
13,09,2022,12,24,16,72,41,-107,0
13,09,2022,12,24,17,66,41,74,0
13,09,2022,12,24,18,49,35,74,0
13,09,2022,12,24,19,49,35,51,0
13,09,2022,12,24,20,40,35,9,0
13,09,2022,12,24,21,28,35,9,0
13,09,2022,12,24,25,35,30,53,1
13,09,2022,12,24,26,47,-76,53,1
13,09,2022,12,24,26,47,-76,36,5
13,09,2022,12,24,27,34,-104,36,5
13,09,2022,12,24,28,34,-104,0,5
13,09,2022,12,24,29,32,-93,0,5
13,09,2022,12,24,29,32,-93,0,0
13,09,2022,12,24,30,32,-128,0,0
13,09,2022,12,24,32,32,124,0,0
13,09,2022,12,24,34,32,122,11,0
13,09,2022,12,24,35,46,121,11,0
13,09,2022,12,24,36,46,121,47,0
13,09,2022,12,24,37,46,121,10,0
13,09,2022,12,24,38,24,121,10,0
13,09,2022,12,24,45,17,121,54,0
13,09,2022,12,24,46,17,120,27,0
13,09,2022,12,24,47,28,120,27,0
13,09,2022,12,24,48,28,120,0,0
13,09,2022,12,24,56,22,120,49,0
13,09,2022,12,24,56,40,120,49,0
13,09,2022,12,24,57,40,120,8,0
13,09,2022,12,25,05,30,120,56,0
13,09,2022,12,25,06,46,120,56,0
13,09,2022,12,25,06,46,120,31,0
13,09,2022,12,25,07,34,120,31,0
13,09,2022,12,25,08,34,120,0,0
13,09,2022,12,25,09,19,120,0,0
13,09,2022,12,25,15,49,120,0,0
13,09,2022,12,25,16,49,120,53,0
13,09,2022,12,25,17,43,121,21,0
13,09,2022,12,25,19,36,120,0,0
13,09,2022,12,25,25,31,121,56,0
13,09,2022,12,25,25,51,120,56,0
13,09,2022,12,25,26,51,120,36,0
13,09,2022,12,25,27,31,121,36,0
13,09,2022,12,25,28,31,121,0,0
13,09,2022,12,25,35,44,120,0,0
13,09,2022,12,25,35,44,120,46,0
13,09,2022,12,25,37,41,120,8,0
13,09,2022,12,25,38,30,121,8,0
13,09,2022,12,25,45,30,121,67,0
13,09,2022,12,25,48,35,121,0,0
13,09,2022,12,25,55,48,121,0,0
13,09,2022,12,25,55,48,121,48,0
13,09,2022,12,25,57,43,120,16,0
13,09,2022,12,25,59,27,120,8,0
13,09,2022,12,26,05,47,120,0,0
13,09,2022,12,26,06,47,120,35,0
13,09,2022,12,26,07,34,121,35,0
13,09,2022,12,26,08,34,121,5,0
13,09,2022,12,26,15,50,120,0,0
13,09,2022,12,26,15,50,120,48,0
13,09,2022,12,26,17,47,120,8,0
13,09,2022,12,26,18,32,121,8,0
13,09,2022,12,26,25,32,120,54,0
13,09,2022,12,26,25,50,120,54,0
13,09,2022,12,26,26,50,120,36,0
13,09,2022,12,26,28,40,120,0,0
13,09,2022,12,26,35,49,121,52,0
13,09,2022,12,26,37,45,120,9,0
13,09,2022,12,26,44,36,120,54,0
13,09,2022,12,26,45,50,121,54,0
13,09,2022,12,26,46,50,121,37,0
13,09,2022,12,26,47,35,120,37,0
13,09,2022,12,26,48,35,120,0,0
13,09,2022,12,26,54,50,121,0,0
13,09,2022,12,26,55,50,121,52,0
13,09,2022,12,26,57,43,120,26,0
13,09,2022,12,26,58,38,121,0,0
13,09,2022,12,26,59,24,120,0,0
13,09,2022,12,27,04,24,120,53,0
13,09,2022,12,27,05,49,120,53,0
13,09,2022,12,27,06,49,120,35,0
13,09,2022,12,27,07,39,121,0,0
13,09,2022,12,27,15,50,120,0,0
13,09,2022,12,27,15,50,120,55,0
13,09,2022,12,27,17,46,120,32,0
13,09,2022,12,27,18,37,120,0,0
13,09,2022,12,27,24,32,120,61,0
13,09,2022,12,27,25,49,120,61,0
13,09,2022,12,27,26,49,120,35,0
13,09,2022,12,27,27,28,120,35,0
13,09,2022,12,27,27,28,120,0,0
13,09,2022,12,27,33,15,120,0,0
13,09,2022,12,27,35,0,0,0,0
13,09,2022,12,28,39,51,0,0,0
13,09,2022,12,28,40,51,0,54,0
13,09,2022,12,28,41,44,0,21,0
13,09,2022,12,28,42,22,0,21,0
13,09,2022,12,28,43,22,0,0,0
13,09,2022,12,28,49,22,0,54,0
13,09,2022,12,28,50,47,0,54,0
13,09,2022,12,28,50,47,0,35,0
13,09,2022,12,28,52,37,0,0,0
13,09,2022,12,28,53,22,0,0,0
13,09,2022,12,28,59,50,0,0,0
13,09,2022,12,29,00,50,0,46,0
13,09,2022,12,29,01,35,0,46,0
13,09,2022,12,29,01,35,0,0,0
13,09,2022,12,29,02,0,0,0,0
13,09,2022,12,29,28,0,0,36,0
13,09,2022,12,29,28,-127,0,36,0
13,09,2022,12,29,29,-127,0,494,0
13,09,2022,12,29,30,127,0,494,0
13,09,2022,12,29,31,127,0,468,0
13,09,2022,12,29,31,94,0,468,0
13,09,2022,12,29,32,94,0,366,0
13,09,2022,12,29,33,75,0,366,0
13,09,2022,12,29,34,75,0,-71,0
13,09,2022,12,29,35,66,0,-106,0
13,09,2022,12,29,38,56,0,19,0
13,09,2022,12,29,39,39,0,19,0
13,09,2022,12,29,40,39,0,8,0
13,09,2022,12,29,42,22,0,0,0
13,09,2022,12,29,47,16,0,15,0
13,09,2022,12,29,48,50,0,15,0
13,09,2022,12,29,49,50,0,45,0
13,09,2022,12,29,50,42,0,7,0
13,09,2022,12,29,53,20,0,0,0
13,09,2022,12,29,58,26,0,54,0
13,09,2022,12,29,59,46,0,54,0
13,09,2022,12,30,00,46,0,35,0
13,09,2022,12,30,01,39,0,0,0
13,09,2022,12,30,02,26,0,0,0
13,09,2022,12,30,07,26,0,23,0
13,09,2022,12,30,08,52,0,23,0
13,09,2022,12,30,09,52,0,49,0
13,09,2022,12,30,10,45,0,8,0
13,09,2022,12,30,18,47,0,53,0
13,09,2022,12,30,20,47,0,34,0
13,09,2022,12,30,20,33,0,34,0
13,09,2022,12,30,21,33,0,0,0
13,09,2022,12,30,27,32,0,25,0
13,09,2022,12,30,28,52,0,25,0
13,09,2022,12,30,29,52,0,43,0
13,09,2022,12,30,30,43,0,4,0
13,09,2022,12,30,31,32,0,4,0
13,09,2022,12,30,38,40,0,55,0
13,09,2022,12,30,40,43,0,26,0
13,09,2022,12,30,41,37,0,0,0
13,09,2022,12,30,47,35,0,12,0
13,09,2022,12,30,48,51,0,12,0
13,09,2022,12,30,49,51,0,46,0
13,09,2022,12,30,50,44,0,8,0
13,09,2022,12,30,51,0,0,8,0
13,09,2022,12,30,53,26,0,0,0
13,09,2022,12,30,58,35,0,52,0
13,09,2022,12,30,59,50,0,52,0
13,09,2022,12,30,59,50,0,32,0
13,09,2022,12,31,00,35,0,32,0
13,09,2022,12,31,01,35,0,0,0
13,09,2022,12,31,08,52,0,5,0
13,09,2022,12,31,09,52,0,45,0
13,09,2022,12,31,10,44,0,4,0
13,09,2022,12,31,11,30,0,4,0
13,09,2022,12,31,18,40,0,54,0
13,09,2022,12,31,19,48,0,34,0
13,09,2022,12,31,21,43,0,0,0
13,09,2022,12,31,22,27,0,0,0
13,09,2022,12,31,28,50,0,0,0
13,09,2022,12,31,29,50,0,49,0
13,09,2022,12,31,30,43,0,10,0
13,09,2022,12,31,38,36,0,55,0
13,09,2022,12,31,39,49,0,55,0
13,09,2022,12,31,41,39,0,5,0
13,09,2022,12,31,48,50,0,0,0
13,09,2022,12,31,49,50,0,48,0
13,09,2022,12,31,50,43,0,10,0
13,09,2022,12,31,58,38,0,56,0
13,09,2022,12,31,59,51,0,56,0
13,09,2022,12,31,59,51,0,34,0
13,09,2022,12,32,00,37,0,34,0
13,09,2022,12,32,01,37,0,0,0
13,09,2022,12,32,08,52,0,0,0
13,09,2022,12,32,09,52,0,47,0
13,09,2022,12,32,10,44,0,26,0
13,09,2022,12,32,11,26,0,26,0
13,09,2022,12,32,12,26,0,0,0
13,09,2022,12,32,19,50,0,0,0
13,09,2022,12,32,19,50,0,37,0
13,09,2022,12,32,20,30,0,37,0
13,09,2022,12,32,21,30,0,0,0
13,09,2022,12,32,28,47,0,0,0
13,09,2022,12,32,28,47,0,44,0
13,09,2022,12,32,30,45,0,27,0
13,09,2022,12,32,31,33,0,27,0
13,09,2022,12,32,32,33,0,0,0
13,09,2022,12,32,37,18,0,0,0
13,09,2022,12,32,38,18,0,53,0
13,09,2022,12,32,39,43,0,53,0
13,09,2022,12,32,39,43,0,33,0
13,09,2022,12,32,40,31,0,33,0
13,09,2022,12,32,41,31,0,0,0
13,09,2022,12,32,48,34,0,52,0
13,09,2022,12,32,50,40,0,8,0
13,09,2022,12,32,51,29,0,8,0
13,09,2022,12,32,58,28,0,54,0
13,09,2022,12,32,59,52,0,54,0
13,09,2022,12,33,01,43,0,9,0
13,09,2022,12,33,02,31,0,9,0
13,09,2022,12,33,08,51,0,0,0
13,09,2022,12,33,08,51,0,45,0
13,09,2022,12,33,10,43,0,7,0
13,09,2022,12,33,11,17,0,7,0
13,09,2022,12,33,18,16,0,54,0
13,09,2022,12,33,18,48,0,54,0
13,09,2022,12,33,19,48,0,31,0
13,09,2022,12,33,20,33,0,31,0
13,09,2022,12,33,21,33,0,8,0
13,09,2022,12,33,28,51,0,0,0
13,09,2022,12,33,29,0,0,0,0
13,09,2022,12,34,57,0,0,491,0
13,09,2022,12,34,59,0,0,632,0
13,09,2022,12,35,00,94,0,632,0
13,09,2022,12,35,01,94,0,261,0
13,09,2022,12,35,02,72,0,261,0
13,09,2022,12,35,02,72,0,-71,0
13,09,2022,12,35,04,64,0,-107,0
13,09,2022,12,35,05,50,0,-107,0
13,09,2022,12,35,05,50,0,74,0
13,09,2022,12,35,07,47,0,50,0
13,09,2022,12,35,10,39,0,0,0
13,09,2022,12,35,11,17,0,0,0
13,09,2022,12,35,17,17,0,54,0
13,09,2022,12,35,18,47,0,54,0
13,09,2022,12,35,19,47,0,35,0
13,09,2022,12,35,20,32,0,35,0
13,09,2022,12,35,21,32,0,5,0
13,09,2022,12,35,27,49,0,0,0
13,09,2022,12,35,28,49,0,52,0
13,09,2022,12,35,30,44,0,10,0
13,09,2022,12,35,31,33,0,10,0
13,09,2022,12,35,35,20,0,0,0
13,09,2022,12,35,37,20,0,53,0
13,09,2022,12,35,38,50,0,53,0
13,09,2022,12,35,39,50,0,35,0
13,09,2022,12,35,41,41,0,0,0
13,09,2022,12,35,41,20,0,0,0
13,09,2022,12,35,46,0,0,0,0
13,09,2022,12,35,47,51,0,0,0
13,09,2022,12,35,48,51,0,51,0
13,09,2022,12,35,50,44,0,21,0
13,09,2022,12,35,51,26,0,21,0
13,09,2022,12,35,51,26,0,0,0
13,09,2022,12,35,57,26,0,54,0
13,09,2022,12,35,58,50,0,54,0
13,09,2022,12,35,59,50,0,1,0
13,09,2022,12,36,00,24,0,1,0
13,09,2022,12,36,07,57,0,0,0
13,09,2022,12,36,08,57,0,53,0
13,09,2022,12,36,09,44,0,53,0
13,09,2022,12,36,10,44,0,32,0
13,09,2022,12,36,11,39,0,0,0
13,09,2022,12,36,18,35,0,53,0
13,09,2022,12,36,18,50,0,53,0
13,09,2022,12,36,19,50,0,35,0
13,09,2022,12,36,20,33,0,35,0
13,09,2022,12,36,20,33,0,0,0
13,09,2022,12,36,28,52,0,0,0
13,09,2022,12,36,28,52,0,49,0
13,09,2022,12,36,30,44,0,8,0
13,09,2022,12,36,30,26,0,8,0
13,09,2022,12,36,37,22,0,55,0
13,09,2022,12,36,38,51,0,55,0
13,09,2022,12,36,39,51,0,43,0
13,09,2022,12,36,40,39,0,43,0
13,09,2022,12,36,40,39,0,0,0
13,09,2022,12,36,41,23,0,0,0
13,09,2022,12,36,47,51,0,0,0
13,09,2022,12,36,50,18,0,0,0
13,09,2022,12,36,57,18,0,54,0
13,09,2022,12,36,58,52,0,54,0
13,09,2022,12,36,59,52,0,37,0
13,09,2022,12,37,00,40,0,37,0
13,09,2022,12,37,00,40,0,0,0
13,09,2022,12,37,01,29,0,0,0
13,09,2022,12,37,07,51,0,0,0
13,09,2022,12,37,08,51,0,53,0
13,09,2022,12,37,10,43,0,26,0
13,09,2022,12,37,11,29,0,26,0
13,09,2022,12,37,11,29,0,0,0
13,09,2022,12,37,17,23,0,52,0
13,09,2022,12,37,18,52,0,52,0
13,09,2022,12,37,19,52,0,36,0
13,09,2022,12,37,20,44,0,4,0
13,09,2022,12,37,27,55,0,0,0
13,09,2022,12,37,28,55,0,52,0
13,09,2022,12,37,30,46,0,23,0
13,09,2022,12,37,30,33,0,23,0
13,09,2022,12,37,31,33,0,0,0
13,09,2022,12,37,37,30,0,49,0
13,09,2022,12,37,38,52,0,49,0
13,09,2022,12,37,40,40,0,45,0
13,09,2022,12,37,40,40,0,8,0
13,09,2022,12,37,41,29,0,8,0
13,09,2022,12,37,47,55,0,0,0
13,09,2022,12,37,48,55,0,52,0
13,09,2022,12,37,49,49,0,24,0
13,09,2022,12,37,50,37,0,24,0
13,09,2022,12,37,51,37,0,0,0
13,09,2022,12,37,57,28,0,50,0
13,09,2022,12,37,58,52,0,50,0
13,09,2022,12,38,00,52,0,9,0
13,09,2022,12,38,01,29,0,9,0
13,09,2022,12,38,07,50,0,0,0
13,09,2022,12,38,08,50,0,54,0
13,09,2022,12,38,09,47,0,20,0
13,09,2022,12,38,10,36,0,20,0
13,09,2022,12,38,11,36,0,0,0
13,09,2022,12,38,12,20,0,0,0
13,09,2022,12,38,17,20,0,53,0
13,09,2022,12,38,18,50,0,53,0
13,09,2022,12,38,19,50,0,37,0
13,09,2022,12,38,19,38,0,37,0
13,09,2022,12,38,20,38,0,0,0
13,09,2022,12,38,27,51,0,0,0
13,09,2022,12,38,28,51,0,54,0
13,09,2022,12,38,29,44,0,27,0
13,09,2022,12,38,31,36,0,0,0
13,09,2022,12,38,37,30,0,53,0
13,09,2022,12,38,38,52,0,53,0
13,09,2022,12,38,39,37,0,46,0
13,09,2022,12,38,42,32,0,0,0
13,09,2022,12,38,47,52,0,0,0
13,09,2022,12,38,48,52,0,55,0
13,09,2022,12,38,49,45,0,25,0
13,09,2022,12,38,50,31,0,25,0
13,09,2022,12,38,51,31,0,0,0
13,09,2022,12,38,57,28,0,52,0
13,09,2022,12,38,58,51,0,52,0
13,09,2022,12,39,00,46,0,0,0
13,09,2022,12,39,01,26,0,0,0
13,09,2022,12,39,07,47,0,0,0
13,09,2022,12,39,08,47,0,50,0
13,09,2022,12,39,09,42,0,7,0
13,09,2022,12,39,10,24,0,7,0
13,09,2022,12,39,18,52,0,0,0
13,09,2022,12,39,19,52,0,48,0
13,09,2022,12,39,20,45,0,9,0
13,09,2022,12,39,29,0,0,0,0
13,09,2022,12,39,59,0,0,46,0
13,09,2022,12,39,59,-128,0,46,0
13,09,2022,12,40,00,-128,0,494,0
13,09,2022,12,40,01,112,0,494,0
13,09,2022,12,40,02,112,0,206,0
13,09,2022,12,40,02,82,0,206,0
13,09,2022,12,40,03,82,0,-15,0
13,09,2022,12,40,05,82,0,-103,0
13,09,2022,12,40,07,49,0,-103,0
13,09,2022,12,40,08,49,0,68,0
13,09,2022,12,40,09,46,0,47,0
13,09,2022,12,40,12,30,0,47,0
13,09,2022,12,40,14,30,0,0,0
13,09,2022,12,40,18,28,0,13,0
13,09,2022,12,40,19,50,0,13,0
13,09,2022,12,40,20,50,0,46,0
13,09,2022,12,40,22,41,0,6,0
13,09,2022,12,40,22,27,0,6,0
13,09,2022,12,40,29,31,0,53,0
13,09,2022,12,40,30,46,0,53,0
13,09,2022,12,40,31,46,0,36,0
13,09,2022,12,40,32,36,0,0,0
13,09,2022,12,40,39,26,0,12,0
13,09,2022,12,40,39,46,0,12,0
13,09,2022,12,40,40,46,0,43,0
13,09,2022,12,40,42,44,0,9,0
13,09,2022,12,40,42,27,0,9,0
13,09,2022,12,40,49,40,0,0,0
13,09,2022,12,40,51,47,0,32,0
13,09,2022,12,40,52,38,0,0,0
13,09,2022,12,40,58,31,0,20,0
13,09,2022,12,40,59,49,0,20,0
13,09,2022,12,41,00,49,0,49,0
13,09,2022,12,41,02,46,0,7,0
13,09,2022,12,41,02,34,0,7,0
13,09,2022,12,41,09,32,0,56,0
13,09,2022,12,41,10,50,0,56,0
13,09,2022,12,41,11,50,0,37,0
13,09,2022,12,41,12,40,0,0,0
13,09,2022,12,41,13,29,0,0,0
13,09,2022,12,41,19,50,0,0,0
13,09,2022,12,41,20,50,0,52,0
13,09,2022,12,41,22,46,0,8,0
13,09,2022,12,41,29,36,0,57,0
13,09,2022,12,41,30,48,0,57,0
13,09,2022,12,41,31,48,0,31,0
13,09,2022,12,41,32,40,0,0,0
13,09,2022,12,41,33,24,0,0,0
13,09,2022,12,41,39,51,0,0,0
13,09,2022,12,41,40,51,0,52,0
13,09,2022,12,41,41,45,0,10,0
13,09,2022,12,41,42,24,0,10,0
13,09,2022,12,41,49,22,0,56,0
13,09,2022,12,41,50,50,0,56,0
13,09,2022,12,41,51,50,0,37,0
13,09,2022,12,41,52,42,0,0,0
13,09,2022,12,41,53,27,0,0,0
13,09,2022,12,41,59,48,0,0,0
13,09,2022,12,42,00,48,0,48,0
13,09,2022,12,42,01,47,0,22,0
13,09,2022,12,42,02,36,0,22,0
13,09,2022,12,42,03,36,0,0,0
13,09,2022,12,42,09,35,0,55,0
13,09,2022,12,42,10,51,0,55,0
13,09,2022,12,42,11,51,0,33,0
13,09,2022,12,42,11,38,0,33,0
13,09,2022,12,42,12,38,0,0,0
13,09,2022,12,42,19,50,0,0,0
13,09,2022,12,42,20,50,0,48,0
13,09,2022,12,42,21,44,0,10,0
13,09,2022,12,42,24,31,0,0,0
13,09,2022,12,42,29,30,0,54,0
13,09,2022,12,42,30,51,0,54,0
13,09,2022,12,42,31,51,0,36,0
13,09,2022,12,42,31,38,0,36,0
13,09,2022,12,42,32,38,0,8,0
13,09,2022,12,42,39,51,0,0,0
13,09,2022,12,42,40,51,0,51,0
13,09,2022,12,42,41,45,0,27,0
13,09,2022,12,42,42,30,0,27,0
13,09,2022,12,42,43,30,0,0,0
13,09,2022,12,42,49,29,0,66,0
13,09,2022,12,42,50,49,0,66,0
13,09,2022,12,42,50,49,0,36,0
13,09,2022,12,42,51,34,0,36,0
13,09,2022,12,42,52,34,0,8,0
13,09,2022,12,42,59,51,0,0,0
13,09,2022,12,43,00,51,0,49,0
13,09,2022,12,43,01,46,0,9,0
13,09,2022,12,43,04,28,0,0,0
13,09,2022,12,43,09,27,0,66,0
13,09,2022,12,43,10,50,0,66,0
13,09,2022,12,43,10,50,0,32,0
13,09,2022,12,43,11,36,0,32,0
13,09,2022,12,43,12,36,0,0,0
13,09,2022,12,43,13,25,0,0,0
13,09,2022,12,43,19,52,0,0,0
13,09,2022,12,43,20,52,0,52,0
13,09,2022,12,43,21,52,0,0,0
13,09,2022,12,43,22,14,0,0,0
13,09,2022,12,43,29,14,0,54,0
13,09,2022,12,43,30,51,0,54,0
13,09,2022,12,43,31,40,0,44,0
13,09,2022,12,43,32,40,0,7,0
13,09,2022,12,43,34,21,0,0,0
13,09,2022,12,43,39,48,0,0,0
13,09,2022,12,43,40,48,0,49,0
13,09,2022,12,43,41,45,0,19,0
13,09,2022,12,43,42,22,0,19,0
13,09,2022,12,43,43,22,0,0,0
13,09,2022,12,43,49,21,0,52,0
13,09,2022,12,43,50,47,0,52,0
13,09,2022,12,43,50,47,0,37,0
13,09,2022,12,43,52,39,0,0,0
13,09,2022,12,43,53,21,0,0,0
13,09,2022,12,43,59,55,0,0,0
13,09,2022,12,44,00,55,0,53,0
13,09,2022,12,44,01,48,0,34,0
13,09,2022,12,44,03,48,0,0,0
13,09,2022,12,44,04,0,0,0,0
13,09,2022,13,10,58,124,0,0,0
13,09,2022,13,11,00,106,0,0,0
13,09,2022,13,11,01,106,0,334,0
13,09,2022,13,11,01,81,0,334,0
13,09,2022,13,11,02,81,0,-73,0
13,09,2022,13,11,03,65,0,-73,0
13,09,2022,13,11,04,65,0,-106,0
13,09,2022,13,11,06,50,0,-106,0
13,09,2022,13,11,07,50,0,53,0
13,09,2022,13,11,08,36,0,53,0
13,09,2022,13,11,10,43,0,23,0
13,09,2022,13,11,11,29,0,23,0
13,09,2022,13,11,11,29,0,0,0
13,09,2022,13,11,18,48,0,0,0
13,09,2022,13,11,19,48,0,45,0
13,09,2022,13,11,21,41,0,9,0
13,09,2022,13,11,21,28,0,9,0
13,09,2022,13,11,28,37,0,55,0
13,09,2022,13,11,30,42,0,32,0
13,09,2022,13,11,31,36,0,0,0
13,09,2022,13,11,37,30,0,26,0
13,09,2022,13,11,38,48,0,26,0
13,09,2022,13,11,39,48,0,44,0
13,09,2022,13,11,40,43,0,9,0
13,09,2022,13,11,41,29,0,9,0
13,09,2022,13,11,48,36,0,53,0
13,09,2022,13,11,50,45,0,33,0
13,09,2022,13,11,51,32,0,33,0
13,09,2022,13,11,51,32,0,0,0
13,09,2022,13,11,58,48,0,0,0
13,09,2022,13,11,59,48,0,44,0
13,09,2022,13,12,01,44,0,8,0
13,09,2022,13,12,01,32,0,8,0
13,09,2022,13,12,08,41,2,54,0
13,09,2022,13,12,09,49,32,54,0
13,09,2022,13,12,10,49,32,31,0
13,09,2022,13,12,10,34,30,31,0
13,09,2022,13,12,11,34,30,0,0
13,09,2022,13,12,18,49,30,4,0
13,09,2022,13,12,19,49,30,46,0
13,09,2022,13,12,20,42,30,7,0
13,09,2022,13,12,21,25,30,7,0
13,09,2022,13,12,28,33,30,53,0
13,09,2022,13,12,29,46,29,53,0
13,09,2022,13,12,30,46,29,33,0
13,09,2022,13,12,30,30,29,33,0
13,09,2022,13,12,31,30,29,0,0
13,09,2022,13,12,37,25,29,36,0
13,09,2022,13,12,38,49,30,36,0
13,09,2022,13,12,40,40,30,0,0
13,09,2022,13,12,48,41,30,54,0
13,09,2022,13,12,50,47,30,33,0
13,09,2022,13,12,50,29,30,33,0
13,09,2022,13,12,51,29,30,0,0
13,09,2022,13,12,58,20,30,3,15
13,09,2022,13,12,58,49,99,3,15
13,09,2022,13,12,59,49,99,46,0
13,09,2022,13,13,01,43,94,8,0
13,09,2022,13,13,07,42,83,0,0
13,09,2022,13,13,08,42,83,54,6
13,09,2022,13,13,10,46,80,34,6
13,09,2022,13,13,11,39,80,0,5
13,09,2022,13,13,12,27,74,0,5
13,09,2022,13,13,18,49,75,0,6
13,09,2022,13,13,21,34,70,10,6
13,09,2022,13,13,27,33,59,0,6
13,09,2022,13,13,28,33,59,55,7
13,09,2022,13,13,29,47,68,55,7
13,09,2022,13,13,30,47,68,35,7
13,09,2022,13,13,31,40,67,8,0
13,09,2022,13,13,32,37,30,8,0
13,09,2022,13,13,39,46,28,33,0
13,09,2022,13,13,40,46,28,0,0
13,09,2022,13,13,41,26,28,0,0
13,09,2022,13,13,48,25,28,54,0
13,09,2022,13,13,49,48,28,54,0
13,09,2022,13,13,50,48,28,34,0
13,09,2022,13,13,52,27,28,34,0
13,09,2022,13,13,53,27,28,0,0
13,09,2022,13,13,58,48,28,0,0
13,09,2022,13,13,59,48,28,46,0
13,09,2022,13,14,00,40,28,8,0
13,09,2022,13,14,03,26,28,8,0
13,09,2022,13,14,08,25,28,53,0
13,09,2022,13,14,09,47,28,53,0
13,09,2022,13,14,09,47,28,37,0
13,09,2022,13,14,11,41,28,0,0
13,09,2022,13,14,12,26,28,0,0
13,09,2022,13,14,18,51,28,0,0
13,09,2022,13,14,19,51,28,48,0
13,09,2022,13,14,20,42,27,8,0
13,09,2022,13,14,21,25,28,8,0
13,09,2022,13,14,28,24,28,55,0
13,09,2022,13,14,29,49,28,55,0
13,09,2022,13,14,29,49,28,36,0
13,09,2022,13,14,30,36,28,36,0
13,09,2022,13,14,31,36,28,0,0
13,09,2022,13,14,38,49,28,0,0
13,09,2022,13,14,39,49,28,48,0
13,09,2022,13,14,40,49,28,9,0
13,09,2022,13,14,41,34,28,9,0
13,09,2022,13,14,48,30,28,53,0
13,09,2022,13,14,49,50,28,53,0
13,09,2022,13,14,49,50,28,23,0
13,09,2022,13,14,50,37,28,23,0
13,09,2022,13,14,51,37,28,8,0
13,09,2022,13,14,58,53,28,0,0
13,09,2022,13,14,59,53,28,52,0
13,09,2022,13,15,00,53,28,8,0
13,09,2022,13,15,01,25,28,8,0
13,09,2022,13,15,08,25,28,54,0
13,09,2022,13,15,09,47,28,54,0
13,09,2022,13,15,09,47,28,35,0
13,09,2022,13,15,10,36,28,35,0
13,09,2022,13,15,11,36,28,0,0
13,09,2022,13,15,18,47,28,0,0
13,09,2022,13,15,19,47,28,48,0
13,09,2022,13,15,20,46,28,23,0
13,09,2022,13,15,21,35,28,23,0
13,09,2022,13,15,22,35,28,0,0
13,09,2022,13,15,29,0,0,0,0
13,09,2022,14,17,28,0,0,489,0
13,09,2022,14,17,29,121,0,489,0
13,09,2022,14,17,30,108,0,494,0
13,09,2022,14,17,31,108,0,381,0
13,09,2022,14,17,32,76,0,381,0
13,09,2022,14,17,32,76,0,-71,0
13,09,2022,14,17,34,66,0,-107,0
13,09,2022,14,17,36,63,0,80,0
13,09,2022,14,17,36,49,0,80,0
13,09,2022,14,17,37,49,0,55,0
13,09,2022,14,17,39,40,0,35,0
13,09,2022,14,17,40,40,0,0,0
13,09,2022,14,17,41,29,0,0,0
13,09,2022,14,17,48,27,0,54,0
13,09,2022,14,17,49,45,0,54,0
13,09,2022,14,17,49,45,0,36,0
13,09,2022,14,17,51,35,0,0,0
13,09,2022,14,17,58,48,0,0,0
13,09,2022,14,17,59,48,0,49,0
13,09,2022,14,18,00,43,0,8,0
13,09,2022,14,18,02,31,0,0,0
13,09,2022,14,18,08,30,0,54,0
13,09,2022,14,18,09,48,0,54,0
13,09,2022,14,18,09,48,0,36,0
13,09,2022,14,18,11,39,0,0,0
13,09,2022,14,18,19,47,0,53,0
13,09,2022,14,18,20,43,0,7,0
13,09,2022,14,18,21,27,0,7,0
13,09,2022,14,18,28,26,0,54,0
13,09,2022,14,18,28,49,0,54,0
13,09,2022,14,18,29,49,0,37,0
13,09,2022,14,18,31,39,0,0,0
13,09,2022,14,18,39,48,0,52,0
13,09,2022,14,18,40,43,0,10,0
13,09,2022,14,18,41,32,0,10,0
13,09,2022,14,18,48,31,0,53,0
13,09,2022,14,18,49,45,0,53,0
13,09,2022,14,18,49,45,0,35,0
13,09,2022,14,18,51,35,0,0,0
13,09,2022,14,18,58,48,0,0,0
13,09,2022,14,18,59,48,0,45,0
13,09,2022,14,19,01,30,0,45,0
13,09,2022,14,19,01,30,0,0,0
13,09,2022,14,19,08,30,0,54,0
13,09,2022,14,19,08,46,0,54,0
13,09,2022,14,19,09,46,0,37,0
13,09,2022,14,19,10,21,0,37,0
13,09,2022,14,19,11,21,0,0,0
13,09,2022,14,19,18,53,0,0,0
13,09,2022,14,19,19,53,0,54,0
13,09,2022,14,19,20,45,0,27,0
13,09,2022,14,19,21,28,0,27,0
13,09,2022,14,19,21,28,0,0,0
13,09,2022,14,19,28,26,0,41,0
13,09,2022,14,19,28,48,0,41,0
13,09,2022,14,19,30,37,0,48,0
13,09,2022,14,19,31,37,0,4,0
13,09,2022,14,19,38,51,0,0,0
13,09,2022,14,19,38,51,0,52,0
13,09,2022,14,19,40,43,0,23,0
13,09,2022,14,19,41,31,0,23,0
13,09,2022,14,19,41,31,0,0,0
13,09,2022,14,19,48,24,0,67,0
13,09,2022,14,19,48,48,0,67,0
13,09,2022,14,19,49,48,0,38,0
13,09,2022,14,19,50,36,0,38,0
13,09,2022,14,19,51,36,0,0,0
13,09,2022,14,19,58,49,0,0,0
13,09,2022,14,19,58,49,0,53,0
13,09,2022,14,20,00,44,0,23,0
13,09,2022,14,20,01,32,0,23,0
13,09,2022,14,20,01,32,0,0,0
13,09,2022,14,20,07,31,0,53,0
13,09,2022,14,20,08,48,0,53,0
13,09,2022,14,20,11,38,0,0,0
13,09,2022,14,20,14,25,0,0,0
13,09,2022,14,20,18,51,0,0,0
13,09,2022,14,20,18,51,0,54,0
13,09,2022,14,20,20,42,0,27,0
13,09,2022,14,20,21,28,0,27,0
13,09,2022,14,20,21,28,0,0,0
13,09,2022,14,20,28,22,0,62,0
13,09,2022,14,20,28,47,0,62,0
13,09,2022,14,20,30,36,0,62,0
13,09,2022,14,20,31,36,0,0,0
13,09,2022,14,20,37,49,0,0,0
13,09,2022,14,20,38,49,0,55,0
13,09,2022,14,20,40,46,0,23,0
13,09,2022,14,20,42,27,0,23,0
13,09,2022,14,20,43,27,0,0,0
13,09,2022,14,20,47,27,0,113,0
13,09,2022,14,20,48,46,0,113,0
13,09,2022,14,20,49,46,0,33,0
13,09,2022,14,20,50,46,0,0,0
13,09,2022,14,20,51,26,0,0,0
13,09,2022,14,20,58,47,0,0,0
13,09,2022,14,20,58,47,0,55,0
13,09,2022,14,21,00,45,0,23,0
13,09,2022,14,21,01,28,0,23,0
13,09,2022,14,21,01,28,0,0,0
13,09,2022,14,21,07,27,0,51,0
13,09,2022,14,21,08,50,0,51,0
13,09,2022,14,21,10,43,0,9,0
13,09,2022,14,21,11,23,0,9,0
13,09,2022,14,21,17,48,0,0,0
13,09,2022,14,21,18,48,0,52,0
13,09,2022,14,21,20,36,0,52,0
13,09,2022,14,21,23,36,0,0,0
13,09,2022,14,21,27,28,0,14,0
13,09,2022,14,21,28,51,0,14,0
13,09,2022,14,21,29,51,0,43,0
13,09,2022,14,21,30,42,0,6,0
13,09,2022,14,21,33,28,0,0,0
13,09,2022,14,21,39,48,0,0,0
13,09,2022,14,21,40,48,0,32,0
13,09,2022,14,21,40,36,0,32,0
13,09,2022,14,21,41,36,0,0,0
13,09,2022,14,21,44,24,0,0,0
13,09,2022,14,21,47,24,0,22,0
13,09,2022,14,21,48,52,0,22,0
13,09,2022,14,21,49,52,0,43,0
13,09,2022,14,21,50,42,0,9,0
13,09,2022,14,21,53,23,0,0,0
13,09,2022,14,21,58,33,0,54,0
13,09,2022,14,22,00,36,0,0,0
13,09,2022,14,22,00,22,0,0,0
13,09,2022,14,22,08,0,0,0,0
13,09,2022,14,40,07,0,0,34,0
13,09,2022,14,40,08,0,346,34,0
13,09,2022,14,40,09,0,346,494,239
13,09,2022,14,40,10,108,353,494,239
13,09,2022,14,40,10,108,353,376,239
13,09,2022,14,40,11,76,353,376,239
13,09,2022,14,40,12,76,353,-72,248
13,09,2022,14,40,13,65,361,-72,248
13,09,2022,14,40,13,65,361,-107,245
13,09,2022,14,40,14,61,344,-107,245
13,09,2022,14,40,15,61,344,74,245
13,09,2022,14,40,15,50,312,74,245
13,09,2022,14,40,16,50,312,54,128
13,09,2022,14,40,17,44,290,54,128
13,09,2022,14,40,18,44,290,10,-2
13,09,2022,14,40,19,35,-13,10,-2
13,09,2022,14,40,19,35,-13,0,-90
13,09,2022,14,40,20,33,-32,0,-90
13,09,2022,14,40,21,33,-32,0,-94
13,09,2022,14,40,22,32,-63,0,-94
13,09,2022,14,40,22,32,-63,0,60
13,09,2022,14,40,23,32,-94,0,60
13,09,2022,14,40,25,32,-73,0,59
13,09,2022,14,40,28,32,-91,0,61
13,09,2022,14,40,29,32,-91,10,58
13,09,2022,14,40,29,37,-121,10,58
13,09,2022,14,40,30,37,-121,0,28
13,09,2022,14,40,34,28,-110,0,30
13,09,2022,14,40,37,42,-91,0,29
13,09,2022,14,40,40,28,-90,0,30
13,09,2022,14,40,43,28,-111,0,30
13,09,2022,14,40,44,28,-111,0,17
13,09,2022,14,40,49,32,-125,0,18
13,09,2022,14,40,52,31,123,0,16
13,09,2022,14,40,56,31,115,0,6
13,09,2022,14,40,57,31,-127,0,6
13,09,2022,14,40,58,31,-127,17,5
13,09,2022,14,40,59,26,121,17,5
13,09,2022,14,40,59,26,121,0,4
13,09,2022,14,41,03,25,-123,0,5
13,09,2022,14,41,06,24,127,0,5
13,09,2022,14,41,08,42,-125,0,5
13,09,2022,14,41,09,24,-119,0,5
13,09,2022,14,41,18,37,-111,8,5
13,09,2022,14,41,28,36,35,0,5
13,09,2022,14,41,29,27,93,0,5
13,09,2022,14,41,32,27,98,0,0
13,09,2022,14,41,32,27,61,0,0
13,09,2022,14,41,38,27,53,73,7
13,09,2022,14,41,38,45,97,73,7
13,09,2022,14,41,39,45,97,43,6
13,09,2022,14,41,41,45,97,8,1
13,09,2022,14,41,42,28,59,8,1
13,09,2022,14,41,48,35,104,0,0
13,09,2022,14,41,51,30,62,0,0
13,09,2022,14,41,58,30,58,19,5
13,09,2022,14,41,58,24,90,19,5
13,09,2022,14,41,59,24,90,0,5
13,09,2022,14,42,00,24,71,0,5
13,09,2022,14,42,01,24,71,0,0
13,09,2022,14,42,08,41,92,0,0
13,09,2022,14,42,09,22,89,0,0
13,09,2022,14,42,11,22,64,0,0
13,09,2022,14,42,18,21,56,7,7
13,09,2022,14,42,18,37,91,7,7
13,09,2022,14,42,20,32,58,0,5
13,09,2022,14,42,21,32,58,0,0
13,09,2022,14,42,28,39,94,0,0
13,09,2022,14,42,29,26,90,0,0
13,09,2022,14,42,31,26,54,0,1
13,09,2022,14,42,37,26,49,25,7
13,09,2022,14,42,38,26,78,25,7
13,09,2022,14,42,39,26,78,0,1
13,09,2022,14,42,40,25,62,0,1
13,09,2022,14,42,48,36,77,0,0
13,09,2022,14,42,48,36,77,6,6
13,09,2022,14,42,50,31,76,0,0
13,09,2022,14,42,51,30,53,0,0
13,09,2022,14,42,57,26,49,0,5
13,09,2022,14,42,58,27,75,0,5
13,09,2022,14,43,00,26,57,0,6
13,09,2022,14,43,01,26,57,0,0
13,09,2022,14,43,07,37,90,0,0
13,09,2022,14,43,08,37,90,24,0
13,09,2022,14,43,09,27,77,24,0
13,09,2022,14,43,10,27,77,0,0
13,09,2022,14,43,11,19,57,0,0
13,09,2022,14,43,17,17,53,8,6
13,09,2022,14,43,18,34,73,8,6
13,09,2022,14,43,20,27,57,7,7
13,09,2022,14,43,20,27,57,0,0
13,09,2022,14,43,27,33,93,0,0
13,09,2022,14,43,28,33,93,8,6
13,09,2022,14,43,30,29,93,0,0
13,09,2022,14,43,30,27,60,0,0
13,09,2022,14,43,37,26,56,8,6
13,09,2022,14,43,38,39,83,8,6
13,09,2022,14,43,40,32,64,5,7
13,09,2022,14,43,40,32,64,0,0
13,09,2022,14,43,43,32,52,0,0
13,09,2022,14,43,47,39,94,0,0
13,09,2022,14,43,48,39,94,0,5
13,09,2022,14,43,49,26,74,0,5
13,09,2022,14,43,50,26,74,0,0
13,09,2022,14,43,50,26,51,0,0
13,09,2022,16,42,54,0,0,0,27
13,09,2022,16,42,55,120,268,0,27
13,09,2022,16,42,56,120,268,492,243
13,09,2022,16,43,03,119,-15,493,244
13,09,2022,16,43,03,119,-15,493,338
13,09,2022,16,43,04,117,-41,493,338
13,09,2022,16,43,05,117,-41,493,-7
13,09,2022,16,43,06,117,-61,493,-7
13,09,2022,16,43,07,117,-61,493,-86
13,09,2022,16,43,07,118,-104,493,-86
13,09,2022,16,43,08,118,-104,493,-90
13,09,2022,16,43,09,116,108,493,-90
13,09,2022,16,43,10,116,108,493,61
13,09,2022,16,43,14,111,101,612,60
13,09,2022,16,43,16,115,96,494,60
13,09,2022,16,43,18,113,100,494,32
13,09,2022,16,43,24,108,88,494,31
13,09,2022,16,43,26,119,88,492,30
13,09,2022,16,43,29,115,70,494,31
13,09,2022,16,43,30,115,70,493,18
13,09,2022,16,43,34,115,71,404,19
13,09,2022,16,43,35,111,84,404,19
13,09,2022,16,43,36,111,84,493,17
13,09,2022,16,43,40,107,74,494,6
13,09,2022,16,43,44,84,73,494,6
13,09,2022,16,43,46,116,77,493,6
13,09,2022,16,44,10,109,66,492,7
13,09,2022,16,44,12,111,47,492,6
13,09,2022,16,44,13,111,47,494,0
13,09,2022,16,44,14,115,42,636,0
13,09,2022,16,44,16,107,40,494,0
13,09,2022,16,44,28,104,37,5,0
13,09,2022,16,44,29,0,37,5,0
13,09,2022,16,44,30,0,0,0,0
13,09,2022,16,45,31,0,0,494,0
13,09,2022,16,45,32,110,0,494,0
13,09,2022,16,45,39,103,40,495,0
13,09,2022,16,45,41,103,-86,494,0
13,09,2022,16,45,42,105,-104,493,0
13,09,2022,16,45,49,103,-114,582,0
13,09,2022,16,45,50,82,-115,582,0
13,09,2022,16,45,51,82,-115,-6,0
13,09,2022,16,45,52,61,-116,-6,0
13,09,2022,16,45,52,61,-116,-81,0
13,09,2022,16,45,54,56,-117,-105,0
13,09,2022,16,45,56,46,-117,74,0
13,09,2022,16,45,57,42,-117,37,0
13,09,2022,16,45,59,41,-117,5,0
13,09,2022,16,46,00,42,-117,53,0
13,09,2022,16,46,02,45,-118,33,0
13,09,2022,16,46,03,36,-118,0,0
13,09,2022,16,46,09,0,117,0,0
13,09,2022,16,46,10,0,0,0,0
13,09,2022,16,47,15,0,0,489,0
13,09,2022,16,47,16,119,0,489,0
13,09,2022,16,47,21,98,0,493,0
13,09,2022,16,47,22,98,0,0,0
13,09,2022,16,47,22,0,0,0,0
13,09,2022,16,56,19,0,0,488,0
13,09,2022,16,56,20,118,0,488,0
13,09,2022,16,56,49,106,0,492,0
13,09,2022,16,57,19,104,0,167,0
13,09,2022,16,57,21,110,0,493,0
13,09,2022,16,57,50,102,0,233,0
13,09,2022,16,57,50,67,0,233,0
13,09,2022,16,57,51,67,0,-28,0
13,09,2022,16,57,53,58,0,-89,0
13,09,2022,16,57,54,54,0,-125,0
13,09,2022,16,57,55,43,0,-125,0
13,09,2022,16,57,56,43,0,70,0
13,09,2022,16,57,57,44,0,38,0
13,09,2022,16,57,58,29,0,38,0
13,09,2022,16,57,59,29,0,69,0
13,09,2022,16,58,00,44,0,69,0
13,09,2022,16,58,00,44,0,45,0
13,09,2022,16,58,02,40,0,4,0
13,09,2022,16,58,10,49,0,53,0
13,09,2022,16,58,11,40,0,27,0
13,09,2022,16,58,13,41,0,0,0
13,09,2022,16,58,14,30,0,0,0
13,09,2022,16,58,19,27,0,70,0
13,09,2022,16,58,20,43,0,70,0
13,09,2022,16,58,20,43,0,37,0
13,09,2022,16,58,22,40,0,0,0
13,09,2022,16,58,30,47,0,54,0
13,09,2022,16,58,31,44,0,27,0
13,09,2022,16,58,33,37,0,0,0
13,09,2022,16,58,35,25,0,0,0
13,09,2022,16,58,39,25,0,20,0
13,09,2022,16,58,40,45,0,20,0
13,09,2022,16,58,40,45,0,46,0
13,09,2022,16,58,42,44,0,7,0
13,09,2022,16,58,44,33,0,0,0
13,09,2022,16,58,50,33,0,54,0
13,09,2022,16,58,51,43,0,32,0
13,09,2022,16,58,53,43,0,0,0
13,09,2022,16,58,55,31,0,0,0
13,09,2022,16,58,59,29,0,11,0
13,09,2022,16,59,00,29,0,46,0
13,09,2022,16,59,01,41,0,46,0
13,09,2022,16,59,02,41,0,8,0
13,09,2022,16,59,03,29,0,8,0
13,09,2022,16,59,09,42,0,0,0
13,09,2022,16,59,09,42,0,53,0
13,09,2022,16,59,11,42,0,37,0
13,09,2022,16,59,13,44,0,0,0
13,09,2022,16,59,19,38,0,26,0
13,09,2022,16,59,20,44,0,46,0
13,09,2022,16,59,22,43,0,9,0
13,09,2022,16,59,29,44,0,54,0
13,09,2022,16,59,32,35,0,0,0
13,09,2022,16,59,39,52,0,4,0
13,09,2022,16,59,40,52,0,44,0
13,09,2022,16,59,42,44,0,5,0
13,09,2022,16,59,49,39,0,52,0
13,09,2022,16,59,51,41,0,20,0
13,09,2022,16,59,52,40,0,0,0
13,09,2022,16,59,59,31,0,15,0
13,09,2022,17,00,00,48,0,15,0
13,09,2022,17,00,00,48,0,44,0
13,09,2022,17,00,02,44,0,6,0
13,09,2022,17,00,04,33,0,6,0
13,09,2022,17,00,09,46,0,0,0
13,09,2022,17,00,09,46,0,54,0
13,09,2022,17,00,11,42,0,20,0
13,09,2022,17,00,12,38,0,0,0
13,09,2022,17,00,19,33,0,34,0
13,09,2022,17,00,19,49,0,34,0
13,09,2022,17,00,20,49,0,45,0
13,09,2022,17,00,22,40,0,8,0
13,09,2022,17,00,29,43,0,53,0
13,09,2022,17,00,31,43,0,20,0
13,09,2022,17,00,32,38,0,0,0
13,09,2022,17,00,40,48,0,48,0
13,09,2022,17,00,42,44,0,8,0
13,09,2022,17,00,42,28,0,8,0
13,09,2022,17,00,49,25,0,55,0
13,09,2022,17,00,50,44,0,55,0
13,09,2022,17,00,51,44,0,37,0
13,09,2022,17,00,52,43,0,0,0
13,09,2022,17,00,55,26,0,0,0
13,09,2022,17,00,59,49,0,0,0
13,09,2022,17,01,00,49,0,51,0
13,09,2022,17,01,02,46,0,10,0
13,09,2022,17,01,04,35,0,0,0
13,09,2022,17,01,09,34,0,54,0
13,09,2022,17,01,10,48,0,54,0
13,09,2022,17,01,11,48,0,34,0
13,09,2022,17,01,12,35,0,34,0
13,09,2022,17,01,14,34,0,0,0
13,09,2022,17,01,19,50,0,0,0
13,09,2022,17,01,20,50,0,48,0
13,09,2022,17,01,25,41,0,0,0
13,09,2022,17,01,25,24,0,0,0
13,09,2022,17,01,29,24,0,54,0
13,09,2022,17,01,30,48,0,54,0
13,09,2022,17,01,31,48,0,36,0
13,09,2022,17,01,32,49,0,5,0
13,09,2022,17,01,35,38,0,0,0
13,09,2022,17,01,39,52,0,0,0
13,09,2022,17,01,40,52,0,47,0
13,09,2022,17,01,42,48,0,8,0
13,09,2022,17,01,42,31,0,8,0
13,09,2022,17,01,49,29,0,55,0
13,09,2022,17,01,50,50,0,55,0
13,09,2022,17,01,51,50,0,36,0
13,09,2022,17,01,52,40,0,0,0
13,09,2022,17,01,59,53,0,0,0
13,09,2022,17,02,00,53,0,48,0
13,09,2022,17,02,01,45,0,9,0
13,09,2022,17,02,02,32,0,9,0
13,09,2022,17,02,09,30,0,55,0
13,09,2022,17,02,10,49,0,55,0
13,09,2022,17,02,11,49,0,36,0
13,09,2022,17,02,12,41,0,5,0
13,09,2022,17,02,20,48,0,47,0
13,09,2022,17,02,21,46,0,9,0
13,09,2022,17,02,24,28,0,0,0
13,09,2022,17,02,25,0,0,0,0
13,09,2022,17,12,18,121,0,0,0
13,09,2022,17,12,19,121,0,493,0
13,09,2022,17,12,25,110,0,494,0
13,09,2022,17,13,21,99,0,494,0
13,09,2022,17,13,35,88,0,494,0
13,09,2022,17,13,36,88,0,375,0
13,09,2022,17,13,37,66,0,375,0
13,09,2022,17,13,38,66,0,-74,0
13,09,2022,17,13,39,57,0,-106,0
13,09,2022,17,13,40,46,0,-106,0
13,09,2022,17,13,41,46,0,70,0
13,09,2022,17,13,42,46,0,35,0
13,09,2022,17,13,44,40,0,8,0
13,09,2022,17,13,46,0,0,0,0
13,09,2022,17,14,25,0,0,491,0
13,09,2022,17,14,26,116,0,491,0
13,09,2022,17,14,35,105,0,493,0
13,09,2022,17,14,59,109,0,4,0
13,09,2022,17,15,00,0,0,4,0
13,09,2022,17,41,08,0,0,395,0
13,09,2022,17,41,09,115,0,395,0
13,09,2022,17,41,10,115,0,494,0
13,09,2022,17,41,30,104,0,494,0
13,09,2022,17,41,38,104,70,495,0
13,09,2022,17,41,40,103,-93,494,1
13,09,2022,17,41,41,106,-121,494,0
13,09,2022,17,41,43,92,-126,493,0
13,09,2022,17,41,44,92,-126,357,0
13,09,2022,17,41,44,69,127,357,0
13,09,2022,17,41,45,69,127,-72,0
13,09,2022,17,41,46,59,126,-107,0
13,09,2022,17,41,47,46,125,-107,0
13,09,2022,17,41,48,46,125,66,0
13,09,2022,17,41,50,36,124,9,0
13,09,2022,17,41,52,0,82,0,0
13,09,2022,17,41,54,0,0,0,0
13,09,2022,17,42,18,113,0,10,0
13,09,2022,17,42,19,113,0,494,0
13,09,2022,17,42,44,100,0,493,0
13,09,2022,17,43,01,84,0,494,0
13,09,2022,17,43,02,84,0,375,0
13,09,2022,17,43,03,66,0,375,0
13,09,2022,17,43,03,66,0,-72,0
13,09,2022,17,43,05,61,0,64,0
13,09,2022,17,43,06,0,0,64,0
13,09,2022,17,43,06,0,0,0,0
13,09,2022,17,43,07,76,0,0,0
13,09,2022,17,46,05,0,0,0,0
13,09,2022,17,46,16,68,0,0,0
13,09,2022,17,46,17,68,0,74,0
13,09,2022,17,46,18,52,0,74,0
13,09,2022,17,46,18,52,0,53,0
13,09,2022,17,46,20,48,0,21,0
13,09,2022,17,46,21,51,0,0,0
13,09,2022,17,46,22,39,0,0,0
13,09,2022,17,46,26,37,0,54,0
13,09,2022,17,46,28,46,0,35,0
13,09,2022,17,46,29,43,0,5,0
13,09,2022,17,46,37,50,0,49,0
13,09,2022,17,46,38,44,0,9,0
13,09,2022,17,46,39,30,0,9,0
13,09,2022,17,46,46,26,0,51,0
13,09,2022,17,46,47,26,0,0,0
13,09,2022,17,46,56,53,0,0,0
13,09,2022,17,46,57,53,0,74,0
13,09,2022,17,46,58,50,0,49,0
13,09,2022,17,47,00,48,0,9,0
13,09,2022,17,47,04,37,0,0,0
13,09,2022,17,47,06,37,0,50,0
13,09,2022,17,47,07,48,0,50,0
13,09,2022,17,47,08,48,0,36,0
13,09,2022,17,47,09,45,0,5,0
13,09,2022,17,47,13,34,0,0,0
13,09,2022,17,47,16,50,0,0,0
13,09,2022,17,47,17,50,0,51,0
13,09,2022,17,47,18,45,0,26,0
13,09,2022,17,47,20,35,0,0,0
13,09,2022,17,47,26,31,0,50,0
13,09,2022,17,47,27,48,0,50,0
13,09,2022,17,47,29,43,0,8,0
13,09,2022,17,47,30,32,0,8,0
13,09,2022,17,47,36,49,0,0,0
13,09,2022,17,47,37,49,0,52,0
13,09,2022,17,47,38,45,0,21,0
13,09,2022,17,47,40,38,0,0,0
13,09,2022,17,47,46,30,0,66,0
13,09,2022,17,47,47,49,0,66,0
13,09,2022,17,47,48,49,0,37,0
13,09,2022,17,47,49,48,0,5,0
13,09,2022,17,47,51,27,0,0,0
13,09,2022,17,47,56,49,0,0,0
13,09,2022,17,47,57,49,0,55,0
13,09,2022,17,47,58,49,0,27,0
13,09,2022,17,47,59,37,0,27,0
13,09,2022,17,48,00,37,0,0,0
13,09,2022,17,48,06,32,0,65,0
13,09,2022,17,48,07,50,0,65,0
13,09,2022,17,48,07,50,0,37,0
13,09,2022,17,48,08,39,0,37,0
13,09,2022,17,48,09,39,0,8,0
13,09,2022,17,48,17,49,0,55,0
13,09,2022,17,48,18,51,0,21,0
13,09,2022,17,48,20,45,0,0,0
13,09,2022,17,48,26,40,0,52,0
13,09,2022,17,48,29,41,0,0,0
13,09,2022,17,48,36,50,0,52,0
13,09,2022,17,48,38,50,0,22,0
13,09,2022,17,48,40,42,0,0,0
13,09,2022,17,48,46,32,0,52,0
13,09,2022,17,48,47,51,0,52,0
13,09,2022,17,48,47,51,0,37,0
13,09,2022,17,48,48,39,0,37,0
13,09,2022,17,48,49,39,0,6,0
13,09,2022,17,48,56,40,0,53,0
13,09,2022,17,48,58,46,0,26,0
13,09,2022,17,48,59,32,0,26,0
13,09,2022,17,49,00,32,0,0,0
13,09,2022,17,49,06,25,0,22,0
13,09,2022,17,49,06,49,0,22,0
13,09,2022,17,49,07,49,0,45,0
13,09,2022,17,49,09,48,0,6,0
13,09,2022,17,49,17,43,0,55,0
13,09,2022,17,49,18,46,0,26,0
13,09,2022,17,49,19,31,0,26,0
13,09,2022,17,49,19,31,0,0,0
13,09,2022,17,49,26,51,0,0,0
13,09,2022,17,49,27,51,0,44,0
13,09,2022,17,49,29,45,0,5,0
13,09,2022,17,49,30,31,0,5,0
13,09,2022,17,49,36,30,0,54,0
13,09,2022,17,49,37,48,0,54,0
13,09,2022,17,49,38,48,0,30,0
13,09,2022,17,49,39,34,0,30,0
13,09,2022,17,49,39,34,0,0,0
13,09,2022,17,49,46,51,0,8,0
13,09,2022,17,49,47,51,0,47,0
13,09,2022,17,49,49,45,0,7,0
13,09,2022,17,49,49,32,0,7,0
13,09,2022,17,49,56,35,0,53,0
13,09,2022,17,49,57,48,0,53,0
13,09,2022,17,49,58,48,0,32,0
13,09,2022,17,49,59,34,0,32,0
13,09,2022,17,49,59,34,0,0,0
13,09,2022,17,50,06,32,0,14,0
13,09,2022,17,50,06,51,0,14,0
13,09,2022,17,50,07,51,0,45,0
13,09,2022,17,50,09,47,0,10,0
13,09,2022,17,50,09,33,0,10,0
13,09,2022,17,50,16,42,0,52,0
13,09,2022,17,50,18,47,0,33,0
13,09,2022,17,50,19,38,0,0,0
13,09,2022,17,50,36,37,0,76,0
13,09,2022,17,50,37,56,0,76,0
13,09,2022,17,50,38,56,0,54,0
13,09,2022,17,50,39,51,0,37,0
13,09,2022,17,50,40,40,0,37,0
13,09,2022,17,50,41,40,0,0,0
13,09,2022,17,50,47,49,0,38,0
13,09,2022,17,50,49,41,0,8,0
13,09,2022,17,50,56,35,0,56,0
13,09,2022,17,50,57,49,0,56,0
13,09,2022,17,50,58,49,0,33,0
13,09,2022,17,50,59,43,0,0,0
13,09,2022,17,51,07,53,0,50,0
13,09,2022,17,51,09,44,0,10,0
13,09,2022,17,51,11,25,0,0,0
13,09,2022,17,51,16,25,0,55,0
13,09,2022,17,51,17,50,0,55,0
13,09,2022,17,51,18,50,0,35,0
13,09,2022,17,51,19,36,0,35,0
13,09,2022,17,51,19,36,0,7,0
13,09,2022,17,51,26,50,0,0,0
13,09,2022,17,51,27,50,0,47,0
13,09,2022,17,51,28,42,0,9,0
13,09,2022,17,51,32,30,0,0,0
13,09,2022,17,51,36,30,0,54,0
13,09,2022,17,51,37,47,0,54,0
13,09,2022,17,51,38,47,0,34,0
13,09,2022,17,51,39,41,0,0,0
13,09,2022,17,51,47,51,0,48,0
13,09,2022,17,51,49,20,0,53,0
13,09,2022,17,51,50,20,0,0,0
13,09,2022,17,51,56,20,0,53,0
13,09,2022,17,51,57,50,0,53,0
13,09,2022,17,51,58,50,0,32,0
13,09,2022,17,51,59,46,0,0,0
13,09,2022,17,52,32,0,0,0,0
13,09,2022,17,55,48,0,0,-112,0
13,09,2022,17,55,49,71,0,-112,0
13,09,2022,17,55,50,71,0,127,0
13,09,2022,17,55,50,55,0,127,0
13,09,2022,17,55,51,55,0,70,0
13,09,2022,17,55,53,49,0,37,0
13,09,2022,17,55,54,43,0,7,0
13,09,2022,17,55,59,52,0,52,0
13,09,2022,17,56,00,43,0,26,0
13,09,2022,17,56,02,37,0,0,0
13,09,2022,17,56,08,28,0,69,0
13,09,2022,17,56,09,48,0,69,0
13,09,2022,17,56,10,48,0,37,0
13,09,2022,17,56,11,48,0,8,0
13,09,2022,17,56,12,14,0,8,0
13,09,2022,17,56,15,0,0,0,0
