14,09,2022,09,24,26,143,2,0,0
14,09,2022,09,24,26,143,2,749,0
14,09,2022,09,24,38,128,2,749,0
14,09,2022,09,24,46,97,2,748,0
14,09,2022,09,24,46,97,2,261,0
14,09,2022,09,24,47,73,2,261,0
14,09,2022,09,24,49,62,2,261,0
14,09,2022,09,24,49,62,2,148,0
14,09,2022,09,24,51,65,2,73,0
14,09,2022,09,24,52,65,2,49,0
14,09,2022,09,24,53,42,2,49,0
14,09,2022,09,24,54,42,2,9,0
14,09,2022,09,24,55,19,2,9,0
14,09,2022,09,24,56,19,2,54,0
14,09,2022,09,24,56,59,2,54,0
14,09,2022,09,24,57,59,2,38,0
14,09,2022,09,24,58,41,2,38,0
14,09,2022,09,24,59,41,2,10,0
14,09,2022,09,24,59,30,2,10,0
14,09,2022,09,25,05,58,2,0,0
14,09,2022,09,25,06,58,2,49,0
14,09,2022,09,25,08,50,2,10,0
14,09,2022,09,25,09,30,2,10,0
14,09,2022,09,25,16,28,3,55,0
14,09,2022,09,25,16,53,2,55,0
14,09,2022,09,25,18,38,2,55,0
14,09,2022,09,25,19,38,2,0,0
14,09,2022,09,25,25,57,2,0,0
14,09,2022,09,25,26,57,2,53,0
14,09,2022,09,25,28,49,2,10,0
14,09,2022,09,25,28,34,2,10,0
14,09,2022,09,25,35,32,2,56,0
14,09,2022,09,25,36,52,2,56,0
14,09,2022,09,25,37,52,2,34,0
14,09,2022,09,25,38,40,2,34,0
14,09,2022,09,25,38,40,2,1,0
14,09,2022,09,25,39,26,2,1,0
14,09,2022,09,25,46,25,2,51,0
14,09,2022,09,25,47,56,2,51,0
14,09,2022,09,25,48,56,2,9,0
14,09,2022,09,25,48,36,2,9,0
14,09,2022,09,25,56,60,2,0,0
14,09,2022,09,25,57,60,2,37,0
14,09,2022,09,25,58,47,2,37,0
14,09,2022,09,25,58,47,2,1,0
14,09,2022,09,25,59,30,2,1,0
14,09,2022,09,26,02,0,2,0,0
14,09,2022,09,28,33,151,198,0,0
14,09,2022,09,28,34,151,198,0,249
14,09,2022,09,28,34,146,162,0,249
14,09,2022,09,28,35,146,162,748,163
14,09,2022,09,28,36,139,150,748,163
14,09,2022,09,28,37,139,150,749,60
14,09,2022,09,28,37,133,111,749,60
14,09,2022,09,28,43,133,108,749,31
14,09,2022,09,28,44,135,82,749,31
14,09,2022,09,28,50,128,93,749,29
14,09,2022,09,28,57,127,91,748,18
14,09,2022,09,28,57,127,77,748,18
14,09,2022,09,29,01,125,74,727,18
14,09,2022,09,29,02,104,69,727,18
14,09,2022,09,29,03,104,69,374,17
14,09,2022,09,29,04,85,69,374,17
14,09,2022,09,29,04,85,69,183,19
14,09,2022,09,29,06,85,67,148,17
14,09,2022,09,29,07,71,69,148,17
14,09,2022,09,29,08,71,69,75,7
14,09,2022,09,29,08,54,63,75,7
14,09,2022,09,29,09,54,63,54,7
14,09,2022,09,29,10,48,63,27,7
14,09,2022,09,29,11,36,56,27,7
14,09,2022,09,29,12,36,56,0,6
14,09,2022,09,29,13,56,63,0,6
14,09,2022,09,29,14,56,63,52,6
14,09,2022,09,29,15,48,68,25,6
14,09,2022,09,29,17,42,69,0,6
14,09,2022,09,29,23,33,73,63,6
14,09,2022,09,29,24,54,66,63,6
14,09,2022,09,29,24,54,66,35,6
14,09,2022,09,29,26,44,65,9,7
14,09,2022,09,29,27,30,79,9,7
14,09,2022,09,29,33,53,81,0,7
14,09,2022,09,29,34,53,81,51,6
14,09,2022,09,29,35,49,82,20,6
14,09,2022,09,29,36,36,82,20,6
14,09,2022,09,29,37,36,82,0,6
14,09,2022,09,29,42,31,67,0,6
14,09,2022,09,29,43,31,67,64,7
14,09,2022,09,29,44,31,61,37,0
14,09,2022,09,29,46,36,53,0,0
14,09,2022,09,29,53,56,51,0,0
14,09,2022,09,29,53,56,51,53,0
14,09,2022,09,29,54,43,51,53,0
14,09,2022,09,29,55,43,51,17,0
14,09,2022,09,29,57,34,51,0,0
14,09,2022,09,30,03,32,51,59,5
14,09,2022,09,30,04,56,80,59,5
14,09,2022,09,30,04,56,80,37,1
14,09,2022,09,30,05,43,58,37,1
14,09,2022,09,30,06,43,58,6,0
14,09,2022,09,30,07,27,55,6,0
14,09,2022,09,30,13,58,103,0,0
14,09,2022,09,30,14,58,103,52,1
14,09,2022,09,30,14,51,51,52,1
14,09,2022,09,30,16,44,48,0,0
14,09,2022,09,30,17,32,47,0,0
14,09,2022,09,30,23,30,45,50,5
14,09,2022,09,30,23,53,61,50,5
14,09,2022,09,30,24,53,61,37,0
14,09,2022,09,30,26,48,56,6,0
14,09,2022,09,30,26,26,55,6,0
14,09,2022,09,30,33,54,108,0,0
14,09,2022,09,30,33,54,108,54,5
14,09,2022,09,30,34,46,62,54,5
14,09,2022,09,30,35,46,62,21,0
14,09,2022,09,30,36,41,58,0,0
14,09,2022,09,30,43,34,56,51,6
14,09,2022,09,30,43,53,57,51,6
14,09,2022,09,30,44,53,57,37,0
14,09,2022,09,30,45,40,49,37,0
14,09,2022,09,30,46,40,49,8,0
14,09,2022,09,30,46,29,48,8,0
14,09,2022,09,30,53,53,98,0,0
14,09,2022,09,30,53,53,98,54,0
14,09,2022,09,30,54,48,58,54,0
14,09,2022,09,30,55,48,58,26,0
14,09,2022,09,30,56,32,56,26,0
14,09,2022,09,30,56,32,56,0,0
14,09,2022,09,31,03,29,55,66,4
14,09,2022,09,31,03,54,65,66,4
14,09,2022,09,31,04,54,65,37,0
14,09,2022,09,31,05,43,61,37,0
14,09,2022,09,31,06,43,61,8,0
14,09,2022,09,31,06,27,60,8,0
14,09,2022,09,31,13,40,63,0,0
14,09,2022,09,31,13,40,63,53,6
14,09,2022,09,31,14,51,61,53,6
14,09,2022,09,31,15,51,61,34,0
14,09,2022,09,31,16,38,55,34,0
14,09,2022,09,31,16,38,55,0,0
14,09,2022,09,31,23,54,53,10,0
14,09,2022,09,31,28,32,53,0,0
14,09,2022,09,31,33,37,53,53,0
14,09,2022,09,31,34,55,53,53,0
14,09,2022,09,31,36,38,53,53,0
14,09,2022,09,31,36,38,53,0,0
14,09,2022,09,31,37,22,53,0,0
14,09,2022,09,31,43,54,79,3,0
14,09,2022,09,31,44,54,79,42,0
14,09,2022,09,31,45,48,51,42,0
14,09,2022,09,31,46,48,51,5,0
14,09,2022,09,31,46,32,49,5,0
14,09,2022,09,31,53,33,48,54,0
14,09,2022,09,31,54,51,48,54,0
14,09,2022,09,31,55,51,48,20,0
14,09,2022,09,31,56,33,48,20,0
14,09,2022,09,31,56,33,48,0,0
14,09,2022,09,32,03,54,82,10,0
14,09,2022,09,32,04,54,82,49,0
14,09,2022,09,32,05,54,58,49,0
14,09,2022,09,32,06,54,58,9,0
14,09,2022,09,32,06,30,57,9,0
14,09,2022,09,32,13,40,56,55,0
14,09,2022,09,32,15,47,57,21,0
14,09,2022,09,32,16,35,57,21,0
14,09,2022,09,32,16,35,57,0,0
14,09,2022,09,32,23,54,56,8,0
14,09,2022,09,32,24,54,56,49,0
14,09,2022,09,32,25,46,56,9,0
14,09,2022,09,32,31,35,56,0,0
14,09,2022,09,32,33,43,56,55,0
14,09,2022,09,32,35,50,56,34,0
14,09,2022,09,32,36,40,57,0,0
14,09,2022,09,32,37,25,56,0,0
14,09,2022,09,32,42,24,56,19,0
14,09,2022,09,32,43,52,56,19,0
14,09,2022,09,32,44,52,56,42,0
14,09,2022,09,32,45,46,56,8,0
14,09,2022,09,32,46,24,56,8,0
14,09,2022,09,32,52,39,56,0,0
14,09,2022,09,32,53,39,56,54,0
14,09,2022,09,32,55,49,56,32,0
14,09,2022,09,32,55,36,57,32,0
14,09,2022,09,32,56,36,57,0,0
14,09,2022,09,32,59,25,56,0,0
14,09,2022,09,33,03,52,57,0,0
14,09,2022,09,33,04,52,57,46,0
14,09,2022,09,33,05,47,56,8,0
14,09,2022,09,33,08,32,56,0,0
14,09,2022,09,33,13,42,56,55,0
14,09,2022,09,33,15,51,56,31,0
14,09,2022,09,33,15,36,57,31,0
14,09,2022,09,33,16,36,57,0,0
14,09,2022,09,33,22,34,56,21,0
14,09,2022,09,33,23,55,56,21,0
14,09,2022,09,33,24,55,56,46,0
14,09,2022,09,33,25,46,56,8,0
14,09,2022,09,33,26,33,56,8,0
14,09,2022,09,33,33,30,56,53,0
14,09,2022,09,33,34,50,57,53,0
14,09,2022,09,33,35,50,57,22,0
14,09,2022,09,33,35,34,56,22,0
14,09,2022,09,33,36,34,56,0,0
14,09,2022,09,33,43,57,56,0,0
14,09,2022,09,33,44,57,56,49,0
14,09,2022,09,33,45,46,56,49,0
14,09,2022,09,33,45,46,56,9,0
14,09,2022,09,33,46,29,56,9,0
14,09,2022,09,33,53,28,56,55,0
14,09,2022,09,33,54,54,211,55,0
14,09,2022,09,33,55,54,211,37,5
14,09,2022,09,33,55,46,190,37,5
14,09,2022,09,33,56,46,190,0,0
14,09,2022,09,33,57,46,157,0,0
14,09,2022,09,34,03,54,189,0,0
14,09,2022,09,34,04,54,189,49,0
14,09,2022,09,34,05,48,151,49,0
14,09,2022,09,34,05,48,151,10,0
14,09,2022,09,34,06,22,147,10,0
14,09,2022,09,34,13,21,144,54,7
14,09,2022,09,34,14,53,148,54,7
14,09,2022,09,34,15,53,148,32,0
14,09,2022,09,34,15,38,141,32,0
14,09,2022,09,34,16,38,141,0,0
14,09,2022,09,34,23,55,193,0,0
14,09,2022,09,34,24,55,193,48,0
14,09,2022,09,34,25,48,153,48,0
14,09,2022,09,34,25,48,153,9,0
14,09,2022,09,34,28,36,148,0,0
14,09,2022,09,34,33,35,144,55,6
14,09,2022,09,34,34,52,163,55,6
14,09,2022,09,34,35,52,163,33,0
14,09,2022,09,34,36,52,158,0,0
14,09,2022,09,34,37,35,156,0,0
14,09,2022,09,34,43,55,192,0,0
14,09,2022,09,34,44,55,192,52,0
14,09,2022,09,34,45,55,147,52,0
14,09,2022,09,34,45,55,147,9,0
14,09,2022,09,34,46,44,144,9,0
14,09,2022,09,34,53,37,140,54,6
14,09,2022,09,34,54,57,162,54,6
14,09,2022,09,34,55,57,162,36,0
14,09,2022,09,34,56,57,145,36,0
14,09,2022,09,34,56,57,145,0,0
14,09,2022,09,34,57,27,143,0,0
14,09,2022,09,35,03,54,194,0,0
14,09,2022,09,35,04,54,194,44,0
14,09,2022,09,35,04,49,154,44,0
14,09,2022,09,35,05,49,154,16,0
14,09,2022,09,35,07,43,150,0,0
14,09,2022,09,35,13,43,147,54,7
14,09,2022,09,35,14,43,157,27,0
14,09,2022,09,35,15,48,144,27,0
14,09,2022,09,35,16,48,144,7,0
14,09,2022,09,35,17,32,141,7,0
14,09,2022,09,35,23,60,198,0,0
14,09,2022,09,35,24,60,198,51,0
14,09,2022,09,35,24,49,152,51,0
14,09,2022,09,35,25,49,152,8,0
14,09,2022,09,35,28,36,146,0,0
14,09,2022,09,35,33,36,143,54,6
14,09,2022,09,35,34,57,169,54,6
14,09,2022,09,35,34,57,169,37,0
14,09,2022,09,35,35,34,162,37,0
14,09,2022,09,35,36,34,162,7,0
14,09,2022,09,35,43,61,224,0,0
14,09,2022,09,35,44,61,224,52,0
14,09,2022,09,35,44,61,155,52,0
14,09,2022,09,35,45,61,155,22,0
14,09,2022,09,35,46,37,145,22,0
14,09,2022,09,35,47,37,145,0,0
14,09,2022,09,35,53,35,141,63,0
14,09,2022,09,35,54,54,141,63,0
14,09,2022,09,35,54,54,141,35,0
14,09,2022,09,35,55,41,141,35,0
14,09,2022,09,35,56,41,141,0,0
14,09,2022,09,35,58,25,141,0,0
14,09,2022,09,36,03,59,204,0,0
14,09,2022,09,36,04,59,204,51,5
14,09,2022,09,36,04,47,178,51,5
14,09,2022,09,36,05,47,178,51,0
14,09,2022,09,36,06,42,151,51,0
14,09,2022,09,36,07,42,151,0,0
14,09,2022,09,36,13,34,146,50,3
14,09,2022,09,36,14,58,182,50,3
14,09,2022,09,36,14,58,182,36,0
14,09,2022,09,36,15,58,156,36,0
14,09,2022,09,36,16,58,156,7,0
14,09,2022,09,36,17,30,153,7,0
14,09,2022,09,36,23,61,209,0,0
14,09,2022,09,36,24,61,209,51,5
14,09,2022,09,36,24,49,149,51,5
14,09,2022,09,36,25,49,149,18,0
14,09,2022,09,36,27,40,141,0,0
14,09,2022,09,36,27,28,140,0,0
14,09,2022,09,36,33,27,139,50,4
14,09,2022,09,36,34,55,172,50,4
14,09,2022,09,36,34,55,172,45,0
14,09,2022,09,36,35,48,143,45,0
14,09,2022,09,36,36,48,143,8,0
14,09,2022,09,36,37,35,140,8,0
14,09,2022,09,36,43,64,195,0,0
14,09,2022,09,36,44,64,195,54,5
14,09,2022,09,36,44,51,145,54,5
14,09,2022,09,36,45,51,145,22,0
14,09,2022,09,36,46,37,136,22,0
14,09,2022,09,36,47,37,136,0,0
14,09,2022,09,36,50,26,133,0,0
14,09,2022,09,36,53,26,132,50,3
14,09,2022,09,36,54,57,179,50,3
14,09,2022,09,36,54,57,179,36,0
14,09,2022,09,36,55,46,154,36,0
14,09,2022,09,36,56,46,154,6,0
14,09,2022,09,36,58,35,150,0,0
14,09,2022,09,37,03,61,206,0,0
14,09,2022,09,37,04,61,206,53,4
14,09,2022,09,37,04,49,146,53,4
14,09,2022,09,37,05,49,146,24,0
14,09,2022,09,37,06,37,141,24,0
14,09,2022,09,37,07,37,141,0,0
14,09,2022,09,37,13,35,139,67,3
14,09,2022,09,37,14,58,175,67,3
14,09,2022,09,37,14,58,175,37,4
14,09,2022,09,37,15,45,150,37,4
14,09,2022,09,37,16,45,150,5,0
14,09,2022,09,37,23,63,194,0,0
14,09,2022,09,37,23,63,194,53,5
14,09,2022,09,37,24,48,151,53,5
14,09,2022,09,37,25,48,151,53,0
14,09,2022,09,37,27,46,144,0,0
14,09,2022,09,37,29,35,141,0,0
14,09,2022,09,37,33,35,139,64,2
14,09,2022,09,37,34,54,179,64,2
14,09,2022,09,37,34,54,179,36,0
14,09,2022,09,37,35,45,144,36,0
14,09,2022,09,37,36,45,144,5,0
14,09,2022,09,37,43,59,193,0,0
14,09,2022,09,37,43,59,193,0,6
14,09,2022,09,37,44,48,142,0,6
14,09,2022,09,37,45,48,142,22,0
14,09,2022,09,37,46,35,132,22,0
14,09,2022,09,37,47,35,132,0,0
14,09,2022,09,37,53,33,129,67,3
14,09,2022,09,37,53,54,165,67,3
14,09,2022,09,37,54,54,165,36,0
14,09,2022,09,37,55,44,145,36,0
14,09,2022,09,37,56,44,145,5,0
14,09,2022,09,37,57,33,142,5,0
14,09,2022,09,38,03,58,200,0,0
14,09,2022,09,38,03,58,200,52,5
14,09,2022,09,38,04,50,154,52,5
14,09,2022,09,38,05,50,154,25,0
14,09,2022,09,38,06,40,140,25,0
14,09,2022,09,38,07,40,140,0,0
14,09,2022,09,38,13,37,133,23,0
14,09,2022,09,38,13,57,181,23,0
14,09,2022,09,38,14,57,181,47,5
14,09,2022,09,38,15,47,135,47,5
14,09,2022,09,38,16,47,135,8,0
14,09,2022,09,38,17,36,129,8,0
14,09,2022,09,38,23,58,180,0,0
14,09,2022,09,38,23,58,180,54,5
14,09,2022,09,38,24,50,145,54,5
14,09,2022,09,38,25,50,145,54,0
14,09,2022,09,38,26,34,133,54,0
14,09,2022,09,38,26,34,133,0,0
14,09,2022,09,38,33,57,177,9,0
14,09,2022,09,38,34,57,177,43,4
14,09,2022,09,38,35,45,146,43,4
14,09,2022,09,38,36,45,146,10,4
14,09,2022,09,38,36,23,139,10,4
14,09,2022,09,38,37,23,139,0,0
14,09,2022,09,38,43,22,141,55,5
14,09,2022,09,38,44,49,166,55,5
14,09,2022,09,38,45,49,166,34,0
14,09,2022,09,38,46,39,141,34,0
14,09,2022,09,38,46,39,141,0,0
14,09,2022,09,38,53,38,136,17,0
14,09,2022,09,38,53,57,167,17,0
14,09,2022,09,38,54,57,167,45,5
14,09,2022,09,38,55,47,145,45,5
14,09,2022,09,38,56,47,145,7,0
14,09,2022,09,39,01,0,135,0,0
14,09,2022,09,39,03,48,143,0,0
14,09,2022,09,39,03,48,143,55,5
14,09,2022,09,39,04,51,163,55,5
14,09,2022,09,39,05,51,163,26,0
14,09,2022,09,39,06,41,143,26,0
14,09,2022,09,39,06,41,143,0,0
14,09,2022,09,39,13,38,138,19,0
14,09,2022,09,39,13,58,158,19,0
14,09,2022,09,39,14,58,158,46,5
14,09,2022,09,39,15,51,143,46,5
14,09,2022,09,39,16,51,143,8,0
14,09,2022,09,39,16,29,133,8,0
14,09,2022,09,39,23,36,138,55,0
14,09,2022,09,39,24,54,166,55,0
14,09,2022,09,39,25,54,166,35,0
14,09,2022,09,39,26,40,137,35,0
14,09,2022,09,39,26,40,137,0,0
14,09,2022,09,39,33,41,165,9,0
14,09,2022,09,39,34,41,165,44,6
14,09,2022,09,39,35,49,138,44,6
14,09,2022,09,39,36,49,138,9,0
14,09,2022,09,39,36,37,133,9,0
14,09,2022,09,39,43,43,131,0,5
14,09,2022,09,39,44,55,164,0,5
14,09,2022,09,39,45,55,164,33,5
14,09,2022,09,39,46,55,130,33,5
14,09,2022,09,39,46,55,130,0,0
14,09,2022,09,39,47,37,127,0,0
14,09,2022,09,39,53,55,154,7,0
14,09,2022,09,39,54,55,154,46,5
14,09,2022,09,39,56,48,154,7,0
14,09,2022,09,39,56,38,139,7,0
14,09,2022,09,40,03,41,141,54,0
14,09,2022,09,40,04,51,164,54,0
14,09,2022,09,40,05,51,164,26,4
14,09,2022,09,40,06,41,151,26,4
14,09,2022,09,40,06,41,151,0,0
14,09,2022,09,40,09,30,145,0,0
14,09,2022,09,40,13,30,143,28,0
14,09,2022,09,40,13,55,160,28,0
14,09,2022,09,40,14,55,160,46,6
14,09,2022,09,40,15,47,143,46,6
14,09,2022,09,40,16,47,143,7,0
14,09,2022,09,40,16,30,133,7,0
14,09,2022,09,40,23,43,133,0,0
14,09,2022,09,40,23,43,133,54,5
14,09,2022,09,40,24,49,166,54,5
14,09,2022,09,40,25,49,166,32,4
14,09,2022,09,40,26,38,126,32,4
14,09,2022,09,40,26,38,126,0,0
14,09,2022,09,40,33,58,163,0,0
14,09,2022,09,40,34,58,163,48,0
14,09,2022,09,40,35,49,169,9,0
14,09,2022,09,40,36,37,126,9,0
14,09,2022,09,40,43,35,122,54,0
14,09,2022,09,40,44,54,149,54,0
14,09,2022,09,40,45,54,149,34,5
14,09,2022,09,40,46,41,140,34,5
14,09,2022,09,40,46,41,140,0,0
14,09,2022,09,40,49,33,129,0,0
14,09,2022,09,40,53,57,173,0,0
14,09,2022,09,40,54,57,173,49,5
14,09,2022,09,40,55,48,155,49,5
14,09,2022,09,40,55,48,155,9,0
14,09,2022,09,40,56,30,129,9,0
14,09,2022,09,41,03,30,125,54,5
14,09,2022,09,41,04,53,163,54,5
14,09,2022,09,41,05,53,163,34,5
14,09,2022,09,41,05,36,129,34,5
14,09,2022,09,41,06,36,129,0,0
14,09,2022,09,41,07,35,118,0,0
14,09,2022,09,41,13,55,157,0,0
14,09,2022,09,41,14,55,157,48,5
14,09,2022,09,41,16,49,126,48,4
14,09,2022,09,41,17,49,126,0,0
14,09,2022,09,41,18,27,122,0,0
14,09,2022,09,41,23,26,120,53,5
14,09,2022,09,41,24,55,153,53,5
14,09,2022,09,41,25,55,153,36,5
14,09,2022,09,41,25,43,129,36,5
14,09,2022,09,41,26,43,129,0,0
14,09,2022,09,41,27,31,123,0,0
14,09,2022,09,41,33,59,165,0,0
14,09,2022,09,41,34,59,165,50,0
14,09,2022,09,41,35,59,166,9,0
14,09,2022,09,41,36,39,132,9,0
14,09,2022,09,41,43,36,128,54,5
14,09,2022,09,41,44,54,156,54,5
14,09,2022,09,41,45,54,156,35,5
14,09,2022,09,41,45,41,129,35,5
14,09,2022,09,41,46,41,129,0,0
14,09,2022,09,41,47,36,118,0,0
14,09,2022,09,41,53,56,165,0,0
14,09,2022,09,41,54,56,165,49,5
14,09,2022,09,41,55,51,158,8,4
14,09,2022,09,41,56,36,133,8,4
14,09,2022,09,41,57,36,133,0,0
14,09,2022,09,42,03,30,128,53,6
14,09,2022,09,42,04,59,155,53,6
14,09,2022,09,42,05,59,155,36,5
14,09,2022,09,42,05,41,171,36,5
14,09,2022,09,42,06,41,171,7,0
14,09,2022,09,42,07,36,126,7,0
14,09,2022,09,42,13,60,164,8,0
14,09,2022,09,42,14,60,164,8,5
14,09,2022,09,42,15,44,164,8,5
14,09,2022,09,42,15,44,164,0,1
14,09,2022,09,42,16,30,120,0,1
14,09,2022,09,42,23,29,116,53,5
14,09,2022,09,42,24,55,158,53,5
14,09,2022,09,42,25,55,158,33,5
14,09,2022,09,42,25,40,151,33,5
14,09,2022,09,42,26,40,151,0,0
14,09,2022,09,42,27,36,125,0,0
14,09,2022,09,42,33,58,169,0,0
14,09,2022,09,42,34,58,169,49,5
14,09,2022,09,42,35,50,157,49,5
14,09,2022,09,42,35,50,157,8,4
14,09,2022,09,42,36,36,143,8,4
14,09,2022,09,42,37,36,143,0,0
14,09,2022,09,42,43,36,137,54,6
14,09,2022,09,42,44,54,166,54,6
14,09,2022,09,42,45,54,166,34,5
14,09,2022,09,42,45,35,163,34,5
14,09,2022,09,42,46,35,163,0,0
14,09,2022,09,42,47,32,122,0,0
14,09,2022,09,42,53,58,166,0,0
14,09,2022,09,42,54,58,166,49,6
14,09,2022,09,42,55,51,166,9,4
14,09,2022,09,42,56,35,127,9,4
14,09,2022,09,42,57,35,127,0,0
14,09,2022,09,43,03,33,119,55,6
14,09,2022,09,43,04,55,164,55,6
14,09,2022,09,43,04,55,164,36,6
14,09,2022,09,43,05,38,161,36,6
14,09,2022,09,43,06,38,161,8,0
14,09,2022,09,43,07,28,133,8,0
14,09,2022,09,43,13,58,166,0,0
14,09,2022,09,43,14,58,166,48,5
14,09,2022,09,43,15,53,166,9,5
14,09,2022,09,43,16,40,166,9,5
14,09,2022,09,43,17,40,166,0,0
14,09,2022,09,43,18,38,135,0,0
14,09,2022,09,43,23,38,132,64,5
14,09,2022,09,43,24,59,164,64,5
14,09,2022,09,43,24,59,164,34,6
14,09,2022,09,43,25,46,169,34,6
14,09,2022,09,43,26,46,169,0,0
14,09,2022,09,43,27,34,127,0,0
14,09,2022,09,43,33,64,171,0,0
14,09,2022,09,43,34,64,171,53,6
14,09,2022,09,43,34,47,161,53,6
14,09,2022,09,43,35,47,161,20,5
14,09,2022,09,43,36,30,167,20,5
14,09,2022,09,43,37,30,167,0,0
14,09,2022,09,43,38,29,134,0,0
14,09,2022,09,43,43,29,130,49,5
14,09,2022,09,43,44,54,173,49,5
14,09,2022,09,43,44,54,173,35,5
14,09,2022,09,43,46,44,170,0,4
14,09,2022,09,43,47,27,137,0,4
14,09,2022,09,43,48,27,137,0,0
14,09,2022,09,43,53,62,181,0,0
14,09,2022,09,43,54,62,181,51,0
14,09,2022,09,43,54,47,166,51,0
14,09,2022,09,43,55,47,166,51,5
14,09,2022,09,43,56,39,150,51,5
14,09,2022,09,43,57,39,150,0,0
14,09,2022,09,43,58,34,131,0,0
14,09,2022,09,44,03,33,126,66,3
14,09,2022,09,44,04,56,165,66,3
14,09,2022,09,44,04,56,165,37,5
14,09,2022,09,44,05,41,172,37,5
14,09,2022,09,44,06,41,172,8,6
14,09,2022,09,44,07,41,132,8,6
14,09,2022,09,44,07,41,132,0,0
14,09,2022,09,44,13,61,171,0,0
14,09,2022,09,44,14,61,171,53,6
14,09,2022,09,44,14,49,170,53,6
14,09,2022,09,44,15,49,170,20,5
14,09,2022,09,44,16,36,166,20,5
14,09,2022,09,44,17,36,166,0,0
14,09,2022,09,44,17,35,136,0,0
14,09,2022,09,44,23,35,132,65,4
14,09,2022,09,44,24,54,172,65,4
14,09,2022,09,44,24,54,172,38,5
14,09,2022,09,44,27,41,154,38,4
14,09,2022,09,44,27,41,154,0,0
14,09,2022,09,44,28,41,140,0,0
14,09,2022,09,44,33,62,186,0,0
14,09,2022,09,44,34,62,186,53,0
14,09,2022,09,44,34,49,167,53,0
14,09,2022,09,44,35,49,167,22,6
14,09,2022,09,44,36,29,168,22,6
14,09,2022,09,44,37,29,168,22,0
14,09,2022,09,44,37,27,134,22,0
14,09,2022,09,44,38,27,134,0,0
14,09,2022,09,44,43,27,128,66,3
14,09,2022,09,44,44,53,179,66,3
14,09,2022,09,44,44,53,179,36,5
14,09,2022,09,44,45,41,165,36,5
14,09,2022,09,44,46,41,165,5,5
14,09,2022,09,44,47,32,138,5,5
14,09,2022,09,44,47,32,138,0,0
14,09,2022,09,44,53,56,179,0,0
14,09,2022,09,44,54,56,179,52,5
14,09,2022,09,44,54,47,156,52,5
14,09,2022,09,44,55,47,156,25,5
14,09,2022,09,44,57,43,161,0,5
14,09,2022,09,44,57,37,131,0,5
14,09,2022,09,44,58,37,131,0,0
14,09,2022,09,45,03,37,128,53,4
14,09,2022,09,45,04,55,165,53,4
14,09,2022,09,45,04,55,165,37,4
14,09,2022,09,45,06,45,157,0,6
14,09,2022,09,45,07,38,134,0,6
14,09,2022,09,45,07,38,134,0,0
14,09,2022,09,45,11,38,122,0,0
14,09,2022,09,45,13,57,175,0,0
14,09,2022,09,45,14,57,175,53,6
14,09,2022,09,45,14,51,163,53,6
14,09,2022,09,45,15,51,163,20,5
14,09,2022,09,45,17,47,156,0,0
14,09,2022,09,45,17,37,121,0,0
14,09,2022,09,45,23,37,116,51,4
14,09,2022,09,45,24,37,153,51,4
14,09,2022,09,45,24,37,153,36,5
14,09,2022,09,45,26,39,148,0,5
14,09,2022,09,45,27,26,135,0,5
14,09,2022,09,45,27,26,135,0,0
14,09,2022,09,45,30,25,124,0,0
14,09,2022,09,45,33,60,173,0,0
14,09,2022,09,45,33,60,173,54,0
14,09,2022,09,45,34,50,162,54,0
14,09,2022,09,45,35,50,162,22,5
14,09,2022,09,45,37,47,153,0,5
14,09,2022,09,45,37,41,131,0,5
14,09,2022,09,45,38,41,131,0,0
14,09,2022,09,45,43,41,122,33,0
14,09,2022,09,45,44,56,163,33,0
14,09,2022,09,45,44,56,163,46,5
14,09,2022,09,45,45,45,162,46,5
14,09,2022,09,45,46,45,162,8,5
14,09,2022,09,45,47,43,148,8,5
14,09,2022,09,45,47,43,148,0,0
14,09,2022,09,45,48,43,137,0,0
14,09,2022,09,45,53,42,143,53,5
14,09,2022,09,45,54,54,153,53,5
14,09,2022,09,45,55,54,153,33,5
14,09,2022,09,45,56,43,155,33,5
14,09,2022,09,45,57,43,155,0,5
14,09,2022,09,45,57,43,137,0,5
14,09,2022,09,45,58,43,137,0,0
14,09,2022,09,45,59,31,128,0,0
14,09,2022,09,46,03,31,127,22,0
14,09,2022,09,46,03,58,167,22,0
14,09,2022,09,46,04,58,167,44,5
14,09,2022,09,46,06,51,161,8,5
14,09,2022,09,46,07,35,157,8,5
14,09,2022,09,46,07,35,157,0,0
14,09,2022,09,46,08,29,135,0,0
14,09,2022,09,46,13,40,135,0,0
14,09,2022,09,46,13,40,135,53,5
14,09,2022,09,46,14,53,168,53,5
14,09,2022,09,46,15,53,168,34,5
14,09,2022,09,46,16,39,153,34,5
14,09,2022,09,46,16,39,153,0,4
14,09,2022,09,46,17,30,138,0,4
14,09,2022,09,46,18,30,138,0,0
14,09,2022,09,46,23,30,132,17,0
14,09,2022,09,46,23,30,172,17,0
14,09,2022,09,46,24,30,172,44,6
14,09,2022,09,46,25,46,169,44,6
14,09,2022,09,46,26,46,169,8,5
14,09,2022,09,46,27,28,169,8,5
14,09,2022,09,46,27,28,169,8,0
14,09,2022,09,46,28,28,127,8,0
14,09,2022,09,46,33,45,129,0,0
14,09,2022,09,46,33,45,129,53,6
14,09,2022,09,46,34,54,166,53,6
14,09,2022,09,46,35,54,166,29,5
14,09,2022,09,46,36,39,160,29,5
14,09,2022,09,46,36,39,160,0,5
14,09,2022,09,46,38,33,160,0,0
14,09,2022,09,46,39,32,134,0,0
14,09,2022,09,46,43,58,155,0,0
14,09,2022,09,46,44,58,155,46,6
14,09,2022,09,46,45,45,162,46,6
14,09,2022,09,46,46,45,162,5,6
14,09,2022,09,46,46,30,169,5,6
14,09,2022,09,46,47,30,169,0,0
14,09,2022,09,46,48,29,125,0,0
14,09,2022,09,46,53,41,123,0,0
14,09,2022,09,46,53,41,123,56,5
14,09,2022,09,46,54,54,153,56,5
14,09,2022,09,46,55,54,153,28,6
14,09,2022,09,46,56,25,154,28,6
14,09,2022,09,46,56,25,154,0,5
14,09,2022,09,46,57,24,170,0,5
14,09,2022,09,46,58,24,170,0,0
14,09,2022,09,46,59,24,130,0,0
14,09,2022,09,47,03,23,125,13,0
14,09,2022,09,47,03,61,157,13,0
14,09,2022,09,47,04,61,157,49,5
14,09,2022,09,47,05,47,171,49,5
14,09,2022,09,47,06,47,171,6,5
14,09,2022,09,47,06,34,163,6,5
14,09,2022,09,47,08,33,142,0,3
14,09,2022,09,47,09,33,142,0,0
14,09,2022,09,47,13,46,142,0,0
14,09,2022,09,47,13,46,142,54,5
14,09,2022,09,47,14,46,161,54,5
14,09,2022,09,47,15,46,161,22,5
14,09,2022,09,47,16,39,153,0,5
14,09,2022,09,47,17,23,127,0,5
14,09,2022,09,47,18,23,127,0,0
14,09,2022,09,47,23,58,165,3,0
14,09,2022,09,47,24,58,165,3,6
14,09,2022,09,47,26,33,160,7,4
14,09,2022,09,47,28,31,143,0,4
14,09,2022,09,47,29,31,143,0,0
14,09,2022,09,47,33,51,146,0,0
14,09,2022,09,47,33,51,146,55,5
14,09,2022,09,47,34,50,168,55,5
14,09,2022,09,47,35,50,168,34,5
14,09,2022,09,47,36,41,164,0,5
14,09,2022,09,47,37,34,130,0,5
14,09,2022,09,47,38,34,130,0,0
14,09,2022,09,47,39,34,119,0,0
14,09,2022,09,47,43,34,176,7,0
14,09,2022,09,47,44,34,176,49,5
14,09,2022,09,47,45,46,164,49,5
14,09,2022,09,47,46,46,164,8,5
14,09,2022,09,47,46,34,154,8,5
14,09,2022,09,47,48,32,138,0,5
14,09,2022,09,47,49,32,138,0,0
14,09,2022,09,47,53,51,136,0,0
14,09,2022,09,47,53,51,136,54,5
14,09,2022,09,47,54,48,169,54,5
14,09,2022,09,47,55,48,169,33,5
14,09,2022,09,47,56,41,165,0,5
14,09,2022,09,47,57,26,169,0,5
14,09,2022,09,47,58,26,169,0,0
14,09,2022,09,47,59,26,144,0,0
14,09,2022,09,48,03,26,141,16,0
14,09,2022,09,48,03,55,166,16,0
14,09,2022,09,48,04,55,166,44,0
14,09,2022,09,48,06,45,174,9,5
14,09,2022,09,48,06,26,175,9,5
14,09,2022,09,48,08,25,144,0,5
14,09,2022,09,48,10,24,140,0,0
14,09,2022,09,48,13,24,138,53,0
14,09,2022,09,48,14,53,178,53,0
14,09,2022,09,48,15,53,178,35,6
14,09,2022,09,48,16,37,179,35,6
14,09,2022,09,48,18,37,178,0,0
14,09,2022,09,48,19,29,143,0,0
14,09,2022,09,48,23,60,186,0,0
14,09,2022,09,48,24,60,186,50,5
14,09,2022,09,48,26,53,186,8,5
14,09,2022,09,48,28,29,153,0,5
14,09,2022,09,48,29,29,153,0,0
14,09,2022,09,48,29,29,142,0,0
14,09,2022,09,48,33,29,139,54,5
14,09,2022,09,48,34,57,174,54,5
14,09,2022,09,48,35,57,174,37,5
14,09,2022,09,48,36,46,171,37,5
14,09,2022,09,48,36,46,171,0,6
14,09,2022,09,48,37,28,171,0,6
14,09,2022,09,48,38,28,171,0,0
14,09,2022,09,48,39,28,147,0,0
14,09,2022,09,48,43,58,171,0,0
14,09,2022,09,48,44,58,171,52,0
14,09,2022,09,48,45,51,165,9,5
14,09,2022,09,48,46,36,182,9,5
14,09,2022,09,48,48,36,135,9,4
14,09,2022,09,48,49,36,135,0,0
14,09,2022,09,48,53,28,131,54,6
14,09,2022,09,48,54,53,158,54,6
14,09,2022,09,48,55,53,158,34,5
14,09,2022,09,48,56,53,175,34,5
14,09,2022,09,48,56,53,175,0,5
14,09,2022,09,48,57,39,172,0,5
14,09,2022,09,48,58,39,172,0,0
14,09,2022,09,48,59,39,132,0,0
14,09,2022,09,49,03,57,175,0,0
14,09,2022,09,49,04,57,175,47,0
14,09,2022,09,49,05,49,175,8,5
14,09,2022,09,49,06,31,175,8,5
14,09,2022,09,49,08,31,130,0,5
14,09,2022,09,49,09,31,130,0,0
14,09,2022,09,49,13,31,120,55,5
14,09,2022,09,49,14,56,149,55,5
14,09,2022,09,49,15,56,149,33,5
14,09,2022,09,49,16,48,157,0,5
14,09,2022,09,49,18,39,163,0,0
14,09,2022,09,49,20,38,122,0,0
14,09,2022,09,49,23,59,167,0,0
14,09,2022,09,49,24,59,167,51,6
14,09,2022,09,49,25,51,167,8,5
14,09,2022,09,49,26,35,162,8,5
14,09,2022,09,49,28,34,131,0,5
14,09,2022,09,49,30,34,122,0,0
14,09,2022,09,49,33,34,120,53,5
14,09,2022,09,49,34,58,153,53,5
14,09,2022,09,49,35,58,153,36,4
14,09,2022,09,49,35,44,155,36,4
14,09,2022,09,49,36,44,155,0,6
14,09,2022,09,49,37,29,154,0,6
14,09,2022,09,49,38,29,154,0,0
14,09,2022,09,49,39,30,133,0,0
14,09,2022,09,49,43,56,157,0,0
14,09,2022,09,49,44,56,157,48,5
14,09,2022,09,49,45,52,146,48,5
14,09,2022,09,49,45,52,146,9,6
14,09,2022,09,49,46,38,154,9,6
14,09,2022,09,49,48,37,155,0,0
14,09,2022,09,49,49,37,121,0,0
14,09,2022,09,49,53,37,120,54,6
14,09,2022,09,49,54,55,157,54,6
14,09,2022,09,49,55,55,157,36,4
14,09,2022,09,49,56,46,149,7,5
14,09,2022,09,49,58,38,152,0,0
14,09,2022,09,49,58,38,133,0,0
14,09,2022,09,50,03,58,161,0,0
14,09,2022,09,50,04,58,161,48,5
14,09,2022,09,50,05,46,148,48,5
14,09,2022,09,50,05,46,148,10,6
14,09,2022,09,50,08,38,137,0,5
14,09,2022,09,50,10,38,127,0,0
14,09,2022,09,50,13,38,125,55,0
14,09,2022,09,50,14,57,151,55,0
14,09,2022,09,50,15,57,151,36,5
14,09,2022,09,50,15,45,168,36,5
14,09,2022,09,50,16,45,168,0,5
14,09,2022,09,50,18,37,133,0,4
14,09,2022,09,50,19,37,133,0,0
14,09,2022,09,50,23,61,161,0,0
14,09,2022,09,50,24,61,161,51,5
14,09,2022,09,50,25,50,152,51,5
14,09,2022,09,50,25,50,152,10,6
14,09,2022,09,50,28,36,141,0,5
14,09,2022,09,50,28,36,141,0,0
14,09,2022,09,50,32,36,130,0,0
14,09,2022,09,50,33,36,130,55,0
14,09,2022,09,50,34,55,153,55,0
14,09,2022,09,50,35,55,153,35,6
14,09,2022,09,50,35,37,160,35,6
14,09,2022,09,50,36,37,160,0,5
14,09,2022,09,50,38,33,160,0,0
14,09,2022,09,50,38,31,124,0,0
14,09,2022,09,50,43,61,169,0,0
14,09,2022,09,50,44,61,169,53,0
14,09,2022,09,50,45,51,164,25,5
14,09,2022,09,50,46,40,164,25,5
14,09,2022,09,50,47,40,164,0,5
14,09,2022,09,50,48,34,156,0,0
14,09,2022,09,50,49,34,127,0,0
14,09,2022,09,50,53,33,125,51,5
14,09,2022,09,50,54,55,164,51,5
14,09,2022,09,50,55,55,164,36,6
14,09,2022,09,50,55,44,157,36,6
14,09,2022,09,50,56,44,157,7,5
14,09,2022,09,50,58,34,137,0,4
14,09,2022,09,50,59,34,137,0,0
14,09,2022,09,51,03,61,181,0,0
14,09,2022,09,51,04,61,181,53,0
14,09,2022,09,51,05,50,174,53,0
14,09,2022,09,51,05,50,174,28,5
14,09,2022,09,51,06,28,167,28,5
14,09,2022,09,51,07,28,167,0,5
14,09,2022,09,51,08,27,167,0,0
14,09,2022,09,51,09,26,144,0,0
14,09,2022,09,51,13,27,141,66,4
14,09,2022,09,51,14,54,180,66,4
14,09,2022,09,51,14,54,180,37,6
14,09,2022,09,51,15,39,173,37,6
14,09,2022,09,51,16,39,173,0,5
14,09,2022,09,51,17,27,190,0,5
14,09,2022,09,51,18,27,159,0,5
14,09,2022,09,51,19,27,159,0,0
14,09,2022,09,51,23,60,151,0,0
14,09,2022,09,51,24,60,151,53,5
14,09,2022,09,51,25,51,172,53,5
14,09,2022,09,51,25,51,172,20,5
14,09,2022,09,51,26,35,166,20,5
14,09,2022,09,51,27,35,166,0,5
14,09,2022,09,51,28,34,169,0,0
14,09,2022,09,51,29,33,144,0,0
14,09,2022,09,51,33,34,141,67,2
14,09,2022,09,51,34,56,168,67,2
14,09,2022,09,51,34,56,168,36,5
14,09,2022,09,51,35,42,173,36,5
14,09,2022,09,51,36,42,173,0,4
14,09,2022,09,51,38,37,149,0,4
14,09,2022,09,51,41,37,143,0,0
14,09,2022,09,51,43,58,186,0,0
14,09,2022,09,51,44,58,186,52,5
14,09,2022,09,51,44,48,159,52,5
14,09,2022,09,51,45,48,159,23,5
14,09,2022,09,51,46,30,153,23,5
14,09,2022,09,51,47,30,153,0,5
14,09,2022,09,51,48,30,171,0,5
14,09,2022,09,51,48,30,171,0,0
14,09,2022,09,51,51,29,128,0,0
14,09,2022,09,51,53,30,128,64,3
14,09,2022,09,51,54,56,156,64,3
14,09,2022,09,51,54,56,156,35,5
14,09,2022,09,51,55,43,163,35,5
14,09,2022,09,51,56,43,163,0,5
14,09,2022,09,51,57,36,149,0,5
14,09,2022,09,51,58,36,128,0,5
14,09,2022,09,52,01,36,128,0,0
14,09,2022,09,52,03,60,173,0,0
14,09,2022,09,52,04,60,173,53,5
14,09,2022,09,52,04,49,159,53,5
14,09,2022,09,52,05,49,159,23,5
14,09,2022,09,52,07,40,155,0,5
14,09,2022,09,52,08,33,162,0,0
14,09,2022,09,52,09,33,119,0,0
14,09,2022,09,52,13,33,117,69,5
14,09,2022,09,52,14,33,149,69,5
14,09,2022,09,52,14,33,149,36,5
14,09,2022,09,52,16,41,153,9,5
14,09,2022,09,52,17,28,158,9,5
14,09,2022,09,52,19,28,158,0,0
14,09,2022,09,52,20,27,131,0,0
14,09,2022,09,52,23,56,181,0,0
14,09,2022,09,52,24,56,181,53,5
14,09,2022,09,52,24,47,145,53,5
14,09,2022,09,52,25,47,145,20,4
14,09,2022,09,52,27,42,153,0,6
14,09,2022,09,52,27,31,149,0,6
14,09,2022,09,52,28,31,149,0,0
14,09,2022,09,52,29,30,118,0,0
14,09,2022,09,52,33,30,114,54,5
14,09,2022,09,52,34,55,159,54,5
14,09,2022,09,52,34,55,159,37,5
14,09,2022,09,52,35,40,156,37,5
14,09,2022,09,52,36,40,156,8,5
14,09,2022,09,52,39,36,149,0,0
14,09,2022,09,52,40,37,113,0,0
14,09,2022,09,52,43,58,163,0,0
14,09,2022,09,52,44,58,163,52,6
14,09,2022,09,52,45,58,154,21,6
14,09,2022,09,52,46,38,159,21,6
14,09,2022,09,52,47,38,159,0,5
14,09,2022,09,52,49,38,136,0,3
14,09,2022,09,52,50,38,136,0,0
14,09,2022,09,52,53,38,131,51,4
14,09,2022,09,52,54,57,153,51,4
14,09,2022,09,52,54,57,153,37,5
14,09,2022,09,52,55,44,162,37,5
14,09,2022,09,52,56,44,162,7,5
14,09,2022,09,52,57,27,150,7,5
14,09,2022,09,52,58,27,125,7,5
14,09,2022,09,52,59,27,125,0,0
14,09,2022,09,53,03,60,164,0,0
14,09,2022,09,53,04,60,164,0,5
14,09,2022,09,53,04,54,144,0,5
14,09,2022,09,53,05,54,144,25,5
14,09,2022,09,53,07,54,142,0,5
14,09,2022,09,53,07,33,159,0,5
14,09,2022,09,53,09,33,124,0,5
14,09,2022,09,53,10,33,124,0,0
14,09,2022,09,53,13,32,119,16,0
14,09,2022,09,53,14,59,154,16,0
14,09,2022,09,53,14,59,154,44,5
14,09,2022,09,53,15,47,147,44,5
14,09,2022,09,53,16,47,147,9,5
14,09,2022,09,53,17,34,150,9,5
14,09,2022,09,53,19,33,148,0,0
14,09,2022,09,53,20,33,112,0,0
14,09,2022,09,53,23,54,114,0,0
14,09,2022,09,53,24,54,114,53,4
14,09,2022,09,53,24,53,143,53,4
14,09,2022,09,53,25,53,143,33,5
14,09,2022,09,53,27,44,150,0,6
14,09,2022,09,53,27,33,158,0,6
14,09,2022,09,53,29,33,130,0,5
14,09,2022,09,53,30,33,130,0,0
14,09,2022,09,53,33,32,125,23,0
14,09,2022,09,53,34,59,153,23,0
14,09,2022,09,53,34,59,153,23,5
14,09,2022,09,53,36,59,145,9,5
14,09,2022,09,53,37,27,156,9,5
14,09,2022,09,53,39,27,151,0,0
14,09,2022,09,53,40,26,125,0,0
14,09,2022,09,53,43,37,121,0,0
14,09,2022,09,53,43,37,121,55,6
14,09,2022,09,53,44,50,147,55,6
14,09,2022,09,53,45,50,147,34,6
14,09,2022,09,53,46,35,163,34,6
14,09,2022,09,53,47,35,163,0,5
14,09,2022,09,53,49,33,138,0,4
14,09,2022,09,53,50,33,138,0,0
14,09,2022,09,53,54,56,161,2,0
14,09,2022,09,53,54,56,161,46,5
14,09,2022,09,53,56,48,165,7,5
14,09,2022,09,53,57,25,164,7,5
14,09,2022,09,53,59,25,163,0,0
14,09,2022,09,54,00,25,133,0,0
14,09,2022,09,54,03,48,135,0,0
14,09,2022,09,54,03,48,135,54,5
14,09,2022,09,54,04,54,176,54,5
14,09,2022,09,54,05,54,176,28,6
14,09,2022,09,54,06,42,179,28,6
14,09,2022,09,54,07,42,179,0,5
14,09,2022,09,54,07,37,166,0,5
14,09,2022,09,54,10,37,157,0,0
14,09,2022,09,54,10,37,134,0,0
14,09,2022,09,54,14,56,172,1,0
14,09,2022,09,54,14,56,172,43,5
14,09,2022,09,54,16,48,165,4,5
14,09,2022,09,54,17,36,160,4,5
14,09,2022,09,54,18,36,176,0,6
14,09,2022,09,54,19,36,176,0,0
14,09,2022,09,54,20,36,136,0,0
14,09,2022,09,54,23,50,141,0,0
14,09,2022,09,54,23,50,141,53,4
14,09,2022,09,54,24,53,159,53,4
14,09,2022,09,54,25,53,159,33,6
14,09,2022,09,54,26,35,164,33,6
14,09,2022,09,54,28,32,161,0,5
14,09,2022,09,54,30,33,151,0,0
14,09,2022,09,54,30,32,135,0,0
14,09,2022,09,54,33,57,152,10,0
14,09,2022,09,54,34,57,152,48,5
14,09,2022,09,54,36,52,155,10,5
14,09,2022,09,54,37,37,159,10,5
14,09,2022,09,54,39,36,149,0,0
14,09,2022,09,54,40,36,122,0,0
14,09,2022,09,54,43,51,120,0,0
14,09,2022,09,54,43,51,120,54,6
14,09,2022,09,54,44,51,155,54,6
14,09,2022,09,54,45,51,155,34,6
14,09,2022,09,54,46,33,155,34,6
14,09,2022,09,54,46,33,155,0,5
14,09,2022,09,54,49,36,138,0,5
14,09,2022,09,54,50,36,138,0,0
14,09,2022,09,54,50,36,113,0,0
14,09,2022,09,54,53,56,152,4,0
14,09,2022,09,54,54,56,152,45,5
14,09,2022,09,54,56,46,152,8,5
14,09,2022,09,54,56,32,151,8,5
14,09,2022,09,54,59,30,149,0,0
14,09,2022,09,55,00,30,111,0,0
14,09,2022,09,55,03,41,112,0,0
14,09,2022,09,55,03,41,112,54,5
14,09,2022,09,55,04,52,146,54,5
14,09,2022,09,55,05,52,146,34,6
14,09,2022,09,55,06,44,146,0,5
14,09,2022,09,55,07,33,154,0,5
14,09,2022,09,55,10,33,152,0,0
14,09,2022,09,55,10,33,125,0,0
14,09,2022,09,55,13,33,125,20,0
14,09,2022,09,55,13,58,153,20,0
14,09,2022,09,55,14,58,153,45,5
14,09,2022,09,55,15,46,155,45,5
14,09,2022,09,55,16,46,155,8,5
14,09,2022,09,55,16,27,147,8,5
14,09,2022,09,55,19,26,143,0,0
14,09,2022,09,55,20,26,118,0,0
14,09,2022,09,55,23,27,119,54,5
14,09,2022,09,55,24,52,150,54,5
14,09,2022,09,55,25,52,150,35,5
14,09,2022,09,55,26,45,147,0,5
14,09,2022,09,55,27,32,142,0,5
14,09,2022,09,55,29,32,142,0,0
14,09,2022,09,55,30,32,116,0,0
14,09,2022,09,55,33,56,147,10,0
14,09,2022,09,55,34,56,147,49,5
14,09,2022,09,55,36,48,140,8,5
14,09,2022,09,55,36,26,149,8,5
14,09,2022,09,55,39,25,147,0,0
14,09,2022,09,55,39,24,117,0,0
14,09,2022,09,55,43,24,114,55,5
14,09,2022,09,55,44,53,145,55,5
14,09,2022,09,55,45,53,145,34,5
14,09,2022,09,55,46,43,146,0,5
14,09,2022,09,55,47,32,151,0,5
14,09,2022,09,55,49,32,149,0,0
14,09,2022,09,55,50,32,110,0,0
14,09,2022,09,55,53,56,145,0,0
14,09,2022,09,55,54,56,145,48,5
14,09,2022,09,55,55,48,159,48,5
14,09,2022,09,55,56,48,159,10,5
14,09,2022,09,55,56,35,149,10,5
14,09,2022,09,55,59,34,129,0,5
14,09,2022,09,56,00,34,129,0,0
14,09,2022,09,56,01,34,117,0,0
14,09,2022,09,56,03,35,115,55,5
14,09,2022,09,56,04,53,156,55,5
14,09,2022,09,56,05,53,156,34,5
14,09,2022,09,56,06,46,156,0,6
14,09,2022,09,56,09,38,156,0,0
14,09,2022,09,56,10,39,129,0,0
14,09,2022,09,56,13,61,167,0,0
14,09,2022,09,56,14,61,167,49,5
14,09,2022,09,56,16,51,168,7,5
14,09,2022,09,56,16,31,161,7,5
14,09,2022,09,56,19,30,131,0,5
14,09,2022,09,56,20,30,131,0,0
14,09,2022,09,56,23,30,124,0,5
14,09,2022,09,56,24,55,164,0,5
14,09,2022,09,56,25,55,164,31,5
14,09,2022,09,56,26,40,173,31,5
14,09,2022,09,56,26,40,173,0,5
14,09,2022,09,56,29,34,180,0,0
14,09,2022,09,56,30,35,144,0,0
14,09,2022,09,56,33,57,141,0,0
14,09,2022,09,56,34,57,141,48,5
14,09,2022,09,56,35,49,179,48,5
14,09,2022,09,56,36,49,179,9,5
14,09,2022,09,56,36,42,168,9,5
14,09,2022,09,56,40,37,167,0,0
14,09,2022,09,56,41,37,141,0,0
14,09,2022,09,56,43,37,139,54,5
14,09,2022,09,56,44,54,171,54,5
14,09,2022,09,56,45,54,171,36,5
14,09,2022,09,56,46,33,175,36,5
14,09,2022,09,56,46,33,175,7,5
14,09,2022,09,56,47,26,161,7,5
14,09,2022,09,56,49,26,160,0,0
14,09,2022,09,56,50,26,137,0,0
14,09,2022,09,56,53,58,165,0,0
14,09,2022,09,56,54,58,165,50,6
14,09,2022,09,56,55,46,153,50,6
14,09,2022,09,56,55,46,153,9,5
14,09,2022,09,56,56,31,175,9,5
14,09,2022,09,56,58,29,156,0,5
14,09,2022,09,57,00,28,155,0,0
14,09,2022,09,57,01,28,123,0,0
14,09,2022,09,57,03,29,121,53,5
14,09,2022,09,57,04,54,151,53,5
14,09,2022,09,57,05,54,151,36,6
14,09,2022,09,57,06,44,156,0,5
14,09,2022,09,57,10,37,134,0,4
14,09,2022,09,57,11,37,134,0,0
14,09,2022,09,57,13,56,164,0,0
14,09,2022,09,57,14,56,164,48,4
14,09,2022,09,57,15,49,143,48,4
14,09,2022,09,57,15,49,143,10,6
14,09,2022,09,57,16,36,143,10,6
14,09,2022,09,57,18,34,159,0,5
14,09,2022,09,57,20,33,156,0,0
14,09,2022,09,57,21,34,125,0,0
14,09,2022,09,57,23,33,122,54,6
14,09,2022,09,57,24,54,148,54,6
14,09,2022,09,57,25,54,148,37,5
14,09,2022,09,57,25,38,148,37,5
14,09,2022,09,57,28,29,145,0,5
14,09,2022,09,57,30,30,121,0,4
14,09,2022,09,57,31,30,121,0,0
14,09,2022,09,57,33,57,164,0,0
14,09,2022,09,57,34,57,164,51,5
14,09,2022,09,57,35,51,152,51,5
14,09,2022,09,57,35,51,152,8,5
14,09,2022,09,57,36,32,143,8,5
14,09,2022,09,57,40,29,147,0,0
14,09,2022,09,57,41,28,122,0,0
14,09,2022,09,57,43,29,120,54,6
14,09,2022,09,57,44,56,150,54,6
14,09,2022,09,57,45,56,150,35,5
14,09,2022,09,57,46,47,150,0,5
14,09,2022,09,57,47,33,145,0,5
14,09,2022,09,57,50,0,113,0,5
14,09,2022,09,57,51,0,113,0,0
14,09,2022,09,57,52,32,109,0,0
14,09,2022,09,57,53,61,144,0,0
14,09,2022,09,57,54,61,144,48,5
14,09,2022,09,57,55,52,146,9,5
14,09,2022,09,57,56,35,153,9,5
14,09,2022,09,57,58,35,142,0,5
14,09,2022,09,58,00,35,142,0,0
14,09,2022,09,58,01,35,120,0,0
14,09,2022,09,58,03,35,118,54,5
14,09,2022,09,58,04,57,149,54,5
14,09,2022,09,58,05,57,149,33,5
14,09,2022,09,58,05,42,151,33,5
14,09,2022,09,58,06,42,151,0,5
14,09,2022,09,58,10,36,124,0,6
14,09,2022,09,58,11,36,124,0,0
14,09,2022,09,58,12,36,113,0,0
14,09,2022,09,58,13,59,154,0,0
14,09,2022,09,58,14,59,154,52,6
14,09,2022,09,58,15,55,152,25,5
14,09,2022,09,58,16,28,152,25,5
14,09,2022,09,58,20,27,145,0,0
14,09,2022,09,58,21,27,115,0,0
14,09,2022,09,58,23,27,111,67,5
14,09,2022,09,58,24,27,155,67,5
14,09,2022,09,58,25,27,155,37,5
14,09,2022,09,58,25,43,146,37,5
14,09,2022,09,58,26,43,146,0,5
14,09,2022,09,58,30,33,158,0,5
14,09,2022,09,58,32,33,135,0,5
14,09,2022,09,58,32,33,135,0,0
14,09,2022,09,58,33,65,180,0,0
14,09,2022,09,58,34,65,180,53,5
14,09,2022,09,58,35,49,157,53,5
14,09,2022,09,58,35,49,157,23,5
14,09,2022,09,58,37,43,157,0,5
14,09,2022,09,58,39,35,173,0,5
14,09,2022,09,58,41,35,138,0,3
14,09,2022,09,58,41,35,138,0,0
14,09,2022,09,58,43,35,135,52,4
14,09,2022,09,58,44,57,165,52,4
14,09,2022,09,58,45,57,165,37,5
14,09,2022,09,58,45,43,171,37,5
14,09,2022,09,58,46,43,171,7,5
14,09,2022,09,58,47,32,175,7,5
14,09,2022,09,58,48,32,163,0,5
14,09,2022,09,58,50,32,152,0,5
14,09,2022,09,58,51,32,152,0,0
14,09,2022,09,58,52,31,140,0,0
14,09,2022,09,58,53,58,187,0,0
14,09,2022,09,58,54,58,187,54,5
14,09,2022,09,58,55,47,161,54,5
14,09,2022,09,58,55,47,161,27,5
14,09,2022,09,58,56,36,170,27,5
14,09,2022,09,58,57,36,170,0,5
14,09,2022,09,59,01,30,135,0,5
14,09,2022,09,59,01,30,135,0,0
14,09,2022,09,59,03,30,129,54,5
14,09,2022,09,59,04,61,166,54,5
14,09,2022,09,59,05,61,166,35,5
14,09,2022,09,59,05,50,156,35,5
14,09,2022,09,59,06,50,156,9,4
14,09,2022,09,59,07,37,151,9,4
14,09,2022,09,59,10,36,163,0,6
14,09,2022,09,59,11,36,163,0,0
14,09,2022,09,59,11,36,127,0,0
14,09,2022,09,59,13,63,166,0,0
14,09,2022,09,59,14,63,166,53,5
14,09,2022,09,59,15,53,156,28,5
14,09,2022,09,59,16,39,156,28,5
14,09,2022,09,59,17,39,156,0,5
14,09,2022,09,59,21,35,126,0,3
14,09,2022,09,59,21,35,126,0,0
14,09,2022,09,59,23,36,123,53,5
14,09,2022,09,59,24,60,151,53,5
14,09,2022,09,59,25,45,155,49,5
14,09,2022,09,59,26,45,155,8,5
14,09,2022,09,59,27,34,151,8,5
14,09,2022,09,59,31,34,141,0,0
14,09,2022,09,59,31,34,123,0,0
14,09,2022,09,59,33,58,161,0,0
14,09,2022,09,59,34,58,161,50,0
14,09,2022,09,59,35,50,139,50,0
14,09,2022,09,59,35,50,139,21,5
14,09,2022,09,59,36,34,140,21,5
14,09,2022,09,59,37,34,140,0,5
14,09,2022,09,59,38,32,153,0,5
14,09,2022,09,59,41,32,125,0,5
14,09,2022,09,59,41,32,125,0,0
14,09,2022,09,59,43,32,118,0,5
14,09,2022,09,59,44,57,141,0,5
14,09,2022,09,59,44,57,141,37,6
14,09,2022,09,59,46,57,149,4,5
14,09,2022,09,59,47,39,140,4,5
14,09,2022,09,59,51,39,118,0,6
14,09,2022,09,59,52,39,118,0,0
14,09,2022,09,59,53,59,153,0,0
14,09,2022,09,59,54,59,153,55,4
14,09,2022,09,59,54,59,140,55,4
14,09,2022,09,59,55,59,140,22,5
14,09,2022,09,59,56,42,142,22,5
14,09,2022,09,59,57,42,142,0,5
14,09,2022,10,00,01,39,112,0,5
14,09,2022,10,00,01,39,112,0,0
14,09,2022,10,00,03,39,107,50,5
14,09,2022,10,00,04,56,151,50,5
14,09,2022,10,00,04,56,151,36,5
14,09,2022,10,00,05,43,147,36,5
14,09,2022,10,00,06,43,147,5,4
14,09,2022,10,00,11,39,111,0,4
14,09,2022,10,00,12,39,111,0,0
14,09,2022,10,00,13,58,148,0,0
14,09,2022,10,00,14,58,148,51,5
14,09,2022,10,00,15,53,147,24,5
14,09,2022,10,00,16,42,144,24,5
14,09,2022,10,00,17,42,144,0,5
14,09,2022,10,00,21,40,120,0,5
14,09,2022,10,00,21,40,120,0,0
14,09,2022,10,00,23,40,110,18,0
14,09,2022,10,00,24,40,139,18,0
14,09,2022,10,00,24,40,139,43,5
14,09,2022,10,00,25,52,142,43,5
14,09,2022,10,00,26,52,142,8,5
14,09,2022,10,00,27,33,152,8,5
14,09,2022,10,00,31,32,130,0,4
14,09,2022,10,00,32,32,130,0,0
14,09,2022,10,00,33,43,128,0,0
14,09,2022,10,00,34,43,128,52,5
14,09,2022,10,00,34,53,162,52,5
14,09,2022,10,00,35,53,162,32,5
14,09,2022,10,00,37,43,155,0,5
14,09,2022,10,00,39,35,166,0,5
14,09,2022,10,00,41,36,171,0,0
14,09,2022,10,00,42,36,136,0,0
14,09,2022,10,00,44,59,177,6,0
14,09,2022,10,00,44,59,177,45,5
14,09,2022,10,00,45,46,179,45,5
14,09,2022,10,00,46,46,179,5,5
14,09,2022,10,00,47,34,166,5,5
14,09,2022,10,00,51,34,164,0,0
14,09,2022,10,00,51,34,132,0,0
14,09,2022,10,00,53,58,138,0,0
14,09,2022,10,00,54,58,138,55,4
14,09,2022,10,00,54,51,164,55,4
14,09,2022,10,00,55,51,164,27,5
14,09,2022,10,00,56,37,168,27,5
14,09,2022,10,00,57,37,168,0,6
14,09,2022,10,01,01,35,154,0,5
14,09,2022,10,01,01,35,154,0,0
14,09,2022,10,01,02,35,117,0,0
14,09,2022,10,01,03,35,117,15,0
14,09,2022,10,01,04,35,158,15,0
14,09,2022,10,01,04,35,158,44,5
14,09,2022,10,01,05,52,152,44,5
14,09,2022,10,01,06,52,152,9,5
14,09,2022,10,01,07,36,148,9,5
14,09,2022,10,01,08,35,161,0,5
14,09,2022,10,01,11,35,127,0,4
14,09,2022,10,01,12,35,127,0,0
14,09,2022,10,01,14,45,127,54,5
14,09,2022,10,01,14,53,157,54,5
14,09,2022,10,01,15,53,157,31,5
14,09,2022,10,01,16,41,149,31,5
14,09,2022,10,01,17,41,149,0,5
14,09,2022,10,01,17,37,138,0,5
14,09,2022,10,01,21,36,147,0,0
14,09,2022,10,01,22,36,117,0,0
14,09,2022,10,01,23,36,117,21,0
14,09,2022,10,01,24,57,143,21,0
14,09,2022,10,01,24,57,143,49,5
14,09,2022,10,01,26,47,148,8,5
14,09,2022,10,01,28,36,145,0,5
14,09,2022,10,01,31,2,110,0,5
14,09,2022,10,01,32,2,110,0,0
14,09,2022,10,01,33,0,0,0,0
14,09,2022,10,12,42,0,0,663,474
14,09,2022,10,12,43,149,383,663,474
14,09,2022,10,12,43,149,383,630,498
14,09,2022,10,12,44,114,360,630,498
14,09,2022,10,12,45,114,360,253,498
14,09,2022,10,12,46,114,379,253,498
14,09,2022,10,12,47,114,379,182,494
14,09,2022,10,12,47,77,361,182,494
14,09,2022,10,12,48,77,361,150,494
14,09,2022,10,12,49,56,356,150,494
14,09,2022,10,12,49,56,356,75,498
14,09,2022,10,12,51,51,354,43,497
14,09,2022,10,12,52,54,326,43,497
14,09,2022,10,12,53,50,346,53,498
14,09,2022,10,12,54,50,346,37,498
14,09,2022,10,12,55,41,320,37,498
14,09,2022,10,12,56,41,320,6,500
14,09,2022,10,12,56,24,332,6,500
14,09,2022,10,12,58,23,316,0,502
14,09,2022,10,12,59,23,316,0,412
14,09,2022,10,12,59,20,261,0,412
14,09,2022,10,13,00,20,261,0,317
14,09,2022,10,13,01,20,250,0,317
14,09,2022,10,13,02,20,250,51,249
14,09,2022,10,13,03,54,220,51,249
14,09,2022,10,13,03,54,220,46,164
14,09,2022,10,13,04,39,200,46,164
14,09,2022,10,13,05,39,200,0,164
14,09,2022,10,13,06,19,146,0,164
14,09,2022,10,13,06,19,146,0,60
14,09,2022,10,13,07,19,160,0,60
14,09,2022,10,13,12,55,146,0,59
14,09,2022,10,13,14,48,141,12,29
14,09,2022,10,13,15,27,126,12,29
14,09,2022,10,13,16,27,126,0,29
14,09,2022,10,13,18,25,138,0,29
14,09,2022,10,13,22,25,133,18,29
14,09,2022,10,13,22,52,135,18,29
14,09,2022,10,13,23,52,135,51,29
14,09,2022,10,13,25,43,132,1,30
14,09,2022,10,13,25,25,124,1,30
14,09,2022,10,13,31,25,124,0,18
14,09,2022,10,13,32,39,106,0,18
14,09,2022,10,13,33,39,106,54,18
14,09,2022,10,13,33,53,114,54,18
14,09,2022,10,13,34,53,114,33,16
14,09,2022,10,13,35,41,117,33,16
14,09,2022,10,13,35,41,117,0,17
14,09,2022,10,13,38,32,128,0,18
14,09,2022,10,13,42,32,124,15,17
14,09,2022,10,13,42,54,135,15,17
14,09,2022,10,13,43,54,135,45,18
14,09,2022,10,13,45,44,130,9,16
14,09,2022,10,13,47,32,121,0,18
14,09,2022,10,13,49,32,110,0,18
14,09,2022,10,13,49,32,110,0,5
14,09,2022,10,13,53,32,108,53,17
14,09,2022,10,13,53,51,97,53,17
14,09,2022,10,13,54,51,97,33,5
14,09,2022,10,13,56,51,105,0,5
14,09,2022,10,13,56,24,103,0,5
14,09,2022,10,14,02,54,97,6,5
14,09,2022,10,14,03,54,97,44,5
14,09,2022,10,14,05,45,90,9,5
14,09,2022,10,14,06,26,92,9,5
14,09,2022,10,14,09,22,103,0,5
14,09,2022,10,14,12,31,90,0,5
14,09,2022,10,14,12,31,90,54,5
14,09,2022,10,14,13,48,93,54,5
14,09,2022,10,14,14,48,93,33,5
14,09,2022,10,14,15,35,101,33,5
14,09,2022,10,14,15,35,101,1,5
14,09,2022,10,14,22,32,101,26,5
14,09,2022,10,14,22,54,99,26,5
14,09,2022,10,14,25,45,92,8,5
14,09,2022,10,14,27,26,104,0,5
14,09,2022,10,14,32,36,101,56,5
14,09,2022,10,14,33,48,104,56,5
14,09,2022,10,14,34,48,104,28,5
14,09,2022,10,14,35,31,109,28,5
14,09,2022,10,14,35,31,109,0,5
14,09,2022,10,14,42,26,115,17,5
14,09,2022,10,14,42,54,110,17,5
14,09,2022,10,14,43,54,110,46,5
14,09,2022,10,14,45,44,103,10,5
14,09,2022,10,14,45,31,110,10,5
14,09,2022,10,14,52,50,108,0,5
14,09,2022,10,14,52,50,108,55,5
14,09,2022,10,14,54,51,116,34,5
14,09,2022,10,14,55,35,111,34,5
14,09,2022,10,14,55,35,111,1,5
14,09,2022,10,15,02,52,110,10,5
14,09,2022,10,15,03,52,110,45,5
14,09,2022,10,15,05,43,105,9,5
14,09,2022,10,15,05,23,111,9,5
14,09,2022,10,15,10,0,60,0,5
14,09,2022,10,15,11,0,60,0,0
14,09,2022,10,15,12,0,0,0,0
14,09,2022,11,15,24,139,315,0,0
14,09,2022,11,15,25,139,315,748,0
14,09,2022,11,15,27,134,308,749,500
14,09,2022,11,15,29,137,296,749,500
14,09,2022,11,15,30,125,302,748,500
14,09,2022,11,15,32,129,286,749,501
14,09,2022,11,15,37,131,271,749,501
14,09,2022,11,15,38,131,271,506,500
14,09,2022,11,15,38,88,283,506,500
14,09,2022,11,15,39,88,283,249,499
14,09,2022,11,15,40,70,273,249,499
14,09,2022,11,15,41,70,273,172,500
14,09,2022,11,15,43,50,272,172,499
14,09,2022,11,15,45,43,278,36,500
14,09,2022,11,15,47,26,278,36,499
14,09,2022,11,15,48,26,278,0,500
14,09,2022,11,15,55,38,281,10,501
14,09,2022,11,15,58,40,280,9,421
14,09,2022,11,15,58,44,224,9,421
14,09,2022,11,15,59,44,224,0,335
14,09,2022,11,16,00,27,185,0,335
14,09,2022,11,16,01,27,185,0,226
14,09,2022,11,16,01,27,162,0,226
14,09,2022,11,16,02,27,162,0,165
14,09,2022,11,16,03,27,76,0,165
14,09,2022,11,16,04,27,76,0,50
14,09,2022,11,16,04,44,75,0,50
14,09,2022,11,16,07,31,113,0,50
14,09,2022,11,16,10,26,98,0,50
14,09,2022,11,16,12,25,85,0,51
14,09,2022,11,16,14,26,75,585,50
14,09,2022,11,16,16,19,76,0,50
14,09,2022,11,16,17,17,89,0,50
14,09,2022,11,16,18,17,107,0,51
14,09,2022,11,16,21,17,94,0,49
14,09,2022,11,16,23,17,79,0,50
14,09,2022,11,16,24,62,73,0,50
14,09,2022,11,16,25,62,73,76,5
14,09,2022,11,16,26,56,28,76,5
14,09,2022,11,16,27,56,28,75,0
14,09,2022,11,16,34,57,28,149,0
14,09,2022,11,16,35,75,27,149,0
14,09,2022,11,16,36,75,27,77,0
14,09,2022,11,16,37,57,27,77,0
14,09,2022,11,16,37,57,27,54,0
14,09,2022,11,16,39,51,27,37,0
14,09,2022,11,16,40,36,27,37,0
14,09,2022,11,16,41,24,27,37,0
14,09,2022,11,16,42,24,27,0,0
14,09,2022,11,16,44,43,27,0,0
14,09,2022,11,16,47,22,27,0,0
14,09,2022,11,16,54,21,27,10,38
14,09,2022,11,16,55,40,18,10,38
14,09,2022,11,16,56,40,18,6,0
14,09,2022,11,17,03,29,17,0,0
14,09,2022,11,17,04,41,46,0,0
14,09,2022,11,17,05,41,46,8,5
14,09,2022,11,17,06,24,203,8,5
14,09,2022,11,17,07,23,191,8,4
14,09,2022,11,17,09,22,154,0,4
14,09,2022,11,17,10,22,154,0,0
14,09,2022,11,17,14,20,146,8,46
14,09,2022,11,17,15,44,21,8,46
14,09,2022,11,17,16,44,21,7,0
14,09,2022,11,17,24,57,64,9,0
14,09,2022,11,17,25,57,64,50,0
14,09,2022,11,17,26,57,20,50,0
14,09,2022,11,17,26,57,20,23,0
14,09,2022,11,17,27,39,20,23,0
14,09,2022,11,17,28,39,20,0,0
14,09,2022,11,17,34,34,19,17,0
14,09,2022,11,17,36,37,20,0,0
14,09,2022,11,17,44,41,67,0,0
14,09,2022,11,17,46,31,26,1,0
14,09,2022,11,18,04,45,70,0,0
14,09,2022,11,18,05,45,70,11,0
14,09,2022,11,18,06,32,19,11,0
14,09,2022,11,18,06,32,19,0,0
14,09,2022,11,18,14,29,18,23,0
14,09,2022,11,18,15,41,19,23,0
14,09,2022,11,18,16,41,19,0,0
14,09,2022,11,18,24,27,83,0,0
14,09,2022,11,18,26,20,25,0,0
14,09,2022,11,18,34,19,24,30,0
14,09,2022,11,18,35,19,189,30,0
14,09,2022,11,18,35,19,189,30,5
14,09,2022,11,18,36,38,194,30,5
14,09,2022,11,18,37,38,194,0,5
14,09,2022,11,18,39,37,189,0,0
14,09,2022,11,18,39,37,152,0,0
14,09,2022,11,18,46,29,25,8,0
14,09,2022,11,19,04,47,87,0,0
14,09,2022,11,19,05,26,23,9,0
14,09,2022,11,19,14,23,22,21,0
14,09,2022,11,19,15,36,191,21,0
14,09,2022,11,19,15,36,191,0,5
14,09,2022,11,19,18,31,158,0,6
14,09,2022,11,19,19,31,158,0,0
14,09,2022,11,19,21,31,147,0,0
14,09,2022,11,19,36,34,25,9,0
14,09,2022,11,19,44,46,16,0,0
14,09,2022,11,19,45,24,199,9,1
14,09,2022,11,19,46,24,199,0,5
14,09,2022,11,19,47,24,163,0,5
14,09,2022,11,19,48,24,163,0,0
14,09,2022,11,19,53,23,152,0,0
14,09,2022,11,19,55,23,42,0,0
14,09,2022,11,20,05,36,36,9,0
14,09,2022,11,20,14,29,36,0,8
14,09,2022,11,20,15,29,34,0,0
14,09,2022,11,20,30,36,0,0,0
14,09,2022,11,20,31,36,34,0,0
14,09,2022,11,20,34,36,34,16,5
14,09,2022,11,20,35,34,33,0,0
14,09,2022,11,21,11,0,0,0,0
14,09,2022,11,21,22,54,128,0,0
14,09,2022,11,21,23,54,128,28,0
14,09,2022,11,21,24,32,37,28,0
14,09,2022,11,21,24,32,37,0,0
14,09,2022,11,21,32,31,35,0,4
14,09,2022,11,21,33,30,220,0,4
14,09,2022,11,21,34,27,183,0,5
14,09,2022,11,21,35,27,183,0,0
14,09,2022,11,21,36,27,169,0,0
14,09,2022,11,21,42,41,164,0,0
14,09,2022,11,21,44,29,164,9,0
14,09,2022,11,21,52,27,164,6,44
14,09,2022,11,21,53,41,50,6,44
14,09,2022,11,21,54,41,50,8,0
14,09,2022,11,21,54,46,37,8,0
14,09,2022,11,21,58,34,35,0,0
14,09,2022,11,22,04,39,229,10,0
14,09,2022,11,22,04,39,229,9,6
14,09,2022,11,22,07,43,182,10,5
14,09,2022,11,22,08,43,182,1,0
14,09,2022,11,22,08,28,172,1,0
14,09,2022,11,22,11,7,41,0,0
14,09,2022,11,22,13,1023,0,0,0
14,09,2022,11,22,34,0,0,0,0
14,09,2022,11,34,20,46,0,0,0
14,09,2022,11,34,21,46,0,0,50
14,09,2022,11,34,21,46,105,0,50
14,09,2022,11,34,22,46,105,175,49
14,09,2022,11,34,23,69,93,175,49
14,09,2022,11,34,24,54,75,175,51
14,09,2022,11,34,25,54,75,76,51
14,09,2022,11,34,28,44,63,76,52
14,09,2022,11,34,28,44,63,9,52
14,09,2022,11,34,29,0,0,9,52
14,09,2022,11,34,30,0,0,0,0
14,09,2022,12,44,33,119,0,0,0
14,09,2022,12,44,34,119,0,750,0
14,09,2022,12,44,38,99,0,750,0
14,09,2022,12,44,39,99,0,313,0
14,09,2022,12,44,39,74,0,313,0
14,09,2022,12,44,40,74,0,183,0
14,09,2022,12,44,42,64,0,149,0
14,09,2022,12,44,43,65,0,77,0
14,09,2022,12,44,44,49,0,77,0
14,09,2022,12,44,45,49,0,55,0
14,09,2022,12,44,46,40,0,1,0
14,09,2022,12,44,53,29,196,0,0
14,09,2022,12,44,54,29,196,0,5
14,09,2022,12,44,55,27,175,0,5
14,09,2022,12,44,56,27,175,0,0
14,09,2022,12,44,59,27,163,0,0
14,09,2022,12,45,03,37,166,28,5
14,09,2022,12,45,04,35,197,28,5
14,09,2022,12,45,05,35,197,1,5
14,09,2022,12,45,06,13,167,1,5
14,09,2022,12,45,06,13,167,0,0
14,09,2022,12,45,13,38,208,0,0
14,09,2022,12,45,15,39,165,0,0
14,09,2022,12,45,19,36,154,0,0
14,09,2022,12,45,23,31,154,9,5
14,09,2022,12,45,24,47,158,9,5
14,09,2022,12,45,25,47,158,9,0
14,09,2022,12,45,26,37,143,9,0
14,09,2022,12,45,27,26,140,8,0
14,09,2022,12,45,33,24,197,0,0
14,09,2022,12,45,35,29,166,0,0
14,09,2022,12,45,43,26,159,28,6
14,09,2022,12,45,45,34,164,437,0
14,09,2022,12,45,46,12,153,437,0
14,09,2022,12,45,46,12,153,0,0
14,09,2022,12,45,53,69,197,0,0
14,09,2022,12,45,54,69,197,79,0
14,09,2022,12,45,55,53,156,79,0
14,09,2022,12,45,56,53,156,55,0
14,09,2022,12,45,57,52,152,31,0
14,09,2022,12,45,59,43,150,0,0
14,09,2022,12,46,03,35,149,29,6
14,09,2022,12,46,04,33,171,29,6
14,09,2022,12,46,05,33,171,1,0
14,09,2022,12,46,07,27,160,0,0
14,09,2022,12,46,13,29,185,0,0
14,09,2022,12,46,15,41,157,10,0
14,09,2022,12,46,23,34,150,20,5
14,09,2022,12,46,24,40,163,20,5
14,09,2022,12,46,25,40,163,8,5
14,09,2022,12,46,25,52,163,8,5
14,09,2022,12,46,26,52,163,8,0
14,09,2022,12,46,27,41,154,8,0
14,09,2022,12,46,29,23,153,0,0
14,09,2022,12,46,33,37,190,0,0
14,09,2022,12,46,34,37,190,9,4
14,09,2022,12,46,35,38,158,9,4
14,09,2022,12,46,35,38,158,8,0
14,09,2022,12,46,41,36,147,0,0
14,09,2022,12,46,44,32,159,10,0
14,09,2022,12,46,52,25,148,0,0
14,09,2022,12,46,53,36,199,0,0
14,09,2022,12,46,55,28,150,6,0
14,09,2022,12,47,03,28,144,8,4
14,09,2022,12,47,05,35,144,8,0
14,09,2022,12,47,05,31,157,8,0
14,09,2022,12,47,13,24,189,0,0
14,09,2022,12,47,15,24,152,0,0
14,09,2022,12,47,23,22,146,10,5
14,09,2022,12,47,24,32,175,10,5
14,09,2022,12,47,25,32,175,0,0
14,09,2022,12,47,25,26,153,0,0
14,09,2022,12,47,33,36,193,0,0
14,09,2022,12,47,35,30,164,5,0
14,09,2022,12,47,43,28,156,9,6
14,09,2022,12,47,45,28,156,0,0
14,09,2022,12,47,45,15,155,0,0
14,09,2022,12,47,53,34,151,0,0
14,09,2022,12,47,56,23,152,0,0
14,09,2022,12,48,03,22,152,10,6
14,09,2022,12,48,04,34,190,10,6
14,09,2022,12,48,05,34,190,9,0
14,09,2022,12,48,05,42,160,9,0
14,09,2022,12,48,07,29,157,1,0
14,09,2022,12,48,11,28,0,0,0
14,09,2022,12,48,15,30,152,9,0
14,09,2022,12,48,23,25,146,6,5
14,09,2022,12,48,24,36,163,6,5
14,09,2022,12,48,25,36,163,0,0
14,09,2022,12,48,28,23,152,0,0
14,09,2022,12,48,33,37,205,0,0
14,09,2022,12,48,34,37,205,9,4
14,09,2022,12,48,34,42,173,9,4
14,09,2022,12,48,35,42,173,8,0
14,09,2022,12,48,36,27,166,8,0
14,09,2022,12,48,43,25,160,33,7
14,09,2022,12,48,44,28,153,0,0
14,09,2022,12,48,50,22,142,0,0
14,09,2022,12,48,53,22,196,0,0
14,09,2022,12,48,54,21,158,0,0
14,09,2022,12,49,03,20,151,8,5
14,09,2022,12,49,04,33,186,8,5
14,09,2022,12,49,04,33,186,9,0
14,09,2022,12,49,05,31,159,9,0
14,09,2022,12,49,13,34,201,0,0
14,09,2022,12,49,14,24,151,0,0
14,09,2022,12,49,23,20,145,8,5
14,09,2022,12,49,24,38,166,8,5
14,09,2022,12,49,24,38,166,0,0
14,09,2022,12,49,25,24,159,0,0
14,09,2022,12,49,33,23,200,0,0
14,09,2022,12,49,34,23,200,0,5
14,09,2022,12,49,34,23,167,0,5
14,09,2022,12,49,35,23,167,0,0
14,09,2022,12,49,39,23,156,0,0
14,09,2022,12,49,43,23,155,20,0
14,09,2022,12,49,45,35,155,20,0
14,09,2022,12,49,46,35,155,0,0
14,09,2022,12,49,53,32,207,0,0
14,09,2022,12,49,54,32,207,0,5
14,09,2022,12,49,54,25,160,0,5
14,09,2022,12,49,55,25,160,0,0
14,09,2022,12,49,56,24,148,0,0
14,09,2022,12,49,59,0,144,0,0
14,09,2022,12,50,01,25,144,0,0
14,09,2022,12,50,03,25,143,6,4
14,09,2022,12,50,04,39,160,6,4
14,09,2022,12,50,04,39,160,8,0
14,09,2022,12,50,08,35,149,0,0
14,09,2022,12,50,13,38,202,0,0
14,09,2022,12,50,14,38,202,1,5
14,09,2022,12,50,14,21,155,1,5
14,09,2022,12,50,15,21,155,0,0
14,09,2022,12,50,23,20,147,43,4
14,09,2022,12,50,24,21,168,43,4
14,09,2022,12,50,24,21,168,0,4
14,09,2022,12,50,25,20,156,0,4
14,09,2022,12,50,26,20,156,0,0
14,09,2022,12,50,33,37,202,0,0
14,09,2022,12,50,34,37,202,28,0
14,09,2022,12,50,34,39,157,28,0
14,09,2022,12,50,35,39,157,7,0
14,09,2022,12,50,44,35,180,3,0
14,09,2022,12,50,45,29,143,0,0
14,09,2022,12,50,54,39,164,8,0
14,09,2022,12,50,56,28,159,8,0
14,09,2022,12,51,04,38,181,0,0
14,09,2022,12,51,05,36,157,8,0
14,09,2022,12,51,08,23,150,0,0
14,09,2022,12,51,14,39,148,10,0
14,09,2022,12,51,25,24,157,11,0
14,09,2022,12,51,26,24,157,0,0
14,09,2022,12,51,33,21,153,0,5
14,09,2022,12,51,35,21,143,0,0
14,09,2022,12,51,43,21,134,12,0
14,09,2022,12,51,43,38,134,12,0
14,09,2022,12,51,44,38,134,1,0
14,09,2022,12,51,53,29,140,5,6
14,09,2022,12,51,54,26,193,5,6
14,09,2022,12,51,55,26,193,0,0
14,09,2022,12,51,56,25,158,0,0
14,09,2022,12,52,03,38,150,5,0
14,09,2022,12,52,05,22,151,0,0
14,09,2022,12,52,13,25,161,6,5
14,09,2022,12,52,15,30,161,0,0
14,09,2022,12,52,16,29,145,0,0
14,09,2022,12,52,23,29,140,12,0
14,09,2022,12,52,24,30,140,0,0
14,09,2022,12,52,25,26,161,0,0
14,09,2022,12,52,43,33,190,3,0
14,09,2022,12,52,44,33,190,7,5
14,09,2022,12,52,45,25,144,7,5
14,09,2022,12,52,46,25,144,0,0
14,09,2022,12,53,03,18,191,10,0
14,09,2022,12,53,04,18,191,0,4
14,09,2022,12,53,05,17,155,0,4
14,09,2022,12,53,06,17,155,0,0
14,09,2022,12,53,14,32,148,9,0
14,09,2022,12,53,23,40,198,0,0
14,09,2022,12,53,24,40,198,33,5
14,09,2022,12,53,25,40,164,33,5
14,09,2022,12,53,26,40,164,5,0
14,09,2022,12,53,33,30,155,4,6
14,09,2022,12,53,35,33,154,0,0
14,09,2022,12,53,39,32,143,0,0
14,09,2022,12,53,43,33,184,0,0
14,09,2022,12,53,45,28,156,0,0
14,09,2022,12,53,53,24,150,0,6
14,09,2022,12,53,54,34,196,0,6
14,09,2022,12,53,55,34,196,0,0
14,09,2022,12,53,56,28,167,0,0
14,09,2022,12,54,03,37,196,0,0
14,09,2022,12,54,05,37,146,8,0
14,09,2022,12,54,14,37,169,8,1
14,09,2022,12,54,17,26,159,0,0
14,09,2022,12,54,23,34,184,0,0
14,09,2022,12,54,25,40,158,9,0
14,09,2022,12,54,25,40,158,24,0
14,09,2022,12,54,27,39,155,1,0
14,09,2022,12,54,29,23,152,0,0
14,09,2022,12,54,34,37,152,8,0
14,09,2022,12,54,42,26,143,0,0
14,09,2022,12,54,43,36,190,0,0
14,09,2022,12,54,45,37,159,9,0
14,09,2022,12,54,46,22,156,0,0
14,09,2022,12,54,53,20,153,9,7
14,09,2022,12,54,54,39,172,9,7
14,09,2022,12,54,55,39,172,0,0
14,09,2022,12,54,55,22,162,0,0
14,09,2022,12,55,03,40,194,0,0
14,09,2022,12,55,05,35,156,5,0
14,09,2022,12,55,13,34,151,10,5
14,09,2022,12,55,14,17,173,10,5
14,09,2022,12,55,16,15,168,0,0
14,09,2022,12,55,23,36,201,0,0
14,09,2022,12,55,25,34,160,0,0
14,09,2022,12,55,33,25,155,0,7
14,09,2022,12,55,35,31,158,0,0
14,09,2022,12,55,37,30,147,0,0
14,09,2022,12,55,43,41,203,0,0
14,09,2022,12,55,44,41,203,23,4
14,09,2022,12,55,45,37,169,23,4
14,09,2022,12,55,45,37,169,0,0
14,09,2022,12,55,57,21,175,0,0
14,09,2022,12,56,03,31,225,0,0
14,09,2022,12,56,05,39,159,10,0
14,09,2022,12,56,08,27,155,0,0
14,09,2022,12,56,13,25,153,8,4
14,09,2022,12,56,15,32,153,0,0
14,09,2022,12,56,15,23,167,0,0
14,09,2022,12,56,23,38,217,0,0
14,09,2022,12,56,25,25,158,9,0
14,09,2022,12,56,33,23,151,8,3
14,09,2022,12,56,34,34,175,8,3
14,09,2022,12,56,34,34,175,1,0
14,09,2022,12,56,35,27,162,1,0
14,09,2022,12,56,43,31,217,0,0
14,09,2022,12,56,45,37,177,8,0
14,09,2022,12,56,53,27,170,24,2
14,09,2022,12,56,54,27,189,24,2
14,09,2022,12,56,54,27,189,8,0
14,09,2022,12,56,55,31,160,8,0
14,09,2022,12,56,57,19,157,1,0
14,09,2022,12,57,03,42,223,0,0
14,09,2022,12,57,04,36,164,8,0
14,09,2022,12,57,13,28,155,24,3
14,09,2022,12,57,14,33,181,24,3
14,09,2022,12,57,14,33,181,21,0
14,09,2022,12,57,15,23,168,21,0
14,09,2022,12,57,16,23,168,0,0
14,09,2022,12,57,23,43,228,0,0
14,09,2022,12,57,24,20,155,8,0
14,09,2022,12,57,33,16,150,24,2
14,09,2022,12,57,34,46,150,24,2
14,09,2022,12,57,34,46,150,0,0
14,09,2022,12,57,35,34,159,0,0
14,09,2022,12,57,43,42,218,0,0
14,09,2022,12,57,44,42,218,28,0
14,09,2022,12,57,44,37,164,28,0
14,09,2022,12,57,45,37,164,0,0
14,09,2022,12,57,46,25,161,0,0
14,09,2022,12,57,54,35,188,8,2
14,09,2022,12,57,55,23,156,1,0
14,09,2022,12,58,03,34,215,0,0
14,09,2022,12,58,04,35,161,9,1
14,09,2022,12,58,14,40,203,9,2
14,09,2022,12,58,15,25,162,0,0
14,09,2022,12,58,24,20,156,22,0
14,09,2022,12,58,25,20,156,0,0
14,09,2022,12,58,26,33,156,0,0
14,09,2022,12,58,34,35,204,0,0
14,09,2022,12,58,34,35,204,28,5
14,09,2022,12,58,35,30,169,28,5
14,09,2022,12,58,36,30,169,0,0
14,09,2022,12,58,38,16,158,0,0
14,09,2022,12,58,44,21,161,9,3
14,09,2022,12,58,44,45,174,9,3
14,09,2022,12,58,45,45,174,0,0
14,09,2022,12,58,50,41,163,0,0
14,09,2022,12,58,54,30,212,0,0
14,09,2022,12,58,55,30,174,9,0
14,09,2022,12,59,04,31,168,28,5
14,09,2022,12,59,04,32,183,28,5
14,09,2022,12,59,05,32,183,0,0
14,09,2022,12,59,09,23,172,0,0
14,09,2022,12,59,14,39,208,0,0
14,09,2022,12,59,15,39,169,0,0
14,09,2022,12,59,23,24,163,0,0
14,09,2022,12,59,23,24,163,0,6
14,09,2022,12,59,24,23,180,0,6
14,09,2022,12,59,25,23,180,0,0
14,09,2022,12,59,27,21,160,0,0
14,09,2022,12,59,34,31,191,1,0
14,09,2022,12,59,35,24,173,6,0
14,09,2022,12,59,43,24,169,9,5
14,09,2022,12,59,44,35,195,9,5
14,09,2022,12,59,45,35,195,9,0
14,09,2022,12,59,46,42,177,9,0
14,09,2022,12,59,49,28,173,0,0
14,09,2022,12,59,53,40,203,0,0
14,09,2022,12,59,55,43,171,8,0
14,09,2022,12,59,57,28,168,0,0
14,09,2022,13,00,03,25,168,9,6
14,09,2022,13,00,04,36,193,9,6
14,09,2022,13,00,05,36,193,8,0
14,09,2022,13,00,07,24,184,7,0
14,09,2022,13,00,13,39,212,0,0
14,09,2022,13,00,15,36,171,0,0
14,09,2022,13,00,23,28,166,10,4
14,09,2022,13,00,24,22,179,10,4
14,09,2022,13,00,25,22,179,0,0
14,09,2022,13,00,29,20,168,0,0
14,09,2022,13,00,33,34,209,0,0
14,09,2022,13,00,34,34,209,29,0
14,09,2022,13,00,35,30,160,29,0
14,09,2022,13,00,36,30,160,0,0
14,09,2022,13,00,36,16,160,0,0
14,09,2022,13,00,46,22,173,0,0
14,09,2022,13,00,53,39,167,0,0
14,09,2022,13,00,54,39,167,0,4
14,09,2022,13,00,55,20,181,0,4
14,09,2022,13,00,56,20,181,0,0
14,09,2022,13,00,59,20,170,0,0
14,09,2022,13,01,03,20,168,9,6
14,09,2022,13,01,04,31,171,9,6
14,09,2022,13,01,06,29,159,0,6
14,09,2022,13,01,06,29,159,0,0
14,09,2022,13,01,13,33,204,0,0
14,09,2022,13,01,15,23,168,0,0
14,09,2022,13,01,23,17,159,8,5
14,09,2022,13,01,24,35,196,8,5
14,09,2022,13,01,25,35,196,0,0
14,09,2022,13,01,26,31,167,0,0
14,09,2022,13,01,33,36,212,0,0
14,09,2022,13,01,35,23,158,0,0
14,09,2022,13,01,41,21,147,0,0
14,09,2022,13,01,43,21,146,9,4
14,09,2022,13,01,44,20,186,9,4
14,09,2022,13,01,45,20,186,0,0
14,09,2022,13,01,46,17,0,0,0
14,09,2022,13,01,47,17,146,0,0
14,09,2022,13,01,52,17,0,0,0
14,09,2022,13,01,53,35,198,0,0
14,09,2022,13,01,55,38,165,9,0
14,09,2022,13,01,56,25,160,8,0
14,09,2022,13,01,59,21,0,0,0
14,09,2022,13,02,01,22,155,0,0
14,09,2022,13,02,03,21,154,10,7
14,09,2022,13,02,04,38,193,10,7
14,09,2022,13,02,05,38,193,0,0
14,09,2022,13,02,06,38,164,0,0
14,09,2022,13,02,07,17,159,0,0
14,09,2022,13,02,13,40,153,0,0
14,09,2022,13,02,15,43,170,0,0
14,09,2022,13,02,18,32,160,0,0
14,09,2022,13,02,23,32,157,8,7
14,09,2022,13,02,24,30,195,8,7
14,09,2022,13,02,25,30,195,0,0
14,09,2022,13,02,26,32,148,0,0
14,09,2022,13,02,33,39,190,0,0
14,09,2022,13,02,35,39,170,6,0
14,09,2022,13,02,36,23,166,0,0
14,09,2022,13,02,43,23,160,10,7
14,09,2022,13,02,44,37,171,10,7
14,09,2022,13,02,45,37,171,0,0
14,09,2022,13,02,45,35,156,0,0
14,09,2022,13,02,53,38,197,0,0
14,09,2022,13,02,54,38,197,0,5
14,09,2022,13,02,55,21,172,0,5
14,09,2022,13,02,55,21,172,0,0
14,09,2022,13,02,59,21,161,0,0
14,09,2022,13,03,03,21,158,10,7
14,09,2022,13,03,04,30,193,10,7
14,09,2022,13,03,05,30,193,0,0
14,09,2022,13,03,05,30,156,0,0
14,09,2022,13,03,07,17,153,0,0
14,09,2022,13,03,13,43,202,0,0
14,09,2022,13,03,14,43,202,5,4
14,09,2022,13,03,15,37,161,5,4
14,09,2022,13,03,17,36,155,0,0
14,09,2022,13,03,23,36,150,7,5
14,09,2022,13,03,24,29,182,7,5
14,09,2022,13,03,25,29,182,1,0
14,09,2022,13,03,25,27,156,1,0
14,09,2022,13,03,33,35,201,0,0
14,09,2022,13,03,34,35,201,16,4
14,09,2022,13,03,35,32,161,16,4
14,09,2022,13,03,35,32,161,0,0
14,09,2022,13,03,36,21,157,0,0
14,09,2022,13,03,43,19,153,6,4
14,09,2022,13,03,44,29,180,6,4
14,09,2022,13,03,45,29,180,0,0
14,09,2022,13,03,45,26,159,0,0
14,09,2022,13,03,53,28,207,0,0
14,09,2022,13,03,54,28,207,9,5
14,09,2022,13,03,55,34,161,9,5
14,09,2022,13,03,55,34,161,9,0
14,09,2022,13,03,56,18,153,9,0
14,09,2022,13,04,03,14,148,0,3
14,09,2022,13,04,04,15,178,0,3
14,09,2022,13,04,05,15,178,0,0
14,09,2022,13,04,05,14,148,0,0
14,09,2022,13,04,13,28,197,0,0
14,09,2022,13,04,14,28,197,10,4
14,09,2022,13,04,15,34,159,10,4
14,09,2022,13,04,15,34,159,0,0
14,09,2022,13,04,18,34,148,0,0
14,09,2022,13,04,23,34,145,10,3
14,09,2022,13,04,24,31,170,10,3
14,09,2022,13,04,25,31,170,0,0
14,09,2022,13,04,25,27,153,0,0
14,09,2022,13,04,33,33,200,0,0
14,09,2022,13,04,34,33,200,0,4
14,09,2022,13,04,35,18,173,0,4
14,09,2022,13,04,35,18,173,0,0
14,09,2022,13,04,36,18,160,0,0
14,09,2022,13,04,43,17,154,9,4
14,09,2022,13,04,44,17,175,9,4
14,09,2022,13,04,45,22,152,1,4
14,09,2022,13,04,46,22,152,0,0
14,09,2022,13,04,53,28,200,0,0
14,09,2022,13,04,54,28,200,9,5
14,09,2022,13,04,54,25,156,9,5
14,09,2022,13,04,55,25,156,0,0
14,09,2022,13,05,01,23,145,0,0
14,09,2022,13,05,03,23,145,26,4
14,09,2022,13,05,04,41,170,26,4
14,09,2022,13,05,05,41,170,10,0
14,09,2022,13,05,05,27,144,10,0
14,09,2022,13,05,13,31,183,0,0
14,09,2022,13,05,14,31,183,9,4
14,09,2022,13,05,14,39,160,9,4
14,09,2022,13,05,15,39,160,5,0
14,09,2022,13,05,23,36,153,18,5
14,09,2022,13,05,24,36,167,18,5
14,09,2022,13,05,24,36,167,10,0
14,09,2022,13,05,25,41,143,10,0
14,09,2022,13,05,27,27,140,0,0
14,09,2022,13,05,33,39,188,0,0
14,09,2022,13,05,34,39,188,6,5
14,09,2022,13,05,34,25,154,6,5
14,09,2022,13,05,35,25,154,0,0
14,09,2022,13,05,38,24,142,0,0
14,09,2022,13,05,43,24,139,33,4
14,09,2022,13,05,44,36,167,33,4
14,09,2022,13,05,44,36,167,0,0
14,09,2022,13,05,45,32,145,0,0
14,09,2022,13,05,54,22,140,0,5
14,09,2022,13,05,55,22,143,0,0
14,09,2022,13,06,02,22,132,0,0
14,09,2022,13,06,03,22,132,13,0
14,09,2022,13,06,04,31,175,13,0
14,09,2022,13,06,04,31,175,0,4
14,09,2022,13,06,05,27,150,0,4
14,09,2022,13,06,06,27,150,0,0
14,09,2022,13,06,14,30,152,9,5
14,09,2022,13,06,14,30,141,9,5
14,09,2022,13,06,15,30,141,0,0
14,09,2022,13,06,24,24,168,0,0
14,09,2022,13,06,25,22,137,0,0
14,09,2022,13,06,31,22,0,0,0
14,09,2022,13,06,33,24,132,0,0
14,09,2022,13,06,34,24,132,0,6
14,09,2022,13,06,34,30,154,0,6
14,09,2022,13,06,35,30,154,0,0
14,09,2022,13,06,36,26,0,0,0
14,09,2022,13,06,37,25,128,0,0
14,09,2022,13,06,44,29,163,0,0
14,09,2022,13,06,45,32,142,8,0
14,09,2022,13,06,48,20,138,0,0
14,09,2022,13,06,51,20,0,0,0
14,09,2022,13,06,53,23,140,0,0
14,09,2022,13,06,54,23,140,27,6
14,09,2022,13,06,55,33,130,0,0
14,09,2022,13,07,04,29,166,0,0
14,09,2022,13,07,04,29,166,0,4
14,09,2022,13,07,05,28,139,0,4
14,09,2022,13,07,06,28,139,0,0
14,09,2022,13,07,14,30,138,9,5
14,09,2022,13,07,15,30,139,1,0
14,09,2022,13,07,23,39,174,0,0
14,09,2022,13,07,24,39,174,8,5
14,09,2022,13,07,25,31,141,8,5
14,09,2022,13,07,27,30,136,0,0
14,09,2022,13,07,28,8,134,0,0
14,09,2022,13,07,33,20,134,0,0
14,09,2022,13,07,33,20,134,35,0
14,09,2022,13,07,34,26,148,35,0
14,09,2022,13,07,35,26,148,0,0
14,09,2022,13,07,43,39,163,5,0
14,09,2022,13,07,44,39,163,9,6
14,09,2022,13,07,45,46,147,9,6
14,09,2022,13,07,46,46,147,10,0
14,09,2022,13,07,47,46,135,10,0
14,09,2022,13,07,48,35,132,9,0
14,09,2022,13,07,53,34,135,48,6
14,09,2022,13,07,54,47,136,48,6
14,09,2022,13,07,55,47,136,27,0
14,09,2022,13,07,56,43,129,8,0
14,09,2022,13,07,59,30,127,8,0
14,09,2022,13,08,03,27,174,1,0
14,09,2022,13,08,04,27,174,21,0
14,09,2022,13,08,05,35,139,21,0
14,09,2022,13,08,07,35,136,8,0
14,09,2022,13,08,13,34,135,9,5
14,09,2022,13,08,15,31,141,0,0
14,09,2022,13,08,23,31,168,0,0
14,09,2022,13,08,24,31,168,0,6
14,09,2022,13,08,25,33,140,0,6
14,09,2022,13,08,26,33,140,0,0
14,09,2022,13,08,30,0,134,0,0
14,09,2022,13,08,31,31,133,0,0
14,09,2022,13,08,33,31,133,0,5
14,09,2022,13,08,34,30,148,0,5
14,09,2022,13,08,35,30,148,0,0
14,09,2022,13,08,36,30,136,0,0
14,09,2022,13,08,43,45,173,0,0
14,09,2022,13,08,44,45,173,10,5
14,09,2022,13,08,45,39,147,10,5
14,09,2022,13,08,46,39,147,0,0
14,09,2022,13,08,50,28,138,0,0
14,09,2022,13,08,53,26,137,8,5
14,09,2022,13,08,54,33,149,8,5
14,09,2022,13,08,55,33,149,0,0
14,09,2022,13,09,00,28,138,0,0
14,09,2022,13,09,03,25,179,0,0
14,09,2022,13,09,04,25,179,5,5
14,09,2022,13,09,05,38,151,5,5
14,09,2022,13,09,06,38,151,8,0
14,09,2022,13,09,06,38,139,8,0
14,09,2022,13,09,13,37,136,49,6
14,09,2022,13,09,15,44,140,49,0
14,09,2022,13,09,16,38,140,0,0
14,09,2022,13,09,20,32,129,0,0
14,09,2022,13,09,24,40,129,4,5
14,09,2022,13,09,25,33,148,4,5
14,09,2022,13,09,26,33,148,0,0
14,09,2022,13,09,33,30,139,9,6
14,09,2022,13,09,34,25,152,9,6
14,09,2022,13,09,35,25,152,0,0
14,09,2022,13,09,36,23,140,0,0
14,09,2022,13,09,43,37,178,0,0
14,09,2022,13,09,44,37,178,9,5
14,09,2022,13,09,45,20,136,9,5
14,09,2022,13,09,46,20,136,0,0
14,09,2022,13,10,03,41,183,0,0
14,09,2022,13,10,04,41,183,1,4
14,09,2022,13,10,05,34,139,1,4
14,09,2022,13,10,06,34,139,0,0
14,09,2022,13,10,13,25,132,9,5
14,09,2022,13,10,14,38,165,9,5
14,09,2022,13,10,15,38,165,0,0
14,09,2022,13,10,16,29,137,0,0
14,09,2022,13,10,23,36,182,0,0
14,09,2022,13,10,24,36,182,8,4
14,09,2022,13,10,25,36,136,8,4
14,09,2022,13,10,25,36,136,0,0
14,09,2022,13,10,33,34,131,36,5
14,09,2022,13,10,34,38,155,36,5
14,09,2022,13,10,35,38,155,0,0
14,09,2022,13,10,36,32,142,0,0
14,09,2022,13,10,43,30,189,0,0
14,09,2022,13,10,45,30,151,0,0
14,09,2022,13,10,46,30,138,0,0
14,09,2022,13,10,53,29,134,26,3
14,09,2022,13,10,55,36,134,0,0
14,09,2022,13,10,56,25,134,0,0
14,09,2022,13,11,04,35,135,8,6
14,09,2022,13,11,05,36,154,8,6
14,09,2022,13,11,05,36,154,0,0
14,09,2022,13,11,06,25,146,0,0
14,09,2022,13,11,13,25,141,21,3
14,09,2022,13,11,15,31,141,9,0
14,09,2022,13,11,23,39,201,0,0
14,09,2022,13,11,24,39,201,10,6
14,09,2022,13,11,25,37,155,10,6
14,09,2022,13,11,25,37,155,0,0
14,09,2022,13,11,31,35,144,0,0
14,09,2022,13,11,34,35,178,7,2
14,09,2022,13,11,35,30,146,0,0
14,09,2022,13,11,43,42,202,0,0
14,09,2022,13,11,44,42,202,10,5
14,09,2022,13,11,45,36,148,10,5
14,09,2022,13,11,45,36,148,0,0
14,09,2022,13,11,53,35,139,11,3
14,09,2022,13,11,55,36,139,0,0
14,09,2022,13,12,03,36,198,0,0
14,09,2022,13,12,04,36,198,5,4
14,09,2022,13,12,05,26,154,5,4
14,09,2022,13,12,05,26,154,0,0
14,09,2022,13,12,13,26,144,0,3
14,09,2022,13,12,14,37,203,0,3
14,09,2022,13,12,15,37,203,0,0
14,09,2022,13,12,15,25,151,0,0
14,09,2022,13,12,23,34,206,0,0
14,09,2022,13,12,24,34,206,9,5
14,09,2022,13,12,25,36,166,9,5
14,09,2022,13,12,25,36,166,0,0
14,09,2022,13,12,33,35,157,10,3
14,09,2022,13,12,34,35,186,10,3
14,09,2022,13,12,35,35,186,0,0
14,09,2022,13,12,35,20,157,0,0
14,09,2022,13,12,43,47,206,0,0
14,09,2022,13,12,45,24,160,0,0
14,09,2022,13,12,49,23,149,0,0
14,09,2022,13,12,53,22,148,7,3
14,09,2022,13,12,54,34,196,7,3
14,09,2022,13,12,54,34,196,9,0
14,09,2022,13,12,55,43,151,9,0
14,09,2022,13,13,03,30,147,0,0
14,09,2022,13,13,04,30,147,0,5
14,09,2022,13,13,05,32,147,15,0
14,09,2022,13,13,07,24,151,0,0
14,09,2022,13,13,13,23,148,8,4
14,09,2022,13,13,14,37,191,8,4
14,09,2022,13,13,14,37,191,1,0
14,09,2022,13,13,15,25,150,1,0
14,09,2022,13,13,23,25,195,0,0
14,09,2022,13,13,24,25,195,9,6
14,09,2022,13,13,24,30,167,9,6
14,09,2022,13,13,25,30,167,9,0
14,09,2022,13,13,26,29,154,9,0
14,09,2022,13,13,34,38,210,1,0
14,09,2022,13,13,35,25,149,1,0
14,09,2022,13,13,44,25,146,9,5
14,09,2022,13,13,44,30,183,9,5
14,09,2022,13,13,45,30,183,0,0
14,09,2022,13,13,46,22,160,0,0
14,09,2022,13,13,54,32,185,1,0
14,09,2022,13,13,55,36,148,10,0
14,09,2022,13,14,04,35,141,10,5
14,09,2022,13,14,04,33,181,10,5
14,09,2022,13,14,05,33,181,0,0
14,09,2022,13,14,06,31,151,0,0
14,09,2022,13,14,14,36,188,1,0
14,09,2022,13,14,15,23,155,1,0
14,09,2022,13,14,24,23,149,9,5
14,09,2022,13,14,24,37,182,9,5
14,09,2022,13,14,25,37,182,0,0
14,09,2022,13,14,26,36,153,0,0
14,09,2022,13,14,34,34,182,4,0
14,09,2022,13,14,35,28,146,0,0
14,09,2022,13,14,44,28,145,0,5
14,09,2022,13,14,44,28,161,0,5
14,09,2022,13,14,45,28,161,0,0
14,09,2022,13,14,47,28,149,0,0
14,09,2022,13,14,53,28,146,71,0
14,09,2022,13,14,54,21,191,71,0
14,09,2022,13,14,55,21,191,0,0
14,09,2022,13,14,55,21,155,0,0
14,09,2022,13,15,04,22,148,73,5
14,09,2022,13,15,04,50,151,73,5
14,09,2022,13,15,05,50,151,52,0
14,09,2022,13,15,07,45,144,10,0
14,09,2022,13,15,14,43,190,0,0
14,09,2022,13,15,14,43,190,23,6
14,09,2022,13,15,16,35,190,0,0
14,09,2022,13,15,17,29,148,0,0
14,09,2022,13,15,24,24,168,9,0
14,09,2022,13,15,26,24,157,0,0
14,09,2022,13,15,34,30,195,2,0
14,09,2022,13,15,35,22,153,7,0
14,09,2022,13,15,43,25,151,23,5
14,09,2022,13,15,45,31,149,0,0
14,09,2022,13,15,47,30,138,0,0
14,09,2022,13,15,53,36,194,2,0
14,09,2022,13,15,54,36,194,0,4
14,09,2022,13,15,55,31,154,0,4
14,09,2022,13,15,57,31,148,0,0
14,09,2022,13,16,00,29,0,0,0
14,09,2022,13,16,01,28,144,0,0
14,09,2022,13,16,03,27,144,0,5
14,09,2022,13,16,04,23,169,0,5
14,09,2022,13,16,05,23,169,0,0
14,09,2022,13,16,06,23,154,0,0
14,09,2022,13,16,14,20,149,0,4
14,09,2022,13,16,16,21,156,0,0
14,09,2022,13,16,23,21,146,9,7
14,09,2022,13,16,24,26,165,9,7
14,09,2022,13,16,25,26,165,9,0
14,09,2022,13,16,26,32,141,9,0
14,09,2022,13,16,34,38,138,8,5
14,09,2022,13,16,36,30,150,0,5
14,09,2022,13,16,37,30,150,0,0
14,09,2022,13,16,43,25,147,35,0
14,09,2022,13,16,44,25,177,35,0
14,09,2022,13,16,45,25,177,1,0
14,09,2022,13,16,46,23,147,1,0
14,09,2022,13,16,53,19,195,0,0
14,09,2022,13,16,54,19,195,0,5
14,09,2022,13,16,55,18,159,0,5
14,09,2022,13,16,56,18,159,0,0
14,09,2022,13,17,03,18,150,10,6
14,09,2022,13,17,04,36,163,10,6
14,09,2022,13,17,05,36,163,9,0
14,09,2022,13,17,06,27,150,9,0
14,09,2022,13,17,13,34,199,0,0
14,09,2022,13,17,14,34,199,1,3
14,09,2022,13,17,15,21,158,1,3
14,09,2022,13,17,16,21,158,0,0
14,09,2022,13,17,23,19,147,0,0
14,09,2022,13,17,23,19,147,25,5
14,09,2022,13,17,24,40,147,25,5
14,09,2022,13,17,25,40,147,0,0
14,09,2022,13,17,26,37,160,0,0
14,09,2022,13,17,33,32,203,0,0
14,09,2022,13,17,34,32,203,9,4
14,09,2022,13,17,35,37,165,9,4
14,09,2022,13,17,36,37,165,9,0
14,09,2022,13,17,38,25,156,0,0
14,09,2022,13,17,43,25,154,9,6
14,09,2022,13,17,44,37,194,9,6
14,09,2022,13,17,45,37,194,0,0
14,09,2022,13,17,46,30,164,0,0
14,09,2022,13,17,47,0,161,0,0
14,09,2022,13,17,49,30,160,0,0
14,09,2022,13,17,53,33,217,0,0
14,09,2022,13,17,54,33,217,7,4
14,09,2022,13,17,55,23,174,7,4
14,09,2022,13,17,56,23,174,0,0
14,09,2022,13,17,59,0,165,0,0
14,09,2022,13,18,01,22,164,0,0
14,09,2022,13,18,03,23,164,10,6
14,09,2022,13,18,04,26,193,10,6
14,09,2022,13,18,06,24,161,0,6
14,09,2022,13,18,06,24,161,0,0
14,09,2022,13,18,13,35,206,0,0
14,09,2022,13,18,14,35,206,9,4
14,09,2022,13,18,15,36,164,9,4
14,09,2022,13,18,16,36,164,0,0
14,09,2022,13,18,23,35,156,0,7
14,09,2022,13,18,24,35,191,0,7
14,09,2022,13,18,25,35,191,0,0
14,09,2022,13,18,26,35,164,0,0
14,09,2022,13,18,33,36,221,0,0
14,09,2022,13,18,34,36,221,0,5
14,09,2022,13,18,35,32,165,0,5
14,09,2022,13,18,35,32,165,0,0
14,09,2022,13,18,36,24,152,0,0
14,09,2022,13,18,43,23,148,26,3
14,09,2022,13,18,44,32,202,26,3
14,09,2022,13,18,45,32,202,10,0
14,09,2022,13,18,46,39,167,10,0
14,09,2022,13,18,53,44,222,9,0
14,09,2022,13,18,54,44,222,47,4
14,09,2022,13,18,55,44,159,47,4
14,09,2022,13,18,55,44,159,26,0
14,09,2022,13,18,57,37,155,0,0
14,09,2022,13,19,03,32,153,9,5
14,09,2022,13,19,05,34,153,9,0
14,09,2022,13,19,12,22,155,0,0
14,09,2022,13,19,13,34,214,0,0
14,09,2022,13,19,15,28,158,9,0
14,09,2022,13,19,23,27,149,10,6
14,09,2022,13,19,24,38,192,10,6
14,09,2022,13,19,25,25,144,0,6
14,09,2022,13,19,26,25,144,0,0
14,09,2022,13,19,33,39,196,0,0
14,09,2022,13,19,34,39,196,0,4
14,09,2022,13,19,35,31,153,0,4
14,09,2022,13,19,35,31,153,0,0
14,09,2022,13,19,43,29,146,26,5
14,09,2022,13,19,44,37,197,26,5
14,09,2022,13,19,45,37,197,10,0
14,09,2022,13,19,45,36,148,10,0
14,09,2022,13,19,53,28,196,0,0
14,09,2022,13,19,54,28,196,0,5
14,09,2022,13,19,55,28,188,0,0
14,09,2022,13,19,56,28,160,0,0
14,09,2022,13,20,03,28,155,27,4
14,09,2022,13,20,04,39,175,27,4
14,09,2022,13,20,05,39,175,6,0
14,09,2022,13,20,05,30,144,6,0
14,09,2022,13,20,13,26,201,0,0
14,09,2022,13,20,14,26,201,8,6
14,09,2022,13,20,15,37,156,8,6
14,09,2022,13,20,15,37,156,0,0
14,09,2022,13,20,23,35,146,6,4
14,09,2022,13,20,24,30,183,6,4
14,09,2022,13,20,25,30,183,9,0
14,09,2022,13,20,25,31,151,9,0
14,09,2022,13,20,33,33,206,0,0
14,09,2022,13,20,34,33,206,1,6
14,09,2022,13,20,35,28,159,1,6
14,09,2022,13,20,35,28,159,0,0
14,09,2022,13,20,39,27,147,0,0
14,09,2022,13,20,43,27,146,23,0
14,09,2022,13,20,44,40,192,23,0
14,09,2022,13,20,45,40,192,0,0
14,09,2022,13,20,47,36,161,0,0
14,09,2022,13,20,50,24,159,0,0
14,09,2022,13,20,53,35,216,0,0
14,09,2022,13,20,54,35,216,0,5
14,09,2022,13,20,55,37,216,0,0
14,09,2022,13,20,56,35,147,0,0
14,09,2022,13,21,04,37,180,0,0
14,09,2022,13,21,05,27,162,8,0
14,09,2022,13,21,14,30,157,9,5
14,09,2022,13,21,14,16,164,9,5
14,09,2022,13,21,15,16,164,0,0
14,09,2022,13,21,16,15,150,0,0
14,09,2022,13,21,24,36,198,9,0
14,09,2022,13,21,24,36,198,9,6
14,09,2022,13,21,25,35,145,9,6
14,09,2022,13,21,26,35,145,0,0
14,09,2022,13,21,30,23,138,0,0
14,09,2022,13,21,34,23,146,0,5
14,09,2022,13,21,35,23,146,0,0
14,09,2022,13,21,44,31,203,0,0
14,09,2022,13,21,45,35,149,9,0
14,09,2022,13,21,54,41,146,9,5
14,09,2022,13,21,54,28,146,9,5
14,09,2022,13,21,55,28,146,9,0
14,09,2022,13,22,04,31,146,1,4
14,09,2022,13,22,05,19,167,1,4
14,09,2022,13,22,06,19,167,0,0
14,09,2022,13,22,14,17,160,0,4
14,09,2022,13,22,15,16,155,0,0
14,09,2022,13,22,24,33,188,0,0
14,09,2022,13,22,24,33,188,0,4
14,09,2022,13,22,25,36,159,0,4
14,09,2022,13,22,26,36,159,0,0
14,09,2022,13,22,31,27,148,0,0
14,09,2022,13,22,34,23,172,9,0
14,09,2022,13,22,36,19,157,0,0
14,09,2022,13,22,43,19,151,11,0
14,09,2022,13,22,44,38,184,11,0
14,09,2022,13,22,44,38,184,0,6
14,09,2022,13,22,45,25,149,0,6
14,09,2022,13,22,46,25,149,0,0
14,09,2022,13,22,54,30,179,9,0
14,09,2022,13,22,56,26,149,0,0
14,09,2022,13,23,04,30,200,1,0
14,09,2022,13,23,05,24,153,0,0
14,09,2022,13,23,14,27,150,9,6
14,09,2022,13,23,14,33,163,9,6
14,09,2022,13,23,15,33,163,1,0
14,09,2022,13,23,16,24,150,1,0
14,09,2022,13,23,24,41,188,0,0
14,09,2022,13,23,25,30,160,0,0
14,09,2022,13,23,31,30,147,0,0
14,09,2022,13,23,33,30,147,9,6
14,09,2022,13,23,34,30,199,9,6
14,09,2022,13,23,35,30,199,0,0
14,09,2022,13,23,36,29,163,0,0
14,09,2022,13,23,44,24,196,0,0
14,09,2022,13,23,44,24,196,2,5
14,09,2022,13,23,45,17,165,2,5
14,09,2022,13,23,46,17,165,0,0
14,09,2022,13,23,47,16,153,0,0
14,09,2022,13,23,53,16,150,10,5
14,09,2022,13,23,54,32,179,10,5
14,09,2022,13,23,55,32,179,9,0
14,09,2022,13,23,56,29,148,9,0
14,09,2022,13,24,03,43,198,0,0
14,09,2022,13,24,04,43,198,0,5
14,09,2022,13,24,05,38,176,0,5
14,09,2022,13,24,06,38,176,0,0
14,09,2022,13,24,08,37,163,0,0
14,09,2022,13,24,13,37,161,25,6
14,09,2022,13,24,15,28,166,0,0
14,09,2022,13,24,16,16,166,0,0
14,09,2022,13,24,17,15,150,0,0
14,09,2022,13,24,23,36,200,0,0
14,09,2022,13,24,24,36,200,8,5
14,09,2022,13,24,25,27,167,8,5
14,09,2022,13,24,26,27,167,0,0
14,09,2022,13,24,28,26,154,0,0
14,09,2022,13,24,34,28,191,9,0
14,09,2022,13,24,36,30,149,10,0
14,09,2022,13,24,43,40,206,0,0
14,09,2022,13,24,44,40,206,0,6
14,09,2022,13,24,45,20,154,0,6
14,09,2022,13,24,46,20,154,0,0
14,09,2022,13,24,53,19,148,9,6
14,09,2022,13,24,54,31,148,9,6
14,09,2022,13,24,55,31,148,7,0
14,09,2022,13,24,56,25,165,7,0
14,09,2022,13,25,03,34,188,0,0
14,09,2022,13,25,05,28,157,0,0
14,09,2022,13,25,13,25,150,8,6
14,09,2022,13,25,15,26,150,0,0
14,09,2022,13,25,23,29,195,0,0
14,09,2022,13,25,24,29,195,6,5
14,09,2022,13,25,25,19,157,6,5
14,09,2022,13,25,26,19,157,0,0
14,09,2022,13,25,26,18,144,0,0
14,09,2022,13,25,33,17,140,8,5
14,09,2022,13,25,34,32,173,8,5
14,09,2022,13,25,35,32,173,8,0
14,09,2022,13,25,36,17,149,8,0
14,09,2022,13,25,44,24,203,0,0
14,09,2022,13,25,44,24,203,0,5
14,09,2022,13,25,45,23,158,0,5
14,09,2022,13,25,46,23,158,0,0
14,09,2022,13,25,53,20,147,0,0
14,09,2022,13,25,53,20,147,10,5
14,09,2022,13,25,54,33,198,10,5
14,09,2022,13,25,55,33,198,0,0
14,09,2022,13,25,56,33,150,0,0
14,09,2022,13,26,03,32,194,0,0
14,09,2022,13,26,04,32,194,9,4
14,09,2022,13,26,05,17,160,9,4
14,09,2022,13,26,06,17,160,0,0
14,09,2022,13,26,09,14,149,0,0
14,09,2022,13,26,13,13,148,27,3
14,09,2022,13,26,14,41,193,27,3
14,09,2022,13,26,15,41,193,5,0
14,09,2022,13,26,16,24,153,5,0
14,09,2022,13,26,23,43,204,0,0
14,09,2022,13,26,24,43,204,8,5
14,09,2022,13,26,25,30,187,8,5
14,09,2022,13,26,26,30,187,0,0
14,09,2022,13,26,26,29,161,0,0
14,09,2022,13,26,33,29,155,20,4
14,09,2022,13,26,35,25,155,0,0
14,09,2022,13,26,43,35,206,0,0
14,09,2022,13,26,44,35,206,20,4
14,09,2022,13,26,45,32,180,20,4
14,09,2022,13,26,45,32,180,0,0
14,09,2022,13,26,46,30,168,0,0
14,09,2022,13,26,53,29,162,6,4
14,09,2022,13,26,54,33,195,6,4
14,09,2022,13,26,55,33,195,8,0
14,09,2022,13,26,57,31,154,9,0
14,09,2022,13,27,03,46,207,9,0
14,09,2022,13,27,04,46,207,35,6
14,09,2022,13,27,05,45,188,35,6
14,09,2022,13,27,05,45,188,5,0
14,09,2022,13,27,06,34,161,5,0
14,09,2022,13,27,13,31,156,18,3
14,09,2022,13,27,14,35,191,18,3
14,09,2022,13,27,15,35,191,30,6
14,09,2022,13,27,15,25,162,30,6
14,09,2022,13,27,16,25,162,0,0
14,09,2022,13,27,23,22,206,0,0
14,09,2022,13,27,24,22,206,0,5
14,09,2022,13,27,25,22,168,0,5
14,09,2022,13,27,25,22,168,0,0
14,09,2022,13,27,26,22,154,0,0
14,09,2022,13,27,34,47,190,6,2
14,09,2022,13,27,35,41,160,0,0
14,09,2022,13,27,43,37,213,0,0
14,09,2022,13,27,44,37,213,9,5
14,09,2022,13,27,45,31,165,9,5
14,09,2022,13,27,45,31,165,1,0
14,09,2022,13,27,49,23,154,0,0
14,09,2022,13,27,53,22,153,9,3
14,09,2022,13,27,54,25,198,9,3
14,09,2022,13,27,56,23,198,0,0
14,09,2022,13,27,57,21,151,0,0
14,09,2022,13,28,03,36,208,0,0
14,09,2022,13,28,04,36,208,8,5
14,09,2022,13,28,05,25,155,8,5
14,09,2022,13,28,05,25,155,0,0
14,09,2022,13,28,13,24,145,18,0
14,09,2022,13,28,14,36,194,18,0
14,09,2022,13,28,15,36,194,0,4
14,09,2022,13,28,15,28,173,0,4
14,09,2022,13,28,16,28,173,0,0
14,09,2022,13,28,24,33,166,9,5
14,09,2022,13,28,25,23,179,9,5
14,09,2022,13,28,25,23,179,0,0
14,09,2022,13,28,26,23,144,0,0
14,09,2022,13,28,34,29,190,1,0
14,09,2022,13,28,35,25,147,1,0
14,09,2022,13,28,44,33,143,9,5
14,09,2022,13,28,45,32,143,0,0
14,09,2022,13,28,54,36,182,0,0
14,09,2022,13,28,55,36,182,0,4
14,09,2022,13,28,55,22,174,0,4
14,09,2022,13,28,56,22,174,0,0
14,09,2022,13,29,00,22,161,0,0
14,09,2022,13,29,04,26,163,9,5
14,09,2022,13,29,05,27,172,0,0
14,09,2022,13,29,06,24,132,0,0
14,09,2022,13,29,14,34,189,0,0
14,09,2022,13,29,15,29,144,8,0
14,09,2022,13,29,25,32,178,8,0
14,09,2022,13,29,26,29,155,0,0
14,09,2022,13,29,34,39,149,7,6
14,09,2022,13,29,36,40,143,0,0
14,09,2022,13,29,44,31,140,9,4
14,09,2022,13,29,44,44,150,9,4
14,09,2022,13,29,45,44,150,10,0
14,09,2022,13,29,46,27,141,10,0
14,09,2022,13,29,54,34,174,0,0
14,09,2022,13,29,54,34,174,0,5
14,09,2022,13,29,55,21,167,0,5
14,09,2022,13,29,57,20,154,0,5
14,09,2022,13,29,58,20,154,0,0
14,09,2022,13,31,43,0,150,0,0
14,09,2022,13,31,44,18,150,0,0
14,09,2022,13,36,18,0,150,0,0
14,09,2022,13,36,19,17,150,0,0
14,09,2022,13,36,22,0,150,0,0
14,09,2022,13,36,24,17,150,0,0
14,09,2022,13,45,44,0,150,0,0
14,09,2022,13,45,46,17,150,0,0
14,09,2022,13,52,27,0,150,0,0
14,09,2022,13,52,28,17,150,0,0
14,09,2022,13,52,55,17,0,0,0
14,09,2022,13,52,56,16,150,0,0
14,09,2022,13,53,04,17,0,0,0
14,09,2022,13,53,05,17,150,0,0
14,09,2022,14,02,28,17,0,0,0
14,09,2022,14,02,29,17,150,0,0
14,09,2022,14,12,01,17,0,0,0
14,09,2022,14,12,02,17,150,0,0
14,09,2022,14,21,26,16,0,0,0
14,09,2022,14,21,27,17,150,0,0
14,09,2022,14,30,37,17,0,0,0
14,09,2022,14,30,39,17,150,0,0
14,09,2022,14,32,23,0,150,0,0
14,09,2022,14,32,25,17,150,0,0
14,09,2022,14,32,28,0,150,0,0
14,09,2022,14,32,29,17,150,0,0
14,09,2022,14,39,39,17,0,0,0
14,09,2022,14,39,41,17,150,0,0
14,09,2022,14,40,10,17,0,0,0
14,09,2022,14,40,12,17,150,0,0
14,09,2022,14,41,35,0,150,0,0
14,09,2022,14,41,36,17,150,0,0
14,09,2022,14,41,39,0,150,0,0
14,09,2022,14,41,41,17,150,0,0
14,09,2022,14,47,28,0,150,0,0
14,09,2022,14,47,30,0,0,0,0
14,09,2022,14,48,57,127,407,0,0
14,09,2022,14,48,58,127,407,749,0
14,09,2022,14,48,59,119,394,749,0
14,09,2022,14,48,59,119,394,749,502
14,09,2022,14,49,02,126,358,749,500
14,09,2022,14,49,03,102,366,749,501
14,09,2022,14,49,04,102,366,357,496
14,09,2022,14,49,05,75,355,357,496
14,09,2022,14,49,05,75,355,183,496
14,09,2022,14,49,07,75,350,147,504
14,09,2022,14,49,08,51,343,147,504
14,09,2022,14,49,09,51,343,147,494
14,09,2022,14,49,10,44,343,49,498
14,09,2022,14,49,12,39,340,8,496
14,09,2022,14,49,12,26,319,8,496
14,09,2022,14,49,14,23,343,0,498
14,09,2022,14,49,17,35,315,9,497
14,09,2022,14,49,21,33,318,0,503
14,09,2022,14,49,22,33,314,0,499
14,09,2022,14,49,23,33,286,0,499
14,09,2022,14,49,25,33,298,0,501
14,09,2022,14,49,26,33,298,0,496
14,09,2022,14,49,29,33,315,0,497
14,09,2022,14,49,30,33,315,0,500
14,09,2022,14,49,31,33,295,0,500
14,09,2022,14,49,32,33,309,0,498
14,09,2022,14,49,34,33,296,0,498
14,09,2022,14,49,36,33,298,0,501
14,09,2022,14,49,37,33,311,0,501
14,09,2022,14,49,41,33,305,0,496
14,09,2022,14,49,42,33,288,0,496
14,09,2022,14,49,43,33,288,0,499
14,09,2022,14,49,44,33,295,0,420
14,09,2022,14,49,45,33,295,0,333
14,09,2022,14,49,46,33,252,0,333
14,09,2022,14,49,47,33,252,0,255
14,09,2022,14,49,48,33,209,0,255
14,09,2022,14,49,49,33,209,0,249
14,09,2022,14,49,49,33,162,0,249
14,09,2022,14,49,50,33,162,0,165
14,09,2022,14,49,51,33,184,0,165
14,09,2022,14,49,52,33,109,0,165
14,09,2022,14,49,53,33,109,0,60
14,09,2022,14,49,57,33,123,0,58
14,09,2022,14,50,01,33,125,0,30
14,09,2022,14,50,03,33,87,0,29
14,09,2022,14,50,09,33,101,0,28
14,09,2022,14,50,14,33,113,0,30
14,09,2022,14,50,19,33,107,0,18
14,09,2022,14,50,20,33,80,0,18
14,09,2022,14,50,32,33,93,0,18
14,09,2022,14,50,35,33,85,0,6
14,09,2022,14,50,41,33,97,0,5
14,09,2022,14,50,43,0,94,0,5
14,09,2022,14,50,45,33,89,0,5
14,09,2022,14,50,48,33,104,0,5
14,09,2022,14,51,11,33,88,0,5
14,09,2022,14,51,19,33,84,0,0
14,09,2022,14,51,20,33,65,0,0
14,09,2022,14,51,28,33,12,0,0
14,09,2022,14,51,37,33,19,0,3
14,09,2022,14,51,38,33,134,0,3
14,09,2022,14,51,39,33,134,0,6
14,09,2022,14,51,40,33,145,0,6
14,09,2022,14,51,41,33,132,0,6
14,09,2022,14,51,42,33,132,0,0
14,09,2022,14,51,43,33,117,0,0
14,09,2022,14,51,49,33,106,0,0
14,09,2022,14,52,27,32,146,0,0
14,09,2022,14,52,29,32,121,0,0
14,09,2022,14,54,27,31,180,0,0
14,09,2022,14,54,29,32,130,0,0
14,09,2022,14,54,33,32,119,0,0
14,09,2022,14,55,07,32,177,0,0
14,09,2022,14,55,09,32,121,0,0
14,09,2022,14,55,15,32,110,0,0
14,09,2022,14,57,29,31,137,0,1
14,09,2022,14,57,32,31,123,0,0
14,09,2022,14,58,36,32,0,0,0
14,09,2022,14,58,38,32,114,0,0
14,09,2022,15,00,16,0,114,0,0
14,09,2022,15,00,18,32,114,0,0
14,09,2022,15,00,21,0,114,0,0
14,09,2022,15,00,22,32,114,0,0
14,09,2022,15,01,08,31,114,0,8
14,09,2022,15,01,08,32,128,0,8
14,09,2022,15,01,09,32,128,0,0
14,09,2022,15,01,15,32,117,0,0
14,09,2022,15,04,25,0,115,0,0
14,09,2022,15,04,26,32,115,0,0
14,09,2022,15,07,28,32,165,0,0
14,09,2022,15,07,29,32,113,0,0
14,09,2022,15,09,17,0,109,0,0
14,09,2022,15,09,18,32,109,0,0
14,09,2022,15,09,26,0,109,0,0
14,09,2022,15,09,27,32,109,0,0
14,09,2022,15,18,22,0,109,0,0
14,09,2022,15,18,23,32,109,0,0
14,09,2022,15,19,00,0,109,0,0
14,09,2022,15,19,02,32,109,0,0
14,09,2022,15,19,37,32,185,0,0
14,09,2022,15,19,40,31,120,0,0
14,09,2022,15,26,46,32,0,0,0
14,09,2022,15,26,47,32,117,0,0
14,09,2022,15,31,15,29,0,0,0
14,09,2022,15,31,16,30,117,0,0
14,09,2022,15,33,16,29,106,0,0
14,09,2022,15,35,42,30,0,0,0
14,09,2022,15,35,43,30,105,0,0
14,09,2022,15,35,51,30,0,0,0
14,09,2022,15,35,53,29,105,0,0
14,09,2022,15,36,57,0,105,0,0
14,09,2022,15,36,59,29,105,0,0
14,09,2022,15,42,03,0,105,0,0
14,09,2022,15,42,04,30,105,0,0
14,09,2022,15,44,55,30,0,0,0
14,09,2022,15,44,56,30,105,0,0
14,09,2022,15,55,48,19,105,0,0
14,09,2022,16,03,38,19,172,0,0
14,09,2022,16,03,39,19,112,0,0
14,09,2022,16,03,41,19,0,0,0
14,09,2022,16,03,42,19,107,0,0
14,09,2022,16,03,50,20,0,0,0
14,09,2022,16,03,51,20,106,0,0
14,09,2022,16,14,35,0,106,0,0
14,09,2022,16,14,37,20,106,0,0
14,09,2022,16,31,10,20,0,0,0
14,09,2022,16,31,12,19,106,0,0
14,09,2022,16,31,30,20,0,0,0
14,09,2022,16,31,32,19,106,0,0
14,09,2022,16,41,51,0,106,0,0
14,09,2022,16,41,53,20,106,0,0
14,09,2022,16,48,08,20,106,11,0
14,09,2022,16,48,10,22,106,0,0
14,09,2022,16,48,18,42,106,0,0
14,09,2022,16,48,19,42,106,38,0
14,09,2022,16,48,20,39,106,1,0
14,09,2022,16,48,21,23,106,1,0
14,09,2022,16,48,29,35,106,8,0
14,09,2022,16,48,35,22,106,0,0
14,09,2022,16,59,11,21,0,0,0
14,09,2022,16,59,12,21,106,0,0
14,09,2022,17,08,16,20,0,0,0
14,09,2022,17,08,18,21,106,0,0
14,09,2022,17,08,25,20,0,0,0
14,09,2022,17,08,27,21,106,0,0
14,09,2022,17,09,48,0,106,0,0
14,09,2022,17,09,50,21,106,0,0
