15,09,2022,09,23,06,0,0,675,446
15,09,2022,09,23,07,138,351,675,446
15,09,2022,09,23,08,138,351,749,446
15,09,2022,09,23,09,148,351,750,500
15,09,2022,09,23,13,142,337,750,501
15,09,2022,09,23,17,134,321,750,499
15,09,2022,09,23,28,128,306,750,500
15,09,2022,09,23,31,135,273,750,499
15,09,2022,09,23,32,135,273,750,416
15,09,2022,09,23,33,135,243,750,416
15,09,2022,09,23,34,135,243,750,316
15,09,2022,09,23,35,126,215,750,316
15,09,2022,09,23,35,126,215,750,243
15,09,2022,09,23,36,129,183,750,243
15,09,2022,09,23,37,129,183,750,164
15,09,2022,09,23,38,134,177,750,135
15,09,2022,09,23,39,127,115,750,135
15,09,2022,09,23,40,127,115,750,60
15,09,2022,09,23,43,126,125,631,62
15,09,2022,09,23,44,98,122,631,62
15,09,2022,09,23,44,98,122,254,59
15,09,2022,09,23,45,70,121,254,59
15,09,2022,09,23,48,72,123,151,30
15,09,2022,09,23,48,68,103,151,30
15,09,2022,09,23,49,68,103,81,29
15,09,2022,09,23,50,54,103,81,29
15,09,2022,09,23,50,54,103,54,30
15,09,2022,09,23,52,47,106,34,31
15,09,2022,09,23,53,35,110,34,31
15,09,2022,09,23,54,35,110,0,30
15,09,2022,09,23,54,24,108,0,30
15,09,2022,09,23,56,53,108,0,31
15,09,2022,09,23,57,53,108,55,30
15,09,2022,09,23,58,50,107,28,29
15,09,2022,09,23,59,36,104,28,29
15,09,2022,09,24,00,36,104,0,30
15,09,2022,09,24,01,25,103,0,30
15,09,2022,09,24,05,24,97,0,19
15,09,2022,09,24,07,50,103,5,21
15,09,2022,09,24,07,50,103,47,18
15,09,2022,09,24,09,44,96,7,18
15,09,2022,09,24,10,33,94,7,18
15,09,2022,09,24,18,50,99,0,18
15,09,2022,09,24,18,50,99,24,19
15,09,2022,09,24,20,44,100,0,19
15,09,2022,09,24,21,22,97,0,19
15,09,2022,09,24,23,22,93,0,7
15,09,2022,09,24,25,22,79,0,5
15,09,2022,09,24,26,22,79,22,8
15,09,2022,09,24,27,51,90,22,8
15,09,2022,09,24,27,51,90,48,8
15,09,2022,09,24,28,44,79,48,8
15,09,2022,09,24,29,44,79,9,5
15,09,2022,09,24,37,46,82,55,6
15,09,2022,09,24,38,49,82,28,6
15,09,2022,09,24,39,38,73,28,6
15,09,2022,09,24,40,38,73,0,6
15,09,2022,09,24,46,31,69,17,6
15,09,2022,09,24,47,52,80,17,6
15,09,2022,09,24,47,52,80,50,6
15,09,2022,09,24,49,47,82,9,5
15,09,2022,09,24,50,25,76,9,5
15,09,2022,09,24,57,28,81,52,6
15,09,2022,09,24,57,45,81,52,6
15,09,2022,09,24,58,45,81,21,6
15,09,2022,09,25,00,45,82,0,6
15,09,2022,09,25,00,29,85,0,6
15,09,2022,09,25,06,34,77,21,7
15,09,2022,09,25,07,51,83,21,7
15,09,2022,09,25,07,51,83,47,7
15,09,2022,09,25,09,43,83,10,5
15,09,2022,09,25,10,32,80,10,5
15,09,2022,09,25,16,39,75,55,6
15,09,2022,09,25,17,50,72,55,6
15,09,2022,09,25,18,50,72,23,7
15,09,2022,09,25,19,33,81,23,7
15,09,2022,09,25,21,31,82,6,6
15,09,2022,09,25,26,50,88,10,6
15,09,2022,09,25,27,50,88,46,6
15,09,2022,09,25,29,41,89,6,6
15,09,2022,09,25,36,37,84,55,6
15,09,2022,09,25,38,47,81,28,7
15,09,2022,09,25,40,39,88,0,6
15,09,2022,09,25,46,31,84,18,6
15,09,2022,09,25,46,54,80,18,6
15,09,2022,09,25,47,54,80,49,5
15,09,2022,09,25,49,46,81,8,6
15,09,2022,09,25,50,30,74,8,6
15,09,2022,09,25,56,38,73,54,6
15,09,2022,09,25,58,47,78,23,6
15,09,2022,09,25,59,47,79,0,6
15,09,2022,09,26,02,24,75,0,6
15,09,2022,09,26,06,28,79,15,7
15,09,2022,09,26,07,28,79,48,6
15,09,2022,09,26,08,45,72,48,6
15,09,2022,09,26,09,45,72,0,6
15,09,2022,09,26,09,20,70,0,6
15,09,2022,09,26,13,20,82,0,6
15,09,2022,09,26,16,20,68,0,6
15,09,2022,09,26,16,20,68,56,7
15,09,2022,09,26,17,50,78,56,7
15,09,2022,09,26,18,50,78,33,6
15,09,2022,09,26,19,31,78,33,6
15,09,2022,09,26,19,31,78,0,6
15,09,2022,09,26,26,30,84,25,6
15,09,2022,09,26,26,52,83,25,6
15,09,2022,09,26,27,52,83,49,6
15,09,2022,09,26,29,44,79,8,6
15,09,2022,09,26,31,25,86,0,7
15,09,2022,09,26,36,25,75,0,6
15,09,2022,09,26,36,25,75,56,7
15,09,2022,09,26,37,50,85,56,7
15,09,2022,09,26,38,50,85,37,7
15,09,2022,09,26,39,31,84,37,7
15,09,2022,09,26,39,31,84,1,5
15,09,2022,09,26,42,29,71,1,6
15,09,2022,09,26,43,29,83,0,7
15,09,2022,09,26,46,53,87,0,6
15,09,2022,09,26,47,53,87,54,6
15,09,2022,09,26,49,49,82,8,6
15,09,2022,09,26,49,22,78,8,6
15,09,2022,09,26,57,53,89,0,6
15,09,2022,09,26,58,53,89,38,6
15,09,2022,09,26,59,38,89,38,6
15,09,2022,09,27,01,38,82,0,6
15,09,2022,09,27,05,33,96,0,6
15,09,2022,09,27,06,52,87,0,5
15,09,2022,09,27,09,42,79,11,7
15,09,2022,09,27,09,34,90,11,7
15,09,2022,09,27,13,33,82,0,7
15,09,2022,09,27,17,51,87,0,6
15,09,2022,09,27,18,51,87,37,6
15,09,2022,09,27,19,42,78,9,6
15,09,2022,09,27,27,50,79,50,6
15,09,2022,09,27,29,48,70,8,6
15,09,2022,09,27,29,36,76,8,6
15,09,2022,09,27,37,52,81,0,6
15,09,2022,09,27,38,52,81,36,5
15,09,2022,09,27,39,52,73,0,6
15,09,2022,09,27,40,38,73,0,6
15,09,2022,09,27,46,53,70,0,6
15,09,2022,09,27,47,53,70,48,6
15,09,2022,09,27,49,53,76,9,6
15,09,2022,09,27,49,23,79,9,6
15,09,2022,09,27,56,22,75,54,7
15,09,2022,09,27,57,50,87,54,7
15,09,2022,09,27,58,50,87,35,5
15,09,2022,09,28,00,41,76,35,6
15,09,2022,09,28,01,41,76,0,6
15,09,2022,09,28,06,53,74,0,6
15,09,2022,09,28,07,53,74,50,7
15,09,2022,09,28,08,44,83,10,6
15,09,2022,09,28,09,25,82,10,6
15,09,2022,09,28,17,54,79,0,6
15,09,2022,09,28,18,54,79,36,6
15,09,2022,09,28,19,43,73,36,6
15,09,2022,09,28,19,43,73,7,6
15,09,2022,09,28,27,51,78,49,6
15,09,2022,09,28,28,42,89,49,6
15,09,2022,09,28,28,42,89,8,7
15,09,2022,09,28,36,33,87,71,6
15,09,2022,09,28,37,51,79,71,6
15,09,2022,09,28,38,51,79,27,6
15,09,2022,09,28,39,42,81,0,6
15,09,2022,09,28,43,31,79,9,5
15,09,2022,09,28,46,53,76,0,6
15,09,2022,09,28,47,53,76,53,6
15,09,2022,09,28,48,53,78,22,6
15,09,2022,09,28,49,34,80,22,6
15,09,2022,09,28,50,34,80,0,5
15,09,2022,09,28,56,34,75,54,5
15,09,2022,09,28,57,54,67,54,5
15,09,2022,09,28,58,54,67,38,6
15,09,2022,09,28,58,39,65,38,6
15,09,2022,09,28,59,39,65,6,7
15,09,2022,09,29,02,31,77,0,7
15,09,2022,09,29,05,29,66,0,6
15,09,2022,09,29,06,56,72,0,7
15,09,2022,09,29,07,56,72,54,6
15,09,2022,09,29,08,50,72,29,5
15,09,2022,09,29,09,27,67,29,5
15,09,2022,09,29,10,27,67,0,6
15,09,2022,09,29,16,24,70,51,6
15,09,2022,09,29,17,54,64,51,6
15,09,2022,09,29,18,54,64,36,6
15,09,2022,09,29,18,35,72,36,6
15,09,2022,09,29,19,35,72,7,6
15,09,2022,09,29,26,52,84,0,6
15,09,2022,09,29,27,52,84,53,6
15,09,2022,09,29,28,46,83,22,5
15,09,2022,09,29,31,29,76,22,5
15,09,2022,09,29,31,29,76,0,7
15,09,2022,09,29,32,29,87,0,7
15,09,2022,09,29,37,54,74,0,6
15,09,2022,09,29,38,54,74,38,6
15,09,2022,09,29,38,31,79,38,6
15,09,2022,09,29,39,31,79,1,6
15,09,2022,09,29,47,24,79,55,6
15,09,2022,09,29,48,45,77,55,6
15,09,2022,09,29,48,45,77,21,6
15,09,2022,09,29,49,31,77,21,6
15,09,2022,09,29,50,31,77,0,6
15,09,2022,09,29,54,26,62,0,7
15,09,2022,09,29,54,26,62,0,0
15,09,2022,09,29,56,25,59,53,6
15,09,2022,09,29,57,52,76,53,6
15,09,2022,09,29,58,52,76,37,6
15,09,2022,09,29,58,38,83,37,6
15,09,2022,09,29,59,38,83,11,6
15,09,2022,09,30,01,35,83,0,6
15,09,2022,09,30,06,54,88,0,6
15,09,2022,09,30,07,54,88,55,6
15,09,2022,09,30,08,48,87,26,6
15,09,2022,09,30,09,27,87,26,6
15,09,2022,09,30,10,27,87,0,6
15,09,2022,09,30,16,22,77,53,6
15,09,2022,09,30,17,51,74,53,6
15,09,2022,09,30,18,39,81,53,7
15,09,2022,09,30,19,39,81,10,7
15,09,2022,09,30,20,26,80,10,7
15,09,2022,09,30,26,52,78,0,6
15,09,2022,09,30,27,52,78,52,5
15,09,2022,09,30,28,48,76,27,6
15,09,2022,09,30,30,41,69,0,6
15,09,2022,09,30,31,25,74,0,6
15,09,2022,09,30,35,25,48,0,6
15,09,2022,09,30,36,25,48,65,5
15,09,2022,09,30,37,51,70,65,5
15,09,2022,09,30,37,51,70,37,6
15,09,2022,09,30,39,51,74,1,6
15,09,2022,09,30,40,37,78,1,6
15,09,2022,09,30,43,37,65,0,6
15,09,2022,09,30,45,37,74,0,1
15,09,2022,09,30,46,56,69,0,1
15,09,2022,09,30,47,56,69,54,6
15,09,2022,09,30,48,46,69,22,6
15,09,2022,09,30,49,34,73,22,6
15,09,2022,09,30,50,34,73,0,6
15,09,2022,09,30,55,30,42,0,7
15,09,2022,09,30,56,30,42,71,5
15,09,2022,09,30,57,53,72,71,5
15,09,2022,09,30,57,53,72,38,6
15,09,2022,09,30,58,39,73,38,6
15,09,2022,09,30,59,39,73,0,6
15,09,2022,09,31,01,34,84,0,6
15,09,2022,09,31,04,34,70,0,6
15,09,2022,09,31,05,34,70,0,0
15,09,2022,09,31,06,56,78,0,0
15,09,2022,09,31,07,56,78,55,6
15,09,2022,09,31,08,48,83,25,6
15,09,2022,09,31,09,30,81,25,6
15,09,2022,09,31,10,30,81,0,6
15,09,2022,09,31,15,24,46,0,6
15,09,2022,09,31,17,52,74,0,5
15,09,2022,09,31,17,52,74,36,6
15,09,2022,09,31,19,42,74,8,7
15,09,2022,09,31,25,33,72,0,0
15,09,2022,09,31,26,58,80,0,0
15,09,2022,09,31,27,58,80,53,6
15,09,2022,09,31,28,49,81,19,6
15,09,2022,09,31,30,41,84,0,5
15,09,2022,09,31,32,34,72,0,6
15,09,2022,09,31,34,34,84,0,7
15,09,2022,09,31,34,34,84,0,1
15,09,2022,09,31,35,34,54,0,1
15,09,2022,09,31,36,34,54,52,6
15,09,2022,09,31,37,50,87,52,6
15,09,2022,09,31,37,50,87,38,5
15,09,2022,09,31,38,32,77,38,5
15,09,2022,09,31,39,32,77,0,6
15,09,2022,09,31,45,28,82,0,0
15,09,2022,09,31,46,33,53,0,0
15,09,2022,09,31,47,33,53,55,6
15,09,2022,09,31,47,49,77,55,6
15,09,2022,09,31,48,49,77,32,6
15,09,2022,09,31,49,29,82,32,6
15,09,2022,09,31,50,29,82,0,6
15,09,2022,09,31,55,23,58,0,5
15,09,2022,09,31,56,23,58,20,0
15,09,2022,09,31,57,54,77,20,0
15,09,2022,09,31,57,54,77,45,7
15,09,2022,09,31,59,45,77,9,6
15,09,2022,09,32,05,39,74,0,0
15,09,2022,09,32,06,48,50,0,0
15,09,2022,09,32,07,48,50,55,5
15,09,2022,09,32,08,48,50,34,5
15,09,2022,09,32,09,32,65,34,5
15,09,2022,09,32,10,32,65,0,7
15,09,2022,09,32,14,27,64,0,1
15,09,2022,09,32,15,27,48,0,1
15,09,2022,09,32,17,54,66,0,0
15,09,2022,09,32,17,54,66,44,6
15,09,2022,09,32,18,42,62,44,6
15,09,2022,09,32,19,42,62,9,6
15,09,2022,09,32,20,29,71,9,6
15,09,2022,09,32,25,28,65,0,1
15,09,2022,09,32,26,38,53,0,1
15,09,2022,09,32,27,38,53,55,6
15,09,2022,09,32,28,46,53,27,5
15,09,2022,09,32,29,33,66,27,5
15,09,2022,09,32,30,33,66,0,6
15,09,2022,09,32,35,26,49,0,5
15,09,2022,09,32,36,26,49,27,0
15,09,2022,09,32,37,53,66,27,0
15,09,2022,09,32,37,53,66,47,6
15,09,2022,09,32,39,47,64,8,7
15,09,2022,09,32,40,27,72,8,7
15,09,2022,09,32,45,26,72,0,1
15,09,2022,09,32,46,45,59,0,1
15,09,2022,09,32,47,45,59,56,6
15,09,2022,09,32,47,50,81,56,6
15,09,2022,09,32,48,50,81,34,5
15,09,2022,09,32,49,38,73,34,5
15,09,2022,09,32,50,38,73,0,6
15,09,2022,09,32,55,33,56,0,5
15,09,2022,09,32,56,33,56,5,0
15,09,2022,09,32,57,52,73,5,0
15,09,2022,09,32,57,52,73,52,7
15,09,2022,09,32,59,46,77,8,7
15,09,2022,09,33,00,29,78,8,7
15,09,2022,09,33,04,29,51,0,6
15,09,2022,09,33,05,29,51,0,0
15,09,2022,09,33,07,39,48,55,7
15,09,2022,09,33,07,47,76,55,7
15,09,2022,09,33,08,47,76,36,6
15,09,2022,09,33,10,44,79,0,6
15,09,2022,09,33,15,36,65,0,6
15,09,2022,09,33,16,36,65,26,0
15,09,2022,09,33,17,53,78,26,0
15,09,2022,09,33,17,53,78,48,6
15,09,2022,09,33,18,41,72,48,6
15,09,2022,09,33,19,41,72,8,7
15,09,2022,09,33,20,30,81,8,7
15,09,2022,09,33,25,29,74,0,0
15,09,2022,09,33,26,42,63,0,0
15,09,2022,09,33,26,42,63,55,6
15,09,2022,09,33,27,48,82,55,6
15,09,2022,09,33,28,48,82,25,6
15,09,2022,09,33,29,32,86,25,6
15,09,2022,09,33,30,32,86,0,5
15,09,2022,09,33,32,32,74,9,6
15,09,2022,09,33,35,27,58,0,6
15,09,2022,09,33,36,27,58,22,0
15,09,2022,09,33,37,53,75,22,0
15,09,2022,09,33,37,53,75,46,6
15,09,2022,09,33,38,39,70,46,6
15,09,2022,09,33,39,39,70,9,7
15,09,2022,09,33,40,30,82,9,7
15,09,2022,09,33,44,29,68,0,6
15,09,2022,09,33,45,29,68,0,0
15,09,2022,09,33,46,29,58,57,6
15,09,2022,09,33,47,29,77,57,6
15,09,2022,09,33,48,29,77,35,6
15,09,2022,09,33,50,35,72,0,6
15,09,2022,09,33,55,27,54,0,6
15,09,2022,09,33,56,27,54,15,0
15,09,2022,09,33,56,55,69,15,0
15,09,2022,09,33,57,55,69,48,6
15,09,2022,09,33,59,45,65,8,7
15,09,2022,09,34,06,35,45,0,6
15,09,2022,09,34,06,35,45,55,6
15,09,2022,09,34,07,54,72,55,6
15,09,2022,09,34,08,54,72,34,6
15,09,2022,09,34,09,54,66,0,6
15,09,2022,09,34,10,27,66,0,6
15,09,2022,09,34,16,27,76,0,0
15,09,2022,09,34,16,53,76,0,0
15,09,2022,09,34,17,53,76,49,6
15,09,2022,09,34,19,44,73,9,6
15,09,2022,09,34,19,27,70,9,6
15,09,2022,09,34,24,26,81,0,6
15,09,2022,09,34,25,26,81,0,1
15,09,2022,09,34,26,26,49,0,1
15,09,2022,09,34,26,26,49,54,5
15,09,2022,09,34,27,56,77,54,5
15,09,2022,09,34,29,37,73,54,6
15,09,2022,09,34,29,37,73,0,7
15,09,2022,09,34,32,37,84,0,7
15,09,2022,09,34,35,37,69,0,6
15,09,2022,09,34,36,37,69,0,0
15,09,2022,09,34,36,52,85,0,0
15,09,2022,09,34,37,52,85,48,6
15,09,2022,09,34,39,49,80,10,6
15,09,2022,09,34,39,22,76,10,6
15,09,2022,09,34,45,21,84,0,1
15,09,2022,09,34,46,21,51,0,1
15,09,2022,09,34,46,21,51,55,6
15,09,2022,09,34,47,53,74,55,6
15,09,2022,09,34,48,53,74,38,7
15,09,2022,09,34,49,38,82,38,7
15,09,2022,09,34,49,38,82,0,6
15,09,2022,09,34,50,26,82,0,6
15,09,2022,09,34,56,27,79,0,0
15,09,2022,09,34,56,52,75,0,0
15,09,2022,09,34,57,52,75,52,6
15,09,2022,09,34,59,48,73,9,7
15,09,2022,09,34,59,32,85,9,7
15,09,2022,09,35,04,30,74,0,6
15,09,2022,09,35,06,30,51,0,6
15,09,2022,09,35,06,30,51,56,6
15,09,2022,09,35,07,51,80,56,6
15,09,2022,09,35,09,38,75,56,6
15,09,2022,09,35,09,38,75,0,6
15,09,2022,09,35,10,25,77,0,6
15,09,2022,09,35,15,25,57,0,6
15,09,2022,09,35,16,25,57,0,0
15,09,2022,09,35,16,54,71,0,0
15,09,2022,09,35,17,54,71,50,6
15,09,2022,09,35,19,45,69,10,7
15,09,2022,09,35,19,24,74,10,7
15,09,2022,09,35,26,23,40,0,5
15,09,2022,09,35,26,23,40,56,6
15,09,2022,09,35,27,49,65,56,6
15,09,2022,09,35,28,49,65,35,6
15,09,2022,09,35,29,39,59,0,6
15,09,2022,09,35,36,35,58,0,0
15,09,2022,09,35,36,50,69,0,0
15,09,2022,09,35,37,50,69,50,7
15,09,2022,09,35,39,44,69,22,5
15,09,2022,09,35,39,32,62,22,5
15,09,2022,09,35,40,32,62,0,6
15,09,2022,09,35,45,32,65,0,1
15,09,2022,09,35,46,32,31,0,1
15,09,2022,09,35,46,32,31,56,6
15,09,2022,09,35,47,52,58,56,6
15,09,2022,09,35,48,52,58,38,6
15,09,2022,09,35,49,35,64,38,6
15,09,2022,09,35,49,35,64,1,6
15,09,2022,09,35,50,24,64,1,6
15,09,2022,09,35,55,24,37,0,6
15,09,2022,09,35,56,24,37,0,0
15,09,2022,09,35,56,50,63,0,0
15,09,2022,09,35,57,50,63,44,6
15,09,2022,09,35,58,39,72,44,6
15,09,2022,09,35,59,39,72,7,6
15,09,2022,09,36,05,29,76,0,1
15,09,2022,09,36,06,29,45,0,1
15,09,2022,09,36,06,29,45,57,5
15,09,2022,09,36,07,29,72,57,5
15,09,2022,09,36,08,29,72,35,6
15,09,2022,09,36,09,32,69,0,6
15,09,2022,09,36,15,33,54,0,6
15,09,2022,09,36,15,33,54,0,0
15,09,2022,09,36,16,51,54,0,0
15,09,2022,09,36,17,51,54,49,6
15,09,2022,09,36,18,49,78,49,6
15,09,2022,09,36,18,49,78,7,6
15,09,2022,09,36,20,49,80,34,5
15,09,2022,09,36,21,23,72,34,5
15,09,2022,09,36,22,23,72,0,6
15,09,2022,09,36,24,22,58,0,7
15,09,2022,09,36,25,22,58,0,0
15,09,2022,09,36,26,22,52,54,6
15,09,2022,09,36,27,44,69,54,6
15,09,2022,09,36,28,44,69,8,6
15,09,2022,09,36,29,29,76,8,6
15,09,2022,09,36,35,27,44,0,7
15,09,2022,09,36,35,27,44,0,0
15,09,2022,09,36,36,51,72,0,0
15,09,2022,09,36,37,51,72,53,6
15,09,2022,09,36,39,28,80,53,6
15,09,2022,09,36,40,28,80,0,5
15,09,2022,09,36,46,26,52,0,7
15,09,2022,09,36,46,26,52,52,5
15,09,2022,09,36,47,52,74,52,5
15,09,2022,09,36,48,52,74,38,6
15,09,2022,09,36,49,42,78,8,7
15,09,2022,09,36,55,32,44,0,7
15,09,2022,09,36,55,32,44,0,0
15,09,2022,09,36,56,54,75,0,0
15,09,2022,09,36,57,54,75,52,6
15,09,2022,09,36,58,47,75,24,6
15,09,2022,09,36,59,32,76,24,6
15,09,2022,09,37,00,32,76,0,5
15,09,2022,09,37,05,35,70,0,0
15,09,2022,09,37,05,35,44,0,0
15,09,2022,09,37,06,35,44,67,5
15,09,2022,09,37,07,52,87,67,5
15,09,2022,09,37,08,52,87,37,5
15,09,2022,09,37,08,39,64,37,5
15,09,2022,09,37,09,39,64,6,6
15,09,2022,09,37,15,29,33,0,6
15,09,2022,09,37,15,29,33,0,0
15,09,2022,09,37,16,29,64,0,0
15,09,2022,09,37,17,29,64,54,7
15,09,2022,09,37,18,47,69,54,7
15,09,2022,09,37,18,47,69,25,7
15,09,2022,09,37,20,41,73,0,6
15,09,2022,09,37,21,30,65,0,6
15,09,2022,09,37,25,30,64,0,0
15,09,2022,09,37,25,30,42,0,0
15,09,2022,09,37,26,30,42,53,5
15,09,2022,09,37,27,52,61,53,5
15,09,2022,09,37,28,52,61,36,6
15,09,2022,09,37,29,43,67,8,6
15,09,2022,09,37,30,30,68,8,6
15,09,2022,09,37,33,29,56,0,6
15,09,2022,09,37,35,29,34,0,7
15,09,2022,09,37,35,29,34,0,0
15,09,2022,09,37,36,53,63,0,0
15,09,2022,09,37,37,53,63,0,7
15,09,2022,09,37,38,43,67,23,6
15,09,2022,09,37,40,45,67,0,5
15,09,2022,09,37,45,35,67,0,0
15,09,2022,09,37,45,35,42,0,0
15,09,2022,09,37,46,35,42,54,6
15,09,2022,09,37,47,51,60,54,6
15,09,2022,09,37,48,51,60,38,7
15,09,2022,09,37,49,48,67,8,7
15,09,2022,09,37,50,23,72,8,7
15,09,2022,09,37,55,22,51,0,7
15,09,2022,09,37,55,22,51,0,0
15,09,2022,09,37,56,51,74,0,0
15,09,2022,09,37,57,51,74,53,7
15,09,2022,09,38,00,43,83,0,5
15,09,2022,09,38,01,28,74,0,5
15,09,2022,09,38,04,28,74,0,0
15,09,2022,09,38,05,28,54,0,0
15,09,2022,09,38,06,28,54,62,6
15,09,2022,09,38,07,52,73,62,6
15,09,2022,09,38,08,52,73,36,7
15,09,2022,09,38,08,41,80,36,7
15,09,2022,09,38,09,41,80,0,6
15,09,2022,09,38,10,25,81,0,6
15,09,2022,09,38,15,25,47,0,6
15,09,2022,09,38,15,25,47,0,0
15,09,2022,09,38,16,54,77,0,0
15,09,2022,09,38,17,54,77,52,6
15,09,2022,09,38,18,45,71,21,7
15,09,2022,09,38,19,30,79,21,7
15,09,2022,09,38,20,30,79,0,6
15,09,2022,09,38,24,24,54,0,6
15,09,2022,09,38,24,24,54,0,0
15,09,2022,09,38,26,24,46,52,7
15,09,2022,09,38,27,51,76,52,7
15,09,2022,09,38,28,51,76,38,6
15,09,2022,09,38,29,42,70,9,6
15,09,2022,09,38,33,29,77,0,7
15,09,2022,09,38,34,29,52,0,5
15,09,2022,09,38,35,29,52,0,0
15,09,2022,09,38,36,52,78,0,0
15,09,2022,09,38,37,52,78,52,6
15,09,2022,09,38,38,47,81,20,6
15,09,2022,09,38,39,32,68,20,6
15,09,2022,09,38,40,32,68,0,6
15,09,2022,09,38,44,29,53,0,6
15,09,2022,09,38,44,29,53,0,0
15,09,2022,09,38,46,29,45,15,0
15,09,2022,09,38,47,53,66,15,0
15,09,2022,09,38,47,53,66,46,6
15,09,2022,09,38,49,45,76,8,6
15,09,2022,09,38,50,33,73,8,6
15,09,2022,09,38,53,33,59,0,6
15,09,2022,09,38,54,33,42,0,6
15,09,2022,09,38,55,33,42,0,0
15,09,2022,09,38,57,43,39,55,6
15,09,2022,09,38,58,22,39,55,6
15,09,2022,09,38,58,22,39,10,6
15,09,2022,09,38,59,47,39,10,6
15,09,2022,09,39,00,47,39,25,6
15,09,2022,09,39,01,32,39,25,6
15,09,2022,09,39,01,32,39,0,6
15,09,2022,09,39,02,28,59,0,6
15,09,2022,09,39,04,27,53,0,0
15,09,2022,09,39,06,28,53,22,0
15,09,2022,09,39,07,54,56,22,0
15,09,2022,09,39,07,54,56,45,6
15,09,2022,09,39,08,42,48,45,6
15,09,2022,09,39,09,42,48,8,7
15,09,2022,09,39,10,29,63,8,7
15,09,2022,09,39,14,27,39,0,5
15,09,2022,09,39,15,27,39,0,0
15,09,2022,09,39,16,40,45,0,0
15,09,2022,09,39,17,40,45,56,0
15,09,2022,09,39,17,52,63,56,0
15,09,2022,09,39,18,52,63,36,5
15,09,2022,09,39,19,41,56,36,5
15,09,2022,09,39,23,35,64,0,7
15,09,2022,09,39,24,35,66,0,0
15,09,2022,09,39,25,35,33,0,0
15,09,2022,09,39,27,52,67,0,0
15,09,2022,09,39,27,52,67,43,7
15,09,2022,09,39,29,52,68,10,6
15,09,2022,09,39,30,27,62,10,6
15,09,2022,09,39,34,25,29,0,6
15,09,2022,09,39,35,25,29,0,0
15,09,2022,09,39,36,39,30,0,0
15,09,2022,09,39,37,39,30,56,6
15,09,2022,09,39,37,48,60,56,6
15,09,2022,09,39,38,48,60,34,6
15,09,2022,09,39,39,34,64,34,6
15,09,2022,09,39,40,34,64,0,6
15,09,2022,09,39,44,31,64,0,0
15,09,2022,09,39,45,31,44,0,0
15,09,2022,09,39,47,52,44,5,0
15,09,2022,09,39,48,52,44,46,6
15,09,2022,09,39,48,47,70,46,6
15,09,2022,09,39,49,47,70,8,6
15,09,2022,09,39,51,27,78,0,6
15,09,2022,09,39,54,27,47,0,6
15,09,2022,09,39,55,27,47,0,0
15,09,2022,09,39,57,34,52,54,0
15,09,2022,09,39,57,51,68,54,0
15,09,2022,09,39,58,51,68,33,6
15,09,2022,09,39,59,38,71,33,6
15,09,2022,09,40,00,38,71,0,6
15,09,2022,09,40,01,27,73,0,6
15,09,2022,09,40,04,27,69,0,0
15,09,2022,09,40,05,27,42,0,0
15,09,2022,09,40,06,27,42,29,0
15,09,2022,09,40,07,54,78,29,0
15,09,2022,09,40,07,54,78,47,5
15,09,2022,09,40,09,46,70,9,6
15,09,2022,09,40,10,27,65,9,6
15,09,2022,09,40,14,27,45,0,6
15,09,2022,09,40,15,27,45,0,0
15,09,2022,09,40,16,41,50,0,0
15,09,2022,09,40,17,41,50,55,7
15,09,2022,09,40,17,51,74,55,7
15,09,2022,09,40,18,51,74,35,6
15,09,2022,09,40,19,32,78,35,6
15,09,2022,09,40,20,32,78,0,5
15,09,2022,09,40,22,36,66,0,6
15,09,2022,09,40,24,36,72,0,0
15,09,2022,09,40,25,36,53,0,0
15,09,2022,09,40,27,54,66,10,0
15,09,2022,09,40,27,54,66,47,7
15,09,2022,09,40,29,47,74,9,6
15,09,2022,09,40,34,38,47,0,6
15,09,2022,09,40,35,38,47,0,0
15,09,2022,09,40,37,38,54,54,6
15,09,2022,09,40,37,53,71,54,6
15,09,2022,09,40,38,53,71,35,6
15,09,2022,09,40,39,42,68,35,6
15,09,2022,09,40,40,42,68,0,7
15,09,2022,09,40,40,24,75,0,7
15,09,2022,09,40,43,24,62,0,5
15,09,2022,09,40,44,24,62,0,0
15,09,2022,09,40,45,24,41,0,0
15,09,2022,09,40,46,24,41,15,0
15,09,2022,09,40,47,54,74,15,0
15,09,2022,09,40,47,54,74,15,6
15,09,2022,09,40,50,44,67,0,6
15,09,2022,09,40,51,30,66,0,6
15,09,2022,09,40,54,30,39,0,5
15,09,2022,09,40,55,30,39,0,0
15,09,2022,09,40,56,45,39,0,0
15,09,2022,09,40,57,45,39,54,6
15,09,2022,09,40,57,49,73,54,6
15,09,2022,09,40,58,49,73,28,6
15,09,2022,09,41,00,39,71,0,6
15,09,2022,09,41,00,28,67,0,6
15,09,2022,09,41,04,28,38,0,6
15,09,2022,09,41,04,28,38,0,0
15,09,2022,09,41,06,28,34,11,0
15,09,2022,09,41,07,55,67,11,0
15,09,2022,09,41,07,55,67,47,6
15,09,2022,09,41,09,49,70,9,6
15,09,2022,09,41,10,33,62,9,6
15,09,2022,09,41,14,33,31,0,6
15,09,2022,09,41,15,33,31,0,0
15,09,2022,09,41,16,0,29,0,0
15,09,2022,09,41,16,0,29,56,6
15,09,2022,09,41,17,50,56,56,6
15,09,2022,09,41,18,50,56,36,7
15,09,2022,09,41,19,36,64,36,7
15,09,2022,09,41,20,36,64,8,6
15,09,2022,09,41,24,39,56,0,0
15,09,2022,09,41,25,39,40,0,0
15,09,2022,09,41,27,55,65,0,0
15,09,2022,09,41,27,55,65,49,0
15,09,2022,09,41,29,50,56,9,6
15,09,2022,09,41,30,31,52,9,6
15,09,2022,09,41,33,26,65,0,6
15,09,2022,09,41,34,26,41,0,5
15,09,2022,09,41,35,26,41,0,0
15,09,2022,09,41,36,26,37,55,7
15,09,2022,09,41,37,55,69,55,7
15,09,2022,09,41,38,55,69,36,6
15,09,2022,09,41,39,41,69,36,6
15,09,2022,09,41,40,41,69,7,5
15,09,2022,09,41,40,28,69,7,5
15,09,2022,09,41,44,29,70,0,0
15,09,2022,09,41,45,29,46,0,0
15,09,2022,09,41,47,52,74,0,0
15,09,2022,09,41,47,52,74,51,6
15,09,2022,09,41,49,47,68,22,6
15,09,2022,09,41,50,36,74,22,6
15,09,2022,09,41,50,36,74,0,6
15,09,2022,09,41,54,35,56,0,6
15,09,2022,09,41,55,35,56,0,0
15,09,2022,09,41,56,35,52,56,6
15,09,2022,09,41,57,55,81,56,6
15,09,2022,09,41,58,55,81,33,5
15,09,2022,09,41,59,37,71,33,5
15,09,2022,09,42,00,37,71,7,6
15,09,2022,09,42,04,31,75,0,0
15,09,2022,09,42,05,31,54,0,0
15,09,2022,09,42,07,61,75,0,0
15,09,2022,09,42,07,61,75,55,0
15,09,2022,09,42,08,50,67,55,0
15,09,2022,09,42,09,50,67,20,6
15,09,2022,09,42,10,33,67,20,6
15,09,2022,09,42,10,33,67,0,6
15,09,2022,09,42,11,32,79,0,6
15,09,2022,09,42,14,32,49,0,5
15,09,2022,09,42,15,32,49,0,0
15,09,2022,09,42,17,32,47,57,6
15,09,2022,09,42,17,53,75,57,6
15,09,2022,09,42,18,53,75,37,6
15,09,2022,09,42,19,42,69,37,6
15,09,2022,09,42,19,42,69,0,6
15,09,2022,09,42,20,27,67,0,6
15,09,2022,09,42,24,27,69,0,0
15,09,2022,09,42,25,27,47,0,0
15,09,2022,09,42,26,55,72,0,0
15,09,2022,09,42,27,55,72,54,6
15,09,2022,09,42,29,53,65,11,6
15,09,2022,09,42,29,35,73,11,6
15,09,2022,09,42,30,35,73,0,6
15,09,2022,09,42,31,34,48,0,6
15,09,2022,09,42,32,34,48,0,0
15,09,2022,09,42,36,34,45,56,7
15,09,2022,09,42,37,51,71,56,7
15,09,2022,09,42,38,51,71,35,6
15,09,2022,09,42,39,41,76,10,5
15,09,2022,09,42,42,46,63,0,6
15,09,2022,09,42,47,53,62,49,7
15,09,2022,09,42,49,46,59,9,6
15,09,2022,09,42,49,29,67,9,6
15,09,2022,09,42,54,30,39,0,6
15,09,2022,09,42,55,30,39,0,0
15,09,2022,09,42,56,29,32,55,5
15,09,2022,09,42,57,53,59,55,5
15,09,2022,09,42,58,53,59,36,6
15,09,2022,09,42,59,40,54,36,6
15,09,2022,09,42,59,40,54,1,7
15,09,2022,09,43,04,38,45,0,0
15,09,2022,09,43,06,53,55,0,0
15,09,2022,09,43,07,53,55,50,6
15,09,2022,09,43,09,51,55,11,6
15,09,2022,09,43,09,38,62,11,6
15,09,2022,09,43,10,38,62,0,6
15,09,2022,09,43,14,38,44,0,6
15,09,2022,09,43,15,38,44,0,0
15,09,2022,09,43,16,38,43,56,6
15,09,2022,09,43,17,53,61,56,6
15,09,2022,09,43,18,53,61,34,5
15,09,2022,09,43,19,39,55,34,5
15,09,2022,09,43,19,39,55,0,7
15,09,2022,09,43,23,32,44,0,6
15,09,2022,09,43,24,32,44,0,0
15,09,2022,09,43,26,0,0,0,0
15,09,2022,09,45,45,0,0,3,11
15,09,2022,09,45,46,52,378,3,11
15,09,2022,09,45,47,52,378,47,501
15,09,2022,09,45,49,44,376,1,498
15,09,2022,09,45,49,23,385,1,498
15,09,2022,09,45,51,23,368,0,498
15,09,2022,09,45,52,23,379,0,500
15,09,2022,09,45,53,23,379,0,494
15,09,2022,09,45,54,23,333,0,494
15,09,2022,09,45,55,23,333,0,415
15,09,2022,09,45,55,23,302,0,415
15,09,2022,09,45,56,23,302,0,283
15,09,2022,09,45,57,22,268,0,283
15,09,2022,09,45,58,22,268,0,244
15,09,2022,09,45,58,23,252,0,244
15,09,2022,09,45,59,23,252,0,165
15,09,2022,09,46,00,23,229,0,165
15,09,2022,09,46,01,23,229,0,64
15,09,2022,09,46,02,23,159,0,64
15,09,2022,09,46,02,23,159,0,59
15,09,2022,09,46,03,23,181,0,59
15,09,2022,09,46,08,23,141,0,59
15,09,2022,09,46,10,23,137,0,29
15,09,2022,09,46,15,23,150,0,28
15,09,2022,09,46,17,0,160,0,29
15,09,2022,09,46,18,0,0,0,30
15,09,2022,09,46,19,0,0,0,0
15,09,2022,12,20,30,0,0,26,45
15,09,2022,12,20,30,125,263,26,45
15,09,2022,12,20,31,125,263,26,499
15,09,2022,12,20,33,125,263,749,499
15,09,2022,12,20,35,127,274,749,501
15,09,2022,12,20,37,123,263,748,499
15,09,2022,12,20,47,118,252,749,499
15,09,2022,12,20,48,118,252,749,503
15,09,2022,12,20,50,118,259,748,500
15,09,2022,12,20,52,130,277,749,501
15,09,2022,12,20,53,130,277,749,417
15,09,2022,12,20,54,130,221,749,417
15,09,2022,12,20,54,130,221,748,64
15,09,2022,12,20,55,119,68,748,64
15,09,2022,12,20,56,119,68,748,51
15,09,2022,12,20,58,123,97,749,49
15,09,2022,12,21,01,136,90,749,50
15,09,2022,12,21,03,124,80,749,51
15,09,2022,12,21,09,115,93,749,50
15,09,2022,12,21,14,118,76,749,50
15,09,2022,12,21,20,115,90,749,51
15,09,2022,12,21,22,106,95,462,51
15,09,2022,12,21,23,75,91,462,51
15,09,2022,12,21,24,75,91,228,50
15,09,2022,12,21,24,70,80,228,50
15,09,2022,12,21,25,70,80,151,50
15,09,2022,12,21,26,68,73,76,51
15,09,2022,12,21,27,55,70,76,51
15,09,2022,12,21,30,47,70,35,49
15,09,2022,12,21,30,43,82,35,49
15,09,2022,12,21,31,43,82,8,50
15,09,2022,12,21,32,35,99,8,50
15,09,2022,12,21,35,33,85,0,51
15,09,2022,12,21,37,32,72,0,50
15,09,2022,12,21,40,31,72,0,29
15,09,2022,12,21,41,32,204,0,29
15,09,2022,12,21,47,31,213,0,25
15,09,2022,12,21,47,31,197,0,25
15,09,2022,12,21,48,31,197,0,16
15,09,2022,12,21,50,32,208,0,18
15,09,2022,12,21,57,31,214,0,4
15,09,2022,12,22,09,32,226,0,5
15,09,2022,12,22,10,31,214,0,5
15,09,2022,12,22,12,31,197,0,5
15,09,2022,12,22,17,31,227,0,5
15,09,2022,12,22,18,31,193,0,5
15,09,2022,12,22,24,31,179,0,5
15,09,2022,12,22,26,31,193,0,4
15,09,2022,12,22,28,31,201,0,0
15,09,2022,12,22,29,32,168,0,0
15,09,2022,12,22,38,27,157,0,0
15,09,2022,12,23,04,0,122,0,0
15,09,2022,12,23,06,0,0,0,0
15,09,2022,12,24,09,0,1,748,0
15,09,2022,12,24,12,119,0,749,0
15,09,2022,12,24,19,116,56,749,0
15,09,2022,12,24,21,117,18,750,0
15,09,2022,12,24,30,109,185,750,0
15,09,2022,12,24,31,109,185,750,5
15,09,2022,12,24,32,110,196,750,5
15,09,2022,12,24,32,110,196,750,0
15,09,2022,12,24,33,112,160,750,0
15,09,2022,12,25,05,108,150,510,0
15,09,2022,12,25,05,78,150,510,0
15,09,2022,12,25,06,78,150,232,0
15,09,2022,12,25,07,67,150,232,0
15,09,2022,12,25,08,67,150,182,0
15,09,2022,12,25,09,64,150,133,0
15,09,2022,12,25,10,51,150,133,0
15,09,2022,12,25,11,51,150,70,0
15,09,2022,12,25,13,48,150,37,0
15,09,2022,12,25,14,41,150,7,0
15,09,2022,12,25,16,30,150,0,0
15,09,2022,12,26,07,0,150,0,0
15,09,2022,12,26,08,0,0,0,0
