21,09,2022,14,52,18,2,78,0,0
21,09,2022,14,52,21,2,2,0,0
21,09,2022,14,52,43,0,0,745,60
21,09,2022,14,52,44,118,84,745,60
21,09,2022,14,52,49,116,87,749,30
21,09,2022,14,52,55,113,82,631,32
21,09,2022,14,52,56,94,73,631,32
21,09,2022,14,52,57,94,73,255,30
21,09,2022,14,52,57,59,68,255,30
21,09,2022,14,52,58,59,68,183,30
21,09,2022,14,53,00,59,69,149,29
21,09,2022,14,53,00,42,76,149,29
21,09,2022,14,53,01,42,76,73,19
21,09,2022,14,53,03,39,69,53,18
21,09,2022,14,53,04,37,69,27,17
21,09,2022,14,53,06,34,72,8,19
21,09,2022,14,53,07,23,82,8,19
21,09,2022,14,53,12,14,76,0,6
21,09,2022,14,53,13,36,83,0,6
21,09,2022,14,53,16,23,76,7,6
21,09,2022,14,53,22,12,74,0,6
21,09,2022,14,53,33,40,77,0,7
21,09,2022,14,53,34,40,77,35,5
21,09,2022,14,53,35,36,69,0,6
21,09,2022,14,53,39,29,80,0,7
21,09,2022,14,53,40,24,65,0,5
21,09,2022,14,53,43,21,39,0,6
21,09,2022,14,53,44,21,39,0,0
21,09,2022,14,53,53,38,46,0,0
21,09,2022,14,53,54,38,46,33,5
21,09,2022,14,53,54,38,149,33,5
21,09,2022,14,53,55,38,149,0,4
21,09,2022,14,54,03,31,144,33,3
21,09,2022,14,54,03,39,74,33,3
21,09,2022,14,54,04,39,74,0,6
21,09,2022,14,54,05,24,69,0,6
21,09,2022,14,54,10,24,45,0,5
21,09,2022,14,54,10,24,45,0,0
21,09,2022,14,54,11,24,34,0,0
21,09,2022,14,54,13,38,32,0,0
21,09,2022,14,54,16,27,31,0,0
21,09,2022,14,54,23,26,32,26,0
21,09,2022,14,54,23,37,32,26,0
21,09,2022,14,54,24,37,32,0,0
21,09,2022,14,54,27,26,32,0,0
21,09,2022,14,54,33,38,41,0,0
21,09,2022,14,54,33,38,41,9,5
21,09,2022,14,54,34,34,153,9,5
21,09,2022,14,54,36,32,136,0,5
21,09,2022,14,54,36,32,136,0,0
21,09,2022,14,54,37,28,112,0,0
21,09,2022,14,54,43,28,108,17,4
21,09,2022,14,54,43,28,121,17,4
21,09,2022,14,54,44,28,121,0,0
21,09,2022,14,54,53,40,114,0,0
21,09,2022,14,54,53,40,114,21,0
21,09,2022,14,54,55,30,114,0,0
21,09,2022,14,55,02,23,111,8,6
21,09,2022,14,55,03,34,121,8,6
21,09,2022,14,55,04,34,121,0,0
21,09,2022,14,55,05,20,111,0,0
21,09,2022,14,55,13,34,108,0,0
21,09,2022,14,55,17,23,108,0,0
21,09,2022,14,55,22,21,108,25,3
21,09,2022,14,55,23,38,144,25,3
21,09,2022,14,55,24,38,144,9,0
21,09,2022,14,55,25,38,112,9,0
21,09,2022,14,55,28,26,109,0,0
21,09,2022,14,55,32,42,157,0,0
21,09,2022,14,55,36,28,153,0,0
21,09,2022,14,55,36,28,153,0,5
21,09,2022,14,55,42,28,151,34,0
21,09,2022,14,55,43,37,60,34,0
21,09,2022,14,55,44,37,60,0,6
21,09,2022,14,55,45,23,71,0,6
21,09,2022,14,55,52,39,74,0,6
21,09,2022,14,55,56,28,64,0,5
21,09,2022,14,56,02,27,67,24,1
21,09,2022,14,56,03,28,146,24,1
21,09,2022,14,56,04,28,146,0,5
21,09,2022,14,56,06,23,134,0,5
21,09,2022,14,56,08,22,147,0,5
21,09,2022,14,56,12,32,136,0,4
21,09,2022,14,56,13,32,136,19,6
21,09,2022,14,56,15,32,143,0,5
21,09,2022,14,56,18,31,142,0,0
21,09,2022,14,56,19,31,117,0,0
21,09,2022,14,56,22,30,113,23,4
21,09,2022,14,56,24,34,119,5,0
21,09,2022,14,56,33,42,112,27,0
21,09,2022,14,56,34,36,123,27,0
21,09,2022,14,56,35,36,123,0,0
21,09,2022,14,56,42,27,118,34,0
21,09,2022,14,56,44,29,118,7,0
21,09,2022,14,56,49,18,118,0,0
21,09,2022,14,56,52,39,178,0,0
21,09,2022,14,56,53,39,178,8,4
21,09,2022,14,56,54,27,121,8,4
21,09,2022,14,56,55,27,121,0,0
21,09,2022,14,57,02,24,114,26,0
21,09,2022,14,57,04,32,114,0,0
21,09,2022,14,57,06,20,114,0,0
21,09,2022,14,57,13,33,166,0,0
21,09,2022,14,57,13,33,166,23,0
21,09,2022,14,57,14,9,111,23,0
21,09,2022,14,57,15,9,111,0,0
21,09,2022,14,57,23,31,104,8,0
21,09,2022,14,57,33,37,106,27,5
21,09,2022,14,57,34,19,139,27,5
21,09,2022,14,57,35,19,139,0,0
21,09,2022,14,57,35,19,115,0,0
21,09,2022,14,57,53,15,116,37,5
21,09,2022,14,57,54,34,116,37,5
21,09,2022,14,57,55,34,116,6,0
21,09,2022,14,57,57,23,113,0,0
21,09,2022,14,58,13,32,115,38,4
21,09,2022,14,58,14,37,145,38,4
21,09,2022,14,58,15,37,145,9,0
21,09,2022,14,58,15,29,119,9,0
21,09,2022,14,58,33,37,117,23,0
21,09,2022,14,58,34,31,116,0,0
21,09,2022,14,58,35,20,116,0,0
21,09,2022,14,58,43,38,152,7,0
21,09,2022,14,58,44,38,112,8,0
21,09,2022,14,58,53,47,109,20,0
21,09,2022,14,58,54,36,109,20,0
21,09,2022,14,58,54,36,109,0,0
21,09,2022,14,58,57,33,0,0,0
21,09,2022,14,58,58,26,109,0,0
21,09,2022,14,59,03,34,157,10,0
21,09,2022,14,59,04,32,111,6,0
21,09,2022,14,59,24,33,106,78,0
21,09,2022,14,59,24,20,106,78,0
21,09,2022,14,59,25,20,106,0,0
21,09,2022,14,59,33,20,109,0,5
21,09,2022,14,59,34,35,149,0,5
21,09,2022,14,59,34,35,149,10,0
21,09,2022,14,59,35,35,123,10,0
21,09,2022,14,59,44,43,120,32,0
21,09,2022,14,59,45,41,120,0,0
21,09,2022,14,59,49,30,120,0,0
21,09,2022,14,59,53,30,120,32,0
21,09,2022,14,59,54,41,120,32,0
21,09,2022,14,59,54,41,120,0,0
21,09,2022,14,59,55,28,120,0,0
21,09,2022,15,00,03,41,170,0,0
21,09,2022,15,00,04,41,170,5,3
21,09,2022,15,00,04,27,121,5,3
21,09,2022,15,00,05,27,121,0,0
21,09,2022,15,00,13,26,116,23,0
21,09,2022,15,00,14,34,116,0,0
21,09,2022,15,00,17,23,116,0,0
21,09,2022,15,00,23,39,156,0,0
21,09,2022,15,00,24,39,156,25,0
21,09,2022,15,00,24,21,113,25,0
21,09,2022,15,00,25,21,113,0,0
21,09,2022,15,00,34,39,108,0,0
21,09,2022,15,00,38,26,108,0,0
21,09,2022,15,00,43,38,143,0,0
21,09,2022,15,00,44,19,143,9,0
21,09,2022,15,00,47,17,118,0,0
21,09,2022,15,00,53,16,118,26,0
21,09,2022,15,00,53,39,118,26,0
21,09,2022,15,00,54,39,118,0,0
21,09,2022,15,00,55,21,118,0,0
21,09,2022,15,01,03,42,152,0,0
21,09,2022,15,01,03,42,152,18,0
21,09,2022,15,01,04,30,131,18,0
21,09,2022,15,01,05,30,131,0,0
21,09,2022,15,01,13,25,125,26,0
21,09,2022,15,01,13,38,125,26,0
21,09,2022,15,01,14,38,125,0,0
21,09,2022,15,01,18,27,125,0,0
21,09,2022,15,01,23,34,146,0,0
21,09,2022,15,01,24,34,123,8,0
21,09,2022,15,01,26,22,121,0,0
21,09,2022,15,01,33,19,120,34,0
21,09,2022,15,01,33,39,120,34,0
21,09,2022,15,01,34,39,120,8,0
21,09,2022,15,01,38,23,120,0,0
21,09,2022,15,01,43,22,183,0,0
21,09,2022,15,01,44,22,121,0,0
21,09,2022,15,01,53,22,118,32,5
21,09,2022,15,01,53,40,149,32,5
21,09,2022,15,01,54,40,149,23,0
21,09,2022,15,01,55,32,123,23,0
21,09,2022,15,01,56,32,123,0,0
21,09,2022,15,02,03,41,120,18,0
21,09,2022,15,02,05,35,120,0,0
21,09,2022,15,02,12,28,120,24,4
21,09,2022,15,02,14,31,114,0,0
21,09,2022,15,02,23,38,107,26,0
21,09,2022,15,02,25,32,107,0,0
21,09,2022,15,02,32,32,107,32,0
21,09,2022,15,02,33,31,151,32,0
21,09,2022,15,02,34,31,151,9,0
21,09,2022,15,02,35,35,115,9,0
21,09,2022,15,02,52,33,110,34,0
21,09,2022,15,02,54,38,110,10,0
21,09,2022,15,02,55,23,110,10,0
21,09,2022,15,03,02,38,173,0,0
21,09,2022,15,03,04,32,117,4,0
21,09,2022,15,03,12,30,114,33,5
21,09,2022,15,03,13,33,132,33,5
21,09,2022,15,03,14,33,132,0,0
21,09,2022,15,03,16,22,121,0,0
21,09,2022,15,03,22,36,120,0,0
21,09,2022,15,03,23,36,120,24,0
21,09,2022,15,03,25,36,120,0,0
21,09,2022,15,03,26,24,120,0,0
21,09,2022,15,03,32,19,120,0,6
21,09,2022,15,03,33,36,113,0,6
21,09,2022,15,03,34,36,113,0,0
21,09,2022,15,03,35,22,108,0,0
21,09,2022,15,03,42,33,108,0,0
21,09,2022,15,03,43,33,108,33,0
21,09,2022,15,03,45,37,118,0,0
21,09,2022,15,03,47,20,114,0,0
21,09,2022,15,03,52,19,114,34,4
21,09,2022,15,03,53,42,143,34,4
21,09,2022,15,03,54,42,143,8,0
21,09,2022,15,03,55,32,113,8,0
21,09,2022,15,04,23,35,110,22,6
21,09,2022,15,04,25,34,118,0,0
21,09,2022,15,04,27,26,107,0,0
21,09,2022,15,04,43,36,113,18,4
21,09,2022,15,04,45,32,121,0,0
21,09,2022,15,04,52,27,114,17,0
21,09,2022,15,04,53,38,114,17,0
21,09,2022,15,04,55,33,115,0,0
21,09,2022,15,05,03,39,124,20,4
21,09,2022,15,05,05,33,125,0,0
21,09,2022,15,05,07,30,113,0,0
21,09,2022,15,05,12,30,112,14,0
21,09,2022,15,05,15,34,113,0,0
21,09,2022,15,05,23,37,112,21,0
21,09,2022,15,05,25,29,113,0,0
21,09,2022,15,05,27,0,112,0,0
21,09,2022,15,05,28,18,112,0,0
21,09,2022,15,05,33,41,150,6,0
21,09,2022,15,05,35,34,119,6,0
21,09,2022,15,05,43,40,118,24,4
21,09,2022,15,05,45,39,112,0,0
21,09,2022,15,05,45,24,108,0,0
21,09,2022,15,05,53,38,106,8,0
21,09,2022,15,06,03,34,106,25,6
21,09,2022,15,06,05,27,109,0,0
21,09,2022,15,06,08,16,102,0,0
21,09,2022,15,06,13,40,102,10,0
21,09,2022,15,06,14,28,110,0,0
21,09,2022,15,06,23,26,106,29,1
21,09,2022,15,06,24,36,123,29,1
21,09,2022,15,06,26,31,117,0,0
21,09,2022,15,06,33,44,133,0,0
21,09,2022,15,06,34,28,116,8,0
21,09,2022,15,06,43,24,111,23,4
21,09,2022,15,06,44,38,111,23,4
21,09,2022,15,06,44,38,111,0,0
21,09,2022,15,06,45,22,113,0,0
21,09,2022,15,07,03,18,111,33,5
21,09,2022,15,07,04,33,128,33,5
21,09,2022,15,07,04,33,128,0,0
21,09,2022,15,07,05,30,108,0,0
21,09,2022,15,07,13,41,106,0,0
21,09,2022,15,07,14,21,106,0,0
21,09,2022,15,07,23,17,106,33,0
21,09,2022,15,07,24,31,122,33,0
21,09,2022,15,07,24,31,122,0,0
21,09,2022,15,07,25,26,111,0,0
21,09,2022,15,07,33,40,108,0,0
21,09,2022,15,07,34,24,108,9,0
21,09,2022,15,07,43,22,108,32,1
21,09,2022,15,07,44,32,108,0,0
21,09,2022,15,07,45,32,122,0,0
21,09,2022,15,08,03,32,118,34,6
21,09,2022,15,08,04,39,118,0,0
21,09,2022,15,08,05,23,113,0,0
21,09,2022,15,08,13,41,151,0,0
21,09,2022,15,08,14,31,114,7,0
21,09,2022,15,08,33,42,169,0,0
21,09,2022,15,08,34,29,119,8,0
21,09,2022,15,08,43,25,113,32,0
21,09,2022,15,08,44,25,113,7,0
21,09,2022,15,08,53,41,168,0,0
21,09,2022,15,08,53,41,168,9,4
21,09,2022,15,08,54,26,114,9,4
21,09,2022,15,08,55,26,114,0,0
21,09,2022,15,09,03,24,109,32,0
21,09,2022,15,09,04,34,108,0,0
21,09,2022,15,09,13,43,162,0,0
21,09,2022,15,09,13,43,162,19,5
21,09,2022,15,09,14,31,112,19,5
21,09,2022,15,09,15,31,112,0,0
21,09,2022,15,09,23,30,106,31,0
21,09,2022,15,09,24,39,106,0,0
21,09,2022,15,09,33,44,156,0,0
21,09,2022,15,09,33,44,156,9,5
21,09,2022,15,09,34,30,114,9,5
21,09,2022,15,09,35,30,114,0,0
21,09,2022,15,09,43,24,109,32,0
21,09,2022,15,09,43,35,109,32,0
21,09,2022,15,09,46,29,109,0,0
21,09,2022,15,09,53,39,163,0,0
21,09,2022,15,09,54,30,107,10,0
21,09,2022,15,10,03,29,104,25,0
21,09,2022,15,10,04,34,104,5,0
21,09,2022,15,10,13,41,159,0,0
21,09,2022,15,10,13,41,159,10,5
21,09,2022,15,10,14,24,120,10,5
21,09,2022,15,10,15,24,120,0,0
21,09,2022,15,10,22,23,111,34,0
21,09,2022,15,10,23,36,110,34,0
21,09,2022,15,10,24,36,110,5,0
21,09,2022,15,10,32,41,168,0,0
21,09,2022,15,10,33,41,168,8,5
21,09,2022,15,10,34,30,120,8,5
21,09,2022,15,10,35,30,120,0,0
21,09,2022,15,10,43,37,134,10,0
21,09,2022,15,10,45,32,114,7,0
21,09,2022,15,11,03,39,128,11,0
21,09,2022,15,11,04,39,128,26,0
21,09,2022,15,11,05,31,105,26,0
21,09,2022,15,11,06,31,105,0,0
21,09,2022,15,11,12,45,102,0,0
21,09,2022,15,11,13,45,102,21,0
21,09,2022,15,11,14,32,102,21,0
21,09,2022,15,11,15,32,102,0,0
21,09,2022,15,11,23,38,141,2,0
21,09,2022,15,11,25,33,106,0,0
21,09,2022,15,11,33,34,101,22,0
21,09,2022,15,11,35,36,101,0,0
21,09,2022,15,11,43,41,119,0,0
21,09,2022,15,11,45,39,108,8,0
21,09,2022,15,11,53,44,115,19,0
21,09,2022,15,11,54,33,105,19,0
21,09,2022,15,11,55,33,105,0,0
21,09,2022,15,12,02,31,97,13,0
21,09,2022,15,12,05,29,97,0,0
21,09,2022,15,12,13,33,97,19,0
21,09,2022,15,12,14,45,98,19,0
21,09,2022,15,12,15,45,98,0,0
21,09,2022,15,12,23,39,144,9,0
21,09,2022,15,12,25,29,109,9,0
21,09,2022,15,12,32,40,103,0,0
21,09,2022,15,12,33,40,103,23,0
21,09,2022,15,12,35,37,104,0,0
21,09,2022,15,12,43,41,147,0,0
21,09,2022,15,12,45,31,107,7,0
21,09,2022,15,13,03,40,132,0,0
21,09,2022,15,13,04,24,108,10,0
21,09,2022,15,13,13,19,105,32,0
21,09,2022,15,13,14,31,105,32,0
21,09,2022,15,13,15,31,105,0,0
21,09,2022,15,13,33,25,102,36,0
21,09,2022,15,13,34,37,102,36,0
21,09,2022,15,13,34,37,102,0,0
21,09,2022,15,13,35,24,102,0,0
21,09,2022,15,13,43,34,150,0,0
21,09,2022,15,13,44,34,150,0,5
21,09,2022,15,13,44,31,105,0,5
21,09,2022,15,13,45,31,105,0,0
21,09,2022,15,13,53,28,98,34,0
21,09,2022,15,13,54,37,98,0,0
21,09,2022,15,13,58,26,98,0,0
21,09,2022,15,14,03,42,98,0,0
21,09,2022,15,14,04,22,98,7,0
21,09,2022,15,14,13,21,98,35,6
21,09,2022,15,14,14,21,109,35,6
21,09,2022,15,14,14,21,109,35,0
21,09,2022,15,14,16,22,103,0,0
21,09,2022,15,14,17,0,102,0,0
21,09,2022,15,14,18,21,101,0,0
21,09,2022,15,14,23,45,136,0,0
21,09,2022,15,14,24,32,111,8,0
21,09,2022,15,14,26,0,111,8,0
21,09,2022,15,14,27,30,106,0,0
21,09,2022,15,14,33,31,106,31,0
21,09,2022,15,14,34,35,105,0,0
21,09,2022,15,14,53,32,106,34,6
21,09,2022,15,14,54,36,119,34,6
21,09,2022,15,14,54,36,119,0,0
21,09,2022,15,14,58,33,108,0,0
21,09,2022,15,15,03,42,107,25,0
21,09,2022,15,15,05,33,107,0,0
21,09,2022,15,15,13,33,107,34,5
21,09,2022,15,15,13,34,126,34,5
21,09,2022,15,15,14,34,126,0,0
21,09,2022,15,15,15,29,104,0,0
21,09,2022,15,15,24,39,101,18,0
21,09,2022,15,15,25,32,101,0,0
21,09,2022,15,15,33,30,101,32,4
21,09,2022,15,15,33,30,126,32,4
21,09,2022,15,15,34,30,126,0,0
21,09,2022,15,15,35,25,102,0,0
21,09,2022,15,15,43,40,99,0,0
21,09,2022,15,15,43,40,99,21,0
21,09,2022,15,15,47,33,99,0,0
21,09,2022,15,15,53,32,99,34,5
21,09,2022,15,15,53,34,116,34,5
21,09,2022,15,15,54,34,116,0,0
21,09,2022,15,15,57,29,104,0,0
21,09,2022,15,16,03,41,103,0,0
21,09,2022,15,16,03,41,103,20,0
21,09,2022,15,16,05,42,103,0,0
21,09,2022,15,16,13,35,103,35,7
21,09,2022,15,16,14,38,110,0,0
21,09,2022,15,16,23,44,146,0,0
21,09,2022,15,16,23,44,146,10,4
21,09,2022,15,16,24,36,103,10,4
21,09,2022,15,16,25,36,103,0,0
21,09,2022,15,16,33,34,98,33,0
21,09,2022,15,16,34,40,98,0,0
21,09,2022,15,16,43,45,147,0,0
21,09,2022,15,16,43,45,147,9,4
21,09,2022,15,16,44,32,118,9,4
21,09,2022,15,16,45,32,118,0,0
21,09,2022,15,16,53,29,113,35,5
21,09,2022,15,16,53,40,130,35,5
21,09,2022,15,16,54,40,130,0,0
21,09,2022,15,16,55,35,104,0,0
21,09,2022,15,17,13,34,125,9,0
21,09,2022,15,17,15,26,0,7,0
21,09,2022,15,17,16,25,115,0,0
21,09,2022,15,17,23,32,115,27,4
21,09,2022,15,17,24,40,104,27,4
21,09,2022,15,17,25,40,104,0,0
21,09,2022,15,17,43,44,102,22,6
21,09,2022,15,17,45,36,109,0,0
21,09,2022,15,18,03,33,101,26,0
21,09,2022,15,18,04,36,136,26,0
21,09,2022,15,18,05,36,136,0,0
21,09,2022,15,18,05,28,114,0,0
21,09,2022,15,18,13,40,111,2,0
21,09,2022,15,18,23,39,113,28,5
21,09,2022,15,18,24,25,108,28,5
21,09,2022,15,18,25,25,108,0,0
21,09,2022,15,18,32,22,103,11,0
21,09,2022,15,18,33,33,103,11,0
21,09,2022,15,18,34,33,103,0,0
21,09,2022,15,18,43,36,109,0,6
21,09,2022,15,18,45,36,112,0,0
21,09,2022,15,19,03,37,106,21,5
21,09,2022,15,19,05,32,109,0,0
21,09,2022,15,19,23,33,102,35,5
21,09,2022,15,19,24,39,119,35,5
21,09,2022,15,19,25,39,119,0,0
21,09,2022,15,19,25,27,114,0,0
21,09,2022,15,19,33,40,137,0,0
21,09,2022,15,19,35,28,102,7,0
21,09,2022,15,19,43,27,99,30,0
21,09,2022,15,19,44,39,99,30,0
21,09,2022,15,19,45,39,99,0,0
21,09,2022,15,20,03,31,99,31,5
21,09,2022,15,20,04,37,120,31,5
21,09,2022,15,20,05,37,120,0,0
21,09,2022,15,20,05,35,101,0,0
21,09,2022,15,20,23,32,98,36,5
21,09,2022,15,20,24,37,110,36,5
21,09,2022,15,20,25,37,110,0,0
21,09,2022,15,20,43,35,101,32,5
21,09,2022,15,20,44,37,127,32,5
21,09,2022,15,20,44,37,127,0,0
21,09,2022,15,20,47,32,115,0,0
21,09,2022,15,20,53,44,114,0,0
21,09,2022,15,20,56,33,114,0,0
21,09,2022,15,21,03,33,114,33,6
21,09,2022,15,21,04,40,107,0,0
21,09,2022,15,21,07,29,101,0,0
21,09,2022,15,21,13,42,100,0,0
21,09,2022,15,21,18,31,100,0,0
21,09,2022,15,21,23,30,100,32,5
21,09,2022,15,21,24,28,110,0,0
21,09,2022,15,21,30,21,99,0,0
21,09,2022,15,21,33,42,100,0,0
21,09,2022,15,21,36,30,99,0,0
21,09,2022,15,21,43,29,100,35,5
21,09,2022,15,21,44,40,119,35,5
21,09,2022,15,21,44,40,119,0,0
21,09,2022,15,21,45,22,119,0,0
21,09,2022,15,21,53,44,150,0,0
21,09,2022,15,21,54,36,106,9,0
21,09,2022,15,22,03,31,102,25,0
21,09,2022,15,22,04,37,102,8,0
21,09,2022,15,22,13,44,153,0,0
21,09,2022,15,22,14,32,110,8,0
21,09,2022,15,22,23,29,104,33,0
21,09,2022,15,22,24,38,104,5,0
21,09,2022,15,22,33,45,155,0,0
21,09,2022,15,22,34,45,155,9,6
21,09,2022,15,22,34,27,112,9,6
21,09,2022,15,22,35,27,112,0,0
21,09,2022,15,22,43,24,104,33,0
21,09,2022,15,22,44,38,104,33,0
21,09,2022,15,22,44,38,104,0,0
21,09,2022,15,22,56,24,104,0,0
21,09,2022,15,23,03,24,104,32,6
21,09,2022,15,23,04,35,144,32,6
21,09,2022,15,23,04,35,144,6,0
21,09,2022,15,23,05,28,108,6,0
21,09,2022,15,23,13,43,104,0,0
21,09,2022,15,23,14,32,104,0,0
21,09,2022,15,23,23,30,104,33,0
21,09,2022,15,23,24,31,104,6,0
21,09,2022,15,23,33,40,161,0,0
21,09,2022,15,23,33,40,161,10,4
21,09,2022,15,23,34,40,105,10,4
21,09,2022,15,23,35,40,105,0,0
21,09,2022,15,23,45,26,98,6,0
21,09,2022,15,23,53,34,101,23,5
21,09,2022,15,23,54,37,117,23,5
21,09,2022,15,23,55,37,117,0,0
21,09,2022,15,24,13,34,112,22,0
21,09,2022,15,24,15,37,103,0,0
21,09,2022,15,24,23,42,137,8,0
21,09,2022,15,24,25,36,102,9,0
21,09,2022,15,24,33,44,99,27,0
21,09,2022,15,24,35,40,99,0,0
21,09,2022,15,24,43,32,99,11,0
21,09,2022,15,24,44,34,99,0,0
21,09,2022,15,24,53,33,102,35,5
21,09,2022,15,24,54,40,115,35,5
21,09,2022,15,24,55,40,115,0,0
21,09,2022,15,24,56,25,108,0,0
21,09,2022,15,25,03,43,126,7,0
21,09,2022,15,25,05,35,109,7,0
21,09,2022,15,25,13,40,107,26,0
21,09,2022,15,25,15,32,107,0,0
21,09,2022,15,25,22,31,107,11,0
21,09,2022,15,25,23,41,122,11,0
21,09,2022,15,25,25,31,99,6,0
21,09,2022,15,25,33,38,97,27,0
21,09,2022,15,25,35,32,97,0,0
21,09,2022,15,25,43,41,140,9,0
21,09,2022,15,25,45,25,104,9,0
21,09,2022,15,25,54,37,99,19,0
21,09,2022,15,25,55,37,99,0,0
21,09,2022,15,26,03,42,129,0,0
21,09,2022,15,26,05,31,120,8,0
21,09,2022,15,26,13,28,111,33,6
21,09,2022,15,26,15,34,107,0,0
21,09,2022,15,26,25,22,100,8,0
21,09,2022,15,26,33,19,100,8,5
21,09,2022,15,26,34,39,110,8,5
21,09,2022,15,26,35,39,110,8,0
21,09,2022,15,26,37,26,104,0,0
21,09,2022,15,26,43,40,132,0,0
21,09,2022,15,26,45,22,105,0,0
21,09,2022,15,26,53,22,103,32,0
21,09,2022,15,26,55,32,113,0,0
21,09,2022,15,27,03,43,140,0,0
21,09,2022,15,27,05,32,101,5,0
21,09,2022,15,27,23,42,136,0,0
21,09,2022,15,27,24,42,136,35,0
21,09,2022,15,27,25,39,150,35,0
21,09,2022,15,27,25,39,150,0,0
21,09,2022,15,27,26,39,119,0,0
21,09,2022,15,27,33,36,116,32,5
21,09,2022,15,27,34,31,102,32,5
21,09,2022,15,27,35,31,102,0,0
21,09,2022,15,27,43,33,128,0,0
21,09,2022,15,27,45,23,107,9,0
21,09,2022,15,27,53,21,104,33,0
21,09,2022,15,27,54,32,104,33,0
21,09,2022,15,27,55,32,104,13,0
21,09,2022,15,27,56,36,104,0,0
21,09,2022,15,28,03,43,138,0,0
21,09,2022,15,28,05,29,106,0,0
21,09,2022,15,28,13,24,103,35,4
21,09,2022,15,28,14,47,138,35,4
21,09,2022,15,28,14,47,138,27,0
21,09,2022,15,28,15,36,104,27,0
21,09,2022,15,28,16,36,104,0,0
21,09,2022,15,28,24,40,101,22,0
21,09,2022,15,28,25,35,101,0,0
21,09,2022,15,28,29,21,101,0,0
21,09,2022,15,28,33,19,101,34,0
21,09,2022,15,28,34,39,101,34,0
21,09,2022,15,28,34,39,101,6,0
21,09,2022,15,28,37,28,101,0,0
21,09,2022,15,28,43,45,153,0,0
21,09,2022,15,28,44,45,153,8,5
21,09,2022,15,28,44,45,109,8,5
21,09,2022,15,28,45,45,109,0,0
21,09,2022,15,28,46,23,106,0,0
21,09,2022,15,28,53,22,104,0,5
21,09,2022,15,28,54,42,116,0,5
21,09,2022,15,28,54,42,116,0,0
21,09,2022,15,28,57,36,105,0,0
21,09,2022,15,29,03,47,104,0,0
21,09,2022,15,29,04,34,104,8,0
21,09,2022,15,29,13,30,104,34,4
21,09,2022,15,29,14,41,128,34,4
21,09,2022,15,29,14,41,128,5,0
21,09,2022,15,29,15,34,105,5,0
21,09,2022,15,29,23,46,102,0,0
21,09,2022,15,29,24,34,102,8,0
21,09,2022,15,29,33,33,101,33,5
21,09,2022,15,29,34,35,126,33,5
21,09,2022,15,29,34,35,126,0,0
21,09,2022,15,29,38,27,115,0,0
21,09,2022,15,29,43,43,115,0,0
21,09,2022,15,29,44,29,115,9,0
21,09,2022,15,29,53,23,115,24,7
21,09,2022,15,29,54,38,139,24,7
21,09,2022,15,29,54,38,139,6,0
21,09,2022,15,29,55,31,118,6,0
21,09,2022,15,30,13,41,138,10,0
21,09,2022,15,30,15,41,115,8,0
21,09,2022,15,30,17,28,112,0,0
21,09,2022,15,30,23,39,111,0,0
21,09,2022,15,30,24,39,111,21,0
21,09,2022,15,30,25,35,111,0,0
21,09,2022,15,30,33,43,124,3,0
21,09,2022,15,30,35,30,114,0,0
21,09,2022,15,30,43,35,114,26,5
21,09,2022,15,30,45,35,117,0,0
21,09,2022,15,30,56,24,107,0,0
21,09,2022,15,31,03,32,112,19,0
21,09,2022,15,31,05,35,102,0,0
21,09,2022,15,31,13,41,142,3,0
21,09,2022,15,31,15,34,113,5,0
21,09,2022,15,31,23,48,109,0,0
21,09,2022,15,31,23,48,109,27,0
21,09,2022,15,31,24,36,109,27,0
21,09,2022,15,31,25,36,109,0,0
21,09,2022,15,31,43,36,111,20,0
21,09,2022,15,31,44,38,122,20,0
21,09,2022,15,31,45,38,122,0,0
21,09,2022,15,31,55,35,108,0,0
21,09,2022,15,32,03,34,105,35,0
21,09,2022,15,32,05,39,105,0,0
21,09,2022,15,32,06,28,105,0,0
21,09,2022,15,32,13,27,141,0,0
21,09,2022,15,32,15,35,104,9,0
21,09,2022,15,32,23,32,100,25,0
21,09,2022,15,32,25,38,100,0,0
21,09,2022,15,32,33,46,137,0,0
21,09,2022,15,32,34,46,137,0,5
21,09,2022,15,32,35,22,105,0,5
21,09,2022,15,32,36,22,105,0,0
21,09,2022,15,32,43,20,100,32,0
21,09,2022,15,32,44,35,100,32,0
21,09,2022,15,32,45,35,100,0,0
21,09,2022,15,32,55,38,114,9,0
21,09,2022,15,32,56,22,112,9,0
21,09,2022,15,33,03,22,111,32,0
21,09,2022,15,33,04,34,111,32,0
21,09,2022,15,33,05,34,111,0,0
21,09,2022,15,33,14,37,111,8,5
21,09,2022,15,33,15,37,121,0,0
21,09,2022,15,33,22,25,114,0,0
21,09,2022,15,33,23,25,114,27,0
21,09,2022,15,33,25,33,115,0,0
21,09,2022,15,33,27,21,115,0,0
21,09,2022,15,33,33,40,134,0,0
21,09,2022,15,33,35,39,111,9,0
21,09,2022,15,33,36,22,108,6,0
21,09,2022,15,33,43,21,106,38,4
21,09,2022,15,33,44,33,117,38,4
21,09,2022,15,33,45,33,117,0,0
21,09,2022,15,33,53,44,138,0,0
21,09,2022,15,33,54,44,138,31,0
21,09,2022,15,33,55,41,110,31,0
21,09,2022,15,33,55,41,110,0,0
21,09,2022,15,33,56,25,108,0,0
21,09,2022,15,34,03,23,106,34,0
21,09,2022,15,34,04,36,106,34,0
21,09,2022,15,34,05,36,106,0,0
21,09,2022,15,34,13,46,159,0,0
21,09,2022,15,34,14,46,159,25,4
21,09,2022,15,34,15,35,119,25,4
21,09,2022,15,34,15,35,119,0,0
21,09,2022,15,34,23,34,112,34,5
21,09,2022,15,34,25,33,111,7,0
21,09,2022,15,34,33,46,103,0,0
21,09,2022,15,34,36,31,103,0,0
21,09,2022,15,34,43,30,103,34,2
21,09,2022,15,34,44,33,120,34,2
21,09,2022,15,34,45,33,120,0,0
21,09,2022,15,34,54,43,110,22,0
21,09,2022,15,34,55,35,110,0,0
21,09,2022,15,35,03,33,110,35,4
21,09,2022,15,35,05,33,110,0,0
21,09,2022,15,35,23,33,104,34,5
21,09,2022,15,35,24,32,135,34,5
21,09,2022,15,35,24,32,135,0,0
21,09,2022,15,35,25,26,109,0,0
21,09,2022,15,35,33,40,107,0,0
21,09,2022,15,35,43,32,107,34,4
21,09,2022,15,35,44,30,125,34,4
21,09,2022,15,35,44,30,125,0,0
21,09,2022,15,35,45,27,103,0,0
21,09,2022,15,35,53,42,101,0,0
21,09,2022,15,35,54,30,101,9,0
21,09,2022,15,36,03,26,101,33,5
21,09,2022,15,36,04,36,118,33,5
21,09,2022,15,36,04,36,118,0,0
21,09,2022,15,36,08,35,107,0,0
21,09,2022,15,36,23,26,107,33,6
21,09,2022,15,36,24,41,142,33,6
21,09,2022,15,36,24,41,142,5,0
21,09,2022,15,36,25,41,112,5,0
21,09,2022,15,36,34,32,108,20,0
21,09,2022,15,36,35,35,108,0,0
21,09,2022,15,36,41,26,0,0,0
21,09,2022,15,36,42,26,108,0,0
21,09,2022,15,36,43,26,108,12,0
21,09,2022,15,36,44,37,118,12,0
21,09,2022,15,36,46,30,108,0,0
21,09,2022,15,36,54,37,109,20,5
21,09,2022,15,36,55,38,110,0,0
21,09,2022,15,37,14,43,104,21,0
21,09,2022,15,37,14,17,103,21,0
21,09,2022,15,37,15,17,103,0,0
21,09,2022,15,37,24,42,145,0,0
21,09,2022,15,37,25,24,106,6,0
21,09,2022,15,37,34,24,103,25,0
21,09,2022,15,37,34,36,103,25,0
21,09,2022,15,37,37,33,103,0,0
21,09,2022,15,37,43,36,139,5,0
21,09,2022,15,37,45,33,107,0,0
21,09,2022,15,37,53,44,104,0,0
21,09,2022,15,37,53,44,104,34,0
21,09,2022,15,37,54,33,104,34,0
21,09,2022,15,37,55,33,104,0,0
21,09,2022,15,38,03,39,129,5,0
21,09,2022,15,38,05,28,102,0,0
21,09,2022,15,38,24,38,104,34,0
21,09,2022,15,38,26,31,104,0,0
21,09,2022,15,38,33,34,108,21,5
21,09,2022,15,38,34,35,125,21,5
21,09,2022,15,38,35,35,125,0,0
21,09,2022,15,38,43,38,141,0,0
21,09,2022,15,38,45,33,105,8,0
21,09,2022,15,38,53,31,102,35,0
21,09,2022,15,38,55,35,102,0,0
21,09,2022,15,39,00,24,102,0,0
21,09,2022,15,39,03,39,140,0,0
21,09,2022,15,39,05,32,111,8,0
21,09,2022,15,39,13,30,108,32,0
21,09,2022,15,39,15,37,108,0,0
21,09,2022,15,39,16,24,108,0,0
21,09,2022,15,39,23,40,142,0,0
21,09,2022,15,39,24,40,142,9,5
21,09,2022,15,39,25,34,116,9,5
21,09,2022,15,39,26,34,116,0,0
21,09,2022,15,39,33,31,110,29,0
21,09,2022,15,39,35,26,110,0,0
21,09,2022,15,39,43,40,110,0,0
21,09,2022,15,39,44,40,110,23,0
21,09,2022,15,39,46,30,110,0,0
21,09,2022,15,39,53,28,110,32,5
21,09,2022,15,39,54,38,127,32,5
21,09,2022,15,39,55,38,127,32,0
21,09,2022,15,39,56,30,115,32,0
21,09,2022,15,39,56,30,115,0,0
21,09,2022,15,40,03,40,133,0,0
21,09,2022,15,40,05,24,104,8,0
21,09,2022,15,40,13,22,102,32,0
21,09,2022,15,40,15,28,102,0,0
21,09,2022,15,40,23,41,146,0,0
21,09,2022,15,40,25,29,109,8,0
21,09,2022,15,40,33,28,104,33,0
21,09,2022,15,40,35,37,104,0,0
21,09,2022,15,40,43,31,139,0,0
21,09,2022,15,40,45,22,111,8,0
21,09,2022,15,40,53,20,106,33,0
21,09,2022,15,40,54,33,106,33,0
21,09,2022,15,40,55,33,106,0,0
21,09,2022,15,41,03,43,160,0,0
21,09,2022,15,41,04,43,160,25,0
21,09,2022,15,41,05,20,108,25,0
21,09,2022,15,41,05,20,108,0,0
21,09,2022,15,41,13,19,105,34,4
21,09,2022,15,41,14,32,134,34,4
21,09,2022,15,41,15,32,134,34,0
21,09,2022,15,41,15,24,101,34,0
21,09,2022,15,41,16,24,101,0,0
21,09,2022,15,41,23,38,97,0,0
21,09,2022,15,41,26,21,97,0,0
21,09,2022,15,41,33,21,97,33,0
21,09,2022,15,41,34,33,97,33,0
21,09,2022,15,41,36,27,97,0,0
21,09,2022,15,41,43,38,154,0,0
21,09,2022,15,41,44,38,154,9,5
21,09,2022,15,41,45,35,104,9,5
21,09,2022,15,41,45,35,104,0,0
21,09,2022,15,41,53,32,95,34,0
21,09,2022,15,41,55,33,94,7,0
21,09,2022,15,41,55,22,94,7,0
21,09,2022,15,42,03,40,151,0,0
21,09,2022,15,42,05,30,115,0,0
21,09,2022,15,42,13,28,110,35,0
21,09,2022,15,42,15,31,110,0,0
21,09,2022,15,42,23,25,165,0,0
21,09,2022,15,42,26,26,102,0,0
21,09,2022,15,42,33,26,100,34,5
21,09,2022,15,42,34,26,116,34,5
21,09,2022,15,42,35,26,116,0,0
21,09,2022,15,42,43,35,152,0,0
21,09,2022,15,42,44,35,152,17,0
21,09,2022,15,42,45,33,101,17,0
21,09,2022,15,42,45,33,101,0,0
21,09,2022,15,43,04,40,97,0,5
21,09,2022,15,43,04,22,108,0,5
21,09,2022,15,43,05,22,108,0,0
21,09,2022,15,43,14,34,99,5,0
21,09,2022,15,43,24,33,99,25,0
21,09,2022,15,43,24,35,117,25,0
21,09,2022,15,43,25,35,117,0,0
21,09,2022,15,43,26,21,114,0,0
21,09,2022,15,43,34,38,128,0,0
21,09,2022,15,43,35,30,102,0,0
21,09,2022,15,43,44,23,97,35,0
21,09,2022,15,43,44,43,97,35,0
21,09,2022,15,43,45,43,97,8,0
21,09,2022,15,43,48,32,97,8,0
21,09,2022,15,43,54,40,145,10,0
21,09,2022,15,43,55,26,104,6,0
21,09,2022,15,44,04,30,99,26,0
21,09,2022,15,44,05,29,99,0,0
21,09,2022,15,44,14,36,118,3,0
21,09,2022,15,44,24,37,114,25,0
21,09,2022,15,44,25,36,111,0,0
21,09,2022,15,44,27,31,100,0,0
21,09,2022,15,44,44,32,105,18,0
21,09,2022,15,44,45,33,115,0,0
21,09,2022,15,44,55,31,96,5,0
21,09,2022,15,45,03,30,93,32,5
21,09,2022,15,45,04,35,122,32,5
21,09,2022,15,45,05,35,122,0,0
21,09,2022,15,45,06,20,115,0,0
21,09,2022,15,45,13,41,111,0,0
21,09,2022,15,45,15,30,111,0,0
21,09,2022,15,45,24,29,112,33,6
21,09,2022,15,45,25,36,110,0,0
21,09,2022,15,45,26,18,104,0,0
21,09,2022,15,45,33,42,100,0,0
21,09,2022,15,45,35,19,100,6,0
21,09,2022,15,45,43,18,101,32,6
21,09,2022,15,45,44,33,133,32,6
21,09,2022,15,45,45,33,133,0,0
21,09,2022,15,45,46,19,111,0,0
21,09,2022,15,45,53,41,107,0,0
21,09,2022,15,45,57,30,107,0,0
21,09,2022,15,46,03,30,107,33,0
21,09,2022,15,46,05,36,107,0,0
21,09,2022,15,46,06,18,107,0,0
21,09,2022,15,46,13,39,148,0,0
21,09,2022,15,46,14,39,148,8,3
21,09,2022,15,46,15,31,110,8,3
21,09,2022,15,46,16,31,110,0,0
21,09,2022,15,46,23,31,105,32,0
21,09,2022,15,46,25,40,105,0,0
21,09,2022,15,46,27,22,105,0,0
21,09,2022,15,46,33,41,152,0,0
21,09,2022,15,46,36,29,108,0,0
21,09,2022,15,46,53,40,143,0,0
21,09,2022,15,46,55,40,117,0,0
21,09,2022,15,46,56,23,114,0,0
21,09,2022,15,47,03,23,111,31,4
21,09,2022,15,47,05,32,112,31,0
21,09,2022,15,47,06,28,109,0,0
21,09,2022,15,47,13,42,107,0,0
21,09,2022,15,47,15,30,107,8,0
21,09,2022,15,47,23,28,107,33,5
21,09,2022,15,47,24,37,124,33,5
21,09,2022,15,47,25,37,124,0,0
21,09,2022,15,47,27,26,112,0,0
21,09,2022,15,47,33,36,160,0,0
21,09,2022,15,47,34,36,160,24,4
21,09,2022,15,47,35,31,124,24,4
21,09,2022,15,47,36,31,124,0,0
21,09,2022,15,47,43,25,116,34,0
21,09,2022,15,47,44,39,116,34,0
21,09,2022,15,47,45,39,116,5,0
21,09,2022,15,48,03,29,116,33,4
21,09,2022,15,48,04,34,144,33,4
21,09,2022,15,48,05,34,144,0,0
21,09,2022,15,48,06,33,114,0,0
21,09,2022,15,48,14,41,109,20,0
21,09,2022,15,48,15,30,109,20,0
21,09,2022,15,48,16,30,109,0,0
21,09,2022,15,48,23,29,110,34,0
21,09,2022,15,48,25,35,109,0,0
21,09,2022,15,48,33,42,159,0,0
21,09,2022,15,48,34,42,159,9,5
21,09,2022,15,48,35,31,120,9,5
21,09,2022,15,48,35,31,120,0,0
21,09,2022,15,48,43,26,111,35,0
21,09,2022,15,48,44,39,112,35,0
21,09,2022,15,48,45,39,112,4,0
21,09,2022,15,48,53,43,168,0,0
21,09,2022,15,48,55,25,117,8,0
21,09,2022,15,49,03,23,113,33,0
21,09,2022,15,49,04,35,113,33,0
21,09,2022,15,49,05,35,113,0,0
21,09,2022,15,49,14,40,113,0,5
21,09,2022,15,49,15,34,125,0,5
21,09,2022,15,49,15,34,125,0,0
21,09,2022,15,49,23,30,117,33,0
21,09,2022,15,49,25,30,117,7,0
21,09,2022,15,49,34,28,119,21,0
21,09,2022,15,49,35,32,110,0,0
21,09,2022,15,49,50,21,104,0,0
21,09,2022,15,49,53,33,114,0,0
21,09,2022,15,49,54,33,114,22,5
21,09,2022,15,49,55,34,113,0,0
21,09,2022,15,50,03,29,103,12,0
21,09,2022,15,50,06,24,103,0,0
21,09,2022,15,50,14,29,107,20,5
21,09,2022,15,50,15,34,126,20,5
21,09,2022,15,50,15,34,126,0,0
21,09,2022,15,50,23,31,119,14,0
21,09,2022,15,50,26,21,119,0,0
21,09,2022,15,50,34,29,121,21,5
21,09,2022,15,50,35,37,130,0,0
21,09,2022,15,50,47,31,0,0,0
21,09,2022,15,50,48,32,120,0,0
21,09,2022,15,50,54,40,124,25,4
21,09,2022,15,50,55,36,115,0,0
21,09,2022,15,51,14,40,110,26,0
21,09,2022,15,51,15,34,113,0,0
21,09,2022,15,51,23,26,103,16,0
21,09,2022,15,51,24,35,130,16,0
21,09,2022,15,51,26,36,121,0,0
21,09,2022,15,51,44,38,139,9,0
21,09,2022,15,51,45,34,111,8,0
21,09,2022,15,51,54,33,107,34,5
21,09,2022,15,51,54,42,122,34,5
21,09,2022,15,51,55,42,122,0,0
21,09,2022,15,51,56,31,117,0,0
21,09,2022,15,52,01,0,114,0,0
21,09,2022,15,52,02,31,114,0,0
21,09,2022,15,52,10,0,114,0,0
21,09,2022,15,52,11,35,114,0,0
21,09,2022,15,52,14,35,114,33,7
21,09,2022,15,52,14,35,129,33,7
21,09,2022,15,52,15,35,129,0,0
21,09,2022,15,52,19,28,117,0,0
21,09,2022,15,52,23,40,117,0,0
21,09,2022,15,52,33,30,117,34,6
21,09,2022,15,52,35,37,117,0,0
21,09,2022,15,52,36,26,118,0,0
21,09,2022,15,52,43,41,115,0,0
21,09,2022,15,52,53,34,115,33,0
21,09,2022,15,52,55,41,125,0,0
21,09,2022,15,53,03,42,145,0,0
21,09,2022,15,53,06,33,115,0,0
21,09,2022,15,53,13,33,113,32,5
21,09,2022,15,53,15,33,121,0,0
21,09,2022,15,53,16,23,107,0,0
21,09,2022,15,53,23,40,103,0,0
21,09,2022,15,53,33,34,103,29,0
21,09,2022,15,53,35,40,103,0,0
21,09,2022,15,53,36,24,103,0,0
21,09,2022,15,53,37,23,120,0,0
21,09,2022,15,53,43,40,118,0,0
21,09,2022,15,53,53,30,108,34,0
21,09,2022,15,53,55,35,108,0,0
21,09,2022,15,54,03,38,168,0,0
21,09,2022,15,54,05,36,113,9,0
21,09,2022,15,54,13,30,108,32,0
21,09,2022,15,54,15,29,108,0,0
21,09,2022,15,54,23,40,108,0,0
21,09,2022,15,54,24,40,108,9,5
21,09,2022,15,54,25,26,116,9,5
21,09,2022,15,54,26,26,116,0,0
21,09,2022,15,54,33,24,108,33,0
21,09,2022,15,54,35,32,108,0,0
21,09,2022,15,54,43,43,166,0,0
21,09,2022,15,54,44,43,166,23,0
21,09,2022,15,54,45,23,122,23,0
21,09,2022,15,54,46,23,122,0,0
21,09,2022,15,54,53,23,117,34,0
21,09,2022,15,54,55,33,117,9,0
21,09,2022,15,55,03,39,178,0,0
21,09,2022,15,55,04,39,178,8,4
21,09,2022,15,55,05,39,109,8,4
21,09,2022,15,55,06,39,109,0,0
21,09,2022,15,55,13,34,103,35,0
21,09,2022,15,55,14,35,0,35,0
21,09,2022,15,55,15,35,0,5,0
21,09,2022,15,55,16,35,103,5,0
21,09,2022,15,55,17,24,103,0,0
21,09,2022,15,55,23,44,103,0,0
21,09,2022,15,55,24,44,103,9,5
21,09,2022,15,55,26,35,113,0,0
21,09,2022,15,55,28,24,107,0,0
21,09,2022,15,55,33,25,107,35,4
21,09,2022,15,55,34,40,157,35,4
21,09,2022,15,55,35,40,157,6,0
21,09,2022,15,55,36,33,117,6,0
21,09,2022,15,55,44,43,113,181,0
21,09,2022,15,55,45,39,0,181,0
21,09,2022,15,55,46,39,0,0,0
21,09,2022,15,55,46,29,113,0,0
21,09,2022,15,55,53,29,113,73,3
21,09,2022,15,55,54,55,119,73,3
21,09,2022,15,55,55,55,119,56,0
21,09,2022,15,55,56,55,110,37,0
21,09,2022,15,55,57,33,109,37,0
21,09,2022,15,55,58,33,109,9,0
21,09,2022,15,56,04,42,108,32,0
21,09,2022,15,56,06,42,108,0,0
21,09,2022,15,56,06,28,108,0,0
21,09,2022,15,56,13,26,108,12,0
21,09,2022,15,56,14,26,139,12,0
21,09,2022,15,56,15,26,139,0,4
21,09,2022,15,56,15,32,121,0,4
21,09,2022,15,56,16,32,121,0,0
21,09,2022,15,56,24,32,113,23,0
21,09,2022,15,56,25,39,113,0,0
21,09,2022,15,56,34,44,124,8,0
21,09,2022,15,56,35,37,110,5,0
21,09,2022,15,56,44,43,106,17,0
21,09,2022,15,56,45,31,106,17,0
21,09,2022,15,56,46,31,106,0,0
21,09,2022,15,56,53,30,106,12,0
21,09,2022,15,56,54,30,151,12,0
21,09,2022,15,56,55,30,151,9,4
21,09,2022,15,56,55,28,114,9,4
21,09,2022,15,56,56,28,114,0,0
21,09,2022,15,57,04,31,109,21,0
21,09,2022,15,57,07,31,110,0,0
21,09,2022,15,57,13,30,109,15,0
21,09,2022,15,57,14,39,128,15,0
21,09,2022,15,57,15,24,114,10,0
21,09,2022,15,57,24,31,110,22,0
21,09,2022,15,57,25,38,111,0,0
21,09,2022,15,57,34,38,145,5,0
21,09,2022,15,57,35,25,117,8,0
21,09,2022,15,57,44,30,113,24,0
21,09,2022,15,57,47,31,113,0,0
21,09,2022,15,57,54,38,145,7,0
21,09,2022,15,57,55,24,123,9,0
21,09,2022,15,58,04,34,119,23,0
21,09,2022,15,58,05,39,119,0,0
21,09,2022,15,58,06,28,119,0,0
21,09,2022,15,58,14,33,138,3,0
21,09,2022,15,58,15,19,107,9,0
21,09,2022,15,58,34,44,147,0,0
21,09,2022,15,58,34,44,147,26,0
21,09,2022,15,58,35,41,109,26,0
21,09,2022,15,58,36,41,109,0,0
21,09,2022,15,58,37,26,106,0,0
21,09,2022,15,58,44,26,105,32,6
21,09,2022,15,58,44,33,128,32,6
21,09,2022,15,58,45,33,128,0,0
21,09,2022,15,58,46,34,115,0,0
21,09,2022,15,59,04,29,112,34,5
21,09,2022,15,59,05,37,108,5,0
21,09,2022,15,59,24,29,103,31,6
21,09,2022,15,59,25,35,103,8,0
21,09,2022,15,59,26,35,121,8,0
21,09,2022,15,59,34,42,118,34,0
21,09,2022,15,59,36,32,118,0,0
21,09,2022,15,59,43,22,118,35,0
21,09,2022,15,59,44,39,118,35,0
21,09,2022,15,59,46,28,118,35,0
21,09,2022,15,59,47,28,118,0,0
21,09,2022,15,59,53,42,118,0,0
21,09,2022,15,59,54,42,118,9,4
21,09,2022,15,59,56,33,120,0,0
21,09,2022,16,00,04,31,112,32,0
21,09,2022,16,00,05,37,112,0,0
21,09,2022,16,00,06,26,112,0,0
21,09,2022,16,00,13,41,139,0,0
21,09,2022,16,00,15,22,110,0,0
21,09,2022,16,00,23,21,106,26,0
21,09,2022,16,00,24,37,129,26,0
21,09,2022,16,00,25,37,129,0,0
21,09,2022,16,00,26,20,129,0,0
21,09,2022,16,00,27,18,0,0,0
21,09,2022,16,00,29,19,120,0,0
21,09,2022,16,00,33,42,149,0,0
21,09,2022,16,00,35,34,113,9,0
21,09,2022,16,00,37,23,111,0,0
21,09,2022,16,00,43,22,109,32,0
21,09,2022,16,00,44,36,109,32,0
21,09,2022,16,00,45,36,109,0,0
21,09,2022,16,01,04,38,138,0,2
21,09,2022,16,01,06,38,108,0,0
21,09,2022,16,01,07,17,108,0,0
21,09,2022,16,01,13,39,162,0,0
21,09,2022,16,01,14,39,162,10,5
21,09,2022,16,01,15,33,112,10,5
21,09,2022,16,01,16,33,112,0,0
21,09,2022,16,01,23,25,106,35,0
21,09,2022,16,01,24,37,106,35,0
21,09,2022,16,01,25,37,106,0,0
21,09,2022,16,01,26,24,106,0,0
21,09,2022,16,01,33,37,166,0,0
21,09,2022,16,01,35,38,114,9,0
21,09,2022,16,01,43,33,110,34,0
21,09,2022,16,01,45,41,110,0,0
21,09,2022,16,01,46,23,109,0,0
21,09,2022,16,01,53,41,175,0,0
21,09,2022,16,01,54,41,175,9,4
21,09,2022,16,01,55,34,118,9,4
21,09,2022,16,01,56,34,118,0,0
21,09,2022,16,02,03,27,113,34,0
21,09,2022,16,02,05,27,113,0,0
21,09,2022,16,02,13,40,178,0,0
21,09,2022,16,02,14,40,178,22,5
21,09,2022,16,02,15,24,108,22,5
21,09,2022,16,02,16,24,108,0,0
21,09,2022,16,02,23,20,104,35,0
21,09,2022,16,02,24,37,104,35,0
21,09,2022,16,02,25,37,104,6,0
21,09,2022,16,02,33,42,167,0,0
21,09,2022,16,02,34,42,167,8,5
21,09,2022,16,02,35,29,111,8,5
21,09,2022,16,02,35,29,111,0,0
21,09,2022,16,02,43,27,106,35,0
21,09,2022,16,02,45,37,106,0,0
21,09,2022,16,02,45,24,106,0,0
21,09,2022,16,02,53,36,110,0,0
21,09,2022,16,02,54,36,110,19,4
21,09,2022,16,02,55,37,121,19,4
21,09,2022,16,02,55,37,121,19,0
21,09,2022,16,02,56,23,118,19,0
21,09,2022,16,02,57,23,118,0,0
21,09,2022,16,03,04,36,135,7,0
21,09,2022,16,03,05,27,112,5,0
21,09,2022,16,03,14,31,109,20,0
21,09,2022,16,03,15,37,109,0,0
21,09,2022,16,03,24,37,157,5,0
21,09,2022,16,03,25,28,119,9,0
21,09,2022,16,03,35,39,116,17,0
21,09,2022,16,03,35,39,116,0,0
21,09,2022,16,03,36,25,116,0,0
21,09,2022,16,03,53,36,118,0,0
21,09,2022,16,03,54,36,118,24,0
21,09,2022,16,03,55,34,118,0,0
21,09,2022,16,04,04,34,144,10,0
21,09,2022,16,04,05,22,115,6,0
21,09,2022,16,04,14,26,111,23,0
21,09,2022,16,04,15,36,111,0,0
21,09,2022,16,04,24,30,141,5,0
21,09,2022,16,04,25,19,107,6,0
21,09,2022,16,04,34,27,104,26,0
21,09,2022,16,04,35,29,104,0,0
21,09,2022,16,04,38,18,104,0,0
21,09,2022,16,04,44,36,143,9,0
21,09,2022,16,04,45,29,114,7,0
21,09,2022,16,04,54,27,113,24,4
21,09,2022,16,04,55,31,117,0,0
21,09,2022,16,05,03,31,113,11,0
21,09,2022,16,05,05,20,113,9,0
21,09,2022,16,05,14,16,113,32,6
21,09,2022,16,05,15,28,113,32,6
21,09,2022,16,05,15,28,113,0,0
21,09,2022,16,05,34,28,104,33,6
21,09,2022,16,05,34,29,131,33,6
21,09,2022,16,05,35,29,131,0,0
21,09,2022,16,05,36,29,105,0,0
21,09,2022,16,05,47,18,103,0,0
21,09,2022,16,05,54,16,103,32,5
21,09,2022,16,05,54,32,119,32,5
21,09,2022,16,05,55,32,119,0,0
21,09,2022,16,06,04,39,143,0,0
21,09,2022,16,06,05,30,111,9,0
21,09,2022,16,06,14,29,107,32,5
21,09,2022,16,06,14,37,120,32,5
21,09,2022,16,06,15,37,120,0,0
21,09,2022,16,06,17,27,108,0,0
21,09,2022,16,06,24,38,108,0,0
21,09,2022,16,06,27,20,108,0,0
21,09,2022,16,06,34,20,108,33,0
21,09,2022,16,06,35,30,108,0,0
21,09,2022,16,06,44,36,141,0,0
21,09,2022,16,06,45,20,141,9,0
21,09,2022,16,06,47,19,114,0,0
21,09,2022,16,06,54,19,114,20,0
21,09,2022,16,06,55,26,114,0,0
21,09,2022,16,07,04,39,146,0,0
21,09,2022,16,07,04,39,146,18,4
21,09,2022,16,07,05,27,122,18,4
21,09,2022,16,07,06,27,122,0,0
21,09,2022,16,07,14,22,115,34,0
21,09,2022,16,07,15,32,115,0,0
21,09,2022,16,07,28,21,115,0,0
21,09,2022,16,07,33,22,115,32,6
21,09,2022,16,07,34,30,145,32,6
21,09,2022,16,07,35,30,145,0,0
21,09,2022,16,07,36,23,109,0,0
21,09,2022,16,07,43,38,105,0,0
21,09,2022,16,07,45,25,105,9,0
21,09,2022,16,07,53,25,105,35,5
21,09,2022,16,07,55,32,113,0,0
21,09,2022,16,08,03,41,157,0,0
21,09,2022,16,08,05,35,113,9,0
21,09,2022,16,08,13,34,111,35,5
21,09,2022,16,08,15,37,114,7,0
21,09,2022,16,08,17,26,102,0,0
21,09,2022,16,08,23,42,101,0,0
21,09,2022,16,08,24,42,101,21,0
21,09,2022,16,08,25,30,101,21,0
21,09,2022,16,08,26,30,101,0,0
21,09,2022,16,08,33,28,101,33,4
21,09,2022,16,08,34,29,129,33,4
21,09,2022,16,08,35,29,129,7,0
21,09,2022,16,08,36,26,103,7,0
21,09,2022,16,08,43,39,100,0,0
21,09,2022,16,08,53,29,100,33,2
21,09,2022,16,08,54,39,138,33,2
21,09,2022,16,08,55,39,138,0,2
21,09,2022,16,08,56,25,102,0,2
21,09,2022,16,09,03,38,98,0,0
21,09,2022,16,09,13,31,98,36,5
21,09,2022,16,09,14,35,136,36,5
21,09,2022,16,09,15,35,136,36,0
21,09,2022,16,09,16,24,107,36,0
21,09,2022,16,09,16,24,107,0,0
21,09,2022,16,09,23,38,105,0,0
21,09,2022,16,09,33,28,105,17,0
21,09,2022,16,09,34,38,136,17,0
21,09,2022,16,09,36,23,114,9,0
21,09,2022,16,09,54,35,110,7,0
21,09,2022,16,10,04,27,110,19,5
21,09,2022,16,10,06,32,110,0,0
21,09,2022,16,10,24,38,115,27,3
21,09,2022,16,10,25,25,112,27,3
21,09,2022,16,10,26,25,112,0,0
21,09,2022,16,10,33,23,108,12,0
21,09,2022,16,10,34,37,150,12,0
21,09,2022,16,10,35,32,108,5,0
21,09,2022,16,10,44,37,105,23,0
21,09,2022,16,10,45,24,105,23,0
21,09,2022,16,10,45,24,105,0,0
21,09,2022,16,10,54,37,117,5,0
21,09,2022,16,10,56,24,106,7,0
21,09,2022,16,11,04,29,108,6,5
21,09,2022,16,11,05,31,105,0,0
21,09,2022,16,11,24,31,100,25,0
21,09,2022,16,11,25,38,113,25,0
21,09,2022,16,11,25,38,113,0,0
21,09,2022,16,11,33,34,108,11,0
21,09,2022,16,11,34,32,129,11,0
21,09,2022,16,11,35,27,102,7,0
21,09,2022,16,11,44,31,101,26,4
21,09,2022,16,11,45,33,111,0,0
21,09,2022,16,12,04,31,106,35,6
21,09,2022,16,12,05,36,108,0,0
21,09,2022,16,12,24,27,100,32,5
21,09,2022,16,12,25,31,114,32,5
21,09,2022,16,12,25,31,114,0,0
21,09,2022,16,12,26,31,103,0,0
21,09,2022,16,12,44,28,100,33,6
21,09,2022,16,12,45,32,119,33,6
21,09,2022,16,12,45,32,119,0,0
21,09,2022,16,12,46,16,109,0,0
21,09,2022,16,12,54,37,106,0,0
21,09,2022,16,13,04,27,106,0,5
21,09,2022,16,13,04,26,119,0,5
21,09,2022,16,13,05,26,119,0,0
21,09,2022,16,13,14,42,144,0,0
21,09,2022,16,13,14,42,144,31,0
21,09,2022,16,13,15,34,103,31,0
21,09,2022,16,13,16,34,103,0,0
21,09,2022,16,13,24,19,100,0,0
21,09,2022,16,13,34,44,141,0,0
21,09,2022,16,13,34,44,141,33,0
21,09,2022,16,13,35,44,122,33,0
21,09,2022,16,13,36,44,122,0,0
21,09,2022,16,13,37,29,115,0,0
21,09,2022,16,13,44,29,112,33,6
21,09,2022,16,13,45,37,114,0,0
21,09,2022,16,13,55,26,106,5,0
21,09,2022,16,14,04,26,106,33,5
21,09,2022,16,14,04,43,122,33,5
21,09,2022,16,14,05,43,122,6,0
21,09,2022,16,14,06,31,110,6,0
21,09,2022,16,14,14,43,158,0,0
21,09,2022,16,14,15,43,158,9,5
21,09,2022,16,14,15,31,126,9,5
21,09,2022,16,14,16,31,126,0,0
21,09,2022,16,14,23,29,117,33,0
21,09,2022,16,14,25,36,117,0,0
21,09,2022,16,14,34,43,174,0,0
21,09,2022,16,14,35,29,111,9,0
21,09,2022,16,14,44,26,105,34,0
21,09,2022,16,14,44,40,105,34,0
21,09,2022,16,14,45,40,105,8,0
21,09,2022,16,14,46,28,105,8,0
21,09,2022,16,14,54,41,159,0,0
21,09,2022,16,14,54,41,159,9,6
21,09,2022,16,14,55,35,115,9,6
21,09,2022,16,14,56,35,115,0,0
21,09,2022,16,14,58,33,104,0,0
21,09,2022,16,15,04,33,103,35,0
21,09,2022,16,15,05,34,103,0,0
21,09,2022,16,15,23,33,103,36,1
21,09,2022,16,15,24,31,147,36,1
21,09,2022,16,15,25,31,147,8,0
21,09,2022,16,15,26,21,111,8,0
21,09,2022,16,15,33,40,108,0,0
21,09,2022,16,15,43,32,108,35,3
21,09,2022,16,15,44,38,139,35,3
21,09,2022,16,15,45,38,139,35,0
21,09,2022,16,15,46,25,109,35,0
21,09,2022,16,15,47,25,109,0,0
21,09,2022,16,15,53,41,157,0,0
21,09,2022,16,15,55,41,110,10,0
21,09,2022,16,16,03,32,105,35,2
21,09,2022,16,16,04,38,134,35,2
21,09,2022,16,16,05,38,134,0,0
21,09,2022,16,16,06,23,108,0,0
21,09,2022,16,16,14,33,104,25,0
21,09,2022,16,16,17,33,104,0,0
21,09,2022,16,16,23,32,104,18,0
21,09,2022,16,16,25,39,104,5,0
21,09,2022,16,16,34,33,110,18,4
21,09,2022,16,16,35,31,129,18,4
21,09,2022,16,16,36,31,129,0,0
21,09,2022,16,16,38,26,118,0,0
21,09,2022,16,16,44,40,136,10,0
21,09,2022,16,16,46,31,109,8,0
21,09,2022,16,16,54,34,105,23,0
21,09,2022,16,16,56,30,105,0,0
21,09,2022,16,17,03,24,105,17,0
21,09,2022,16,17,04,38,146,17,0
21,09,2022,16,17,06,38,111,8,0
21,09,2022,16,17,07,24,108,0,0
21,09,2022,16,17,14,31,104,22,0
21,09,2022,16,17,16,34,104,0,0
21,09,2022,16,17,23,30,104,11,0
21,09,2022,16,17,24,38,149,11,0
21,09,2022,16,17,25,32,114,8,0
21,09,2022,16,17,34,37,108,23,0
21,09,2022,16,17,35,30,108,0,0
21,09,2022,16,17,44,38,128,7,0
21,09,2022,16,17,45,36,116,5,0
21,09,2022,16,17,54,45,119,20,0
21,09,2022,16,17,55,33,165,20,0
21,09,2022,16,17,56,33,165,0,5
21,09,2022,16,17,58,25,145,0,4
21,09,2022,16,18,04,37,46,2,2
21,09,2022,16,18,05,37,46,4,6
21,09,2022,16,18,05,36,65,4,6
21,09,2022,16,18,14,40,69,25,5
21,09,2022,16,18,15,39,44,25,5
21,09,2022,16,18,15,39,44,7,0
21,09,2022,16,18,16,39,31,7,0
21,09,2022,16,18,25,45,30,35,0
21,09,2022,16,18,25,31,30,35,0
21,09,2022,16,18,26,31,30,1,0
21,09,2022,16,18,34,25,30,35,5
21,09,2022,16,18,35,43,152,35,5
21,09,2022,16,18,35,43,152,8,6
21,09,2022,16,18,36,31,146,8,6
21,09,2022,16,18,37,31,146,0,0
21,09,2022,16,18,38,29,114,0,0
21,09,2022,16,18,44,44,138,0,0
21,09,2022,16,18,45,44,138,13,0
21,09,2022,16,18,45,26,111,13,0
21,09,2022,16,18,46,26,111,0,0
21,09,2022,16,18,54,26,106,24,0
21,09,2022,16,18,57,20,106,0,0
21,09,2022,16,19,04,37,105,0,0
21,09,2022,16,19,05,37,105,0,4
21,09,2022,16,19,06,33,115,0,0
21,09,2022,16,19,14,33,107,24,6
21,09,2022,16,19,15,39,129,24,6
21,09,2022,16,19,15,39,129,19,0
21,09,2022,16,19,16,39,117,19,0
21,09,2022,16,19,17,39,117,0,0
21,09,2022,16,19,18,26,114,0,0
21,09,2022,16,19,24,36,143,0,0
21,09,2022,16,19,25,36,143,16,0
21,09,2022,16,19,25,30,112,16,0
21,09,2022,16,19,26,30,112,0,0
21,09,2022,16,19,34,29,107,23,0
21,09,2022,16,19,35,39,107,0,0
21,09,2022,16,19,36,25,124,0,0
21,09,2022,16,19,44,42,144,0,0
21,09,2022,16,19,45,42,144,20,0
21,09,2022,16,19,45,22,111,20,0
21,09,2022,16,19,46,22,111,0,0
21,09,2022,16,19,54,21,107,25,5
21,09,2022,16,19,55,34,122,25,5
21,09,2022,16,19,55,34,122,0,0
21,09,2022,16,20,04,39,142,0,0
21,09,2022,16,20,04,39,142,23,0
21,09,2022,16,20,05,27,109,23,0
21,09,2022,16,20,06,27,109,0,0
21,09,2022,16,20,14,27,106,19,0
21,09,2022,16,20,15,18,106,0,0
21,09,2022,16,20,24,37,154,0,0
21,09,2022,16,20,24,37,154,23,4
21,09,2022,16,20,25,41,124,23,4
21,09,2022,16,20,26,41,124,0,0
21,09,2022,16,20,34,31,119,24,0
21,09,2022,16,20,37,26,119,0,0
21,09,2022,16,20,44,26,152,0,0
21,09,2022,16,20,44,26,152,17,0
21,09,2022,16,20,45,20,112,17,0
21,09,2022,16,20,46,20,112,0,0
21,09,2022,16,20,54,18,106,22,0
21,09,2022,16,20,55,40,106,22,0
21,09,2022,16,20,56,21,106,22,0
21,09,2022,16,20,57,21,106,0,0
21,09,2022,16,21,04,39,106,0,0
21,09,2022,16,21,04,39,106,8,5
21,09,2022,16,21,05,30,128,8,5
21,09,2022,16,21,06,30,128,0,0
21,09,2022,16,21,07,28,116,0,0
21,09,2022,16,21,14,27,113,20,0
21,09,2022,16,21,14,39,113,20,0
21,09,2022,16,21,18,31,113,0,0
21,09,2022,16,21,24,44,113,0,0
21,09,2022,16,21,24,44,113,25,0
21,09,2022,16,21,25,25,113,25,0
21,09,2022,16,21,26,25,113,0,0
21,09,2022,16,21,34,22,113,23,3
21,09,2022,16,21,34,41,145,23,3
21,09,2022,16,21,35,41,145,0,0
21,09,2022,16,21,36,22,117,0,0
21,09,2022,16,21,44,37,168,0,0
21,09,2022,16,21,44,37,168,23,0
21,09,2022,16,21,46,27,168,0,0
21,09,2022,16,21,47,25,127,0,0
21,09,2022,16,21,54,25,125,23,5
21,09,2022,16,21,54,42,122,23,5
21,09,2022,16,21,55,42,122,0,0
21,09,2022,16,21,56,29,114,0,0
21,09,2022,16,22,04,38,110,25,0
21,09,2022,16,22,06,32,109,0,0
21,09,2022,16,22,14,30,109,23,4
21,09,2022,16,22,14,36,160,23,4
21,09,2022,16,22,15,36,160,0,0
21,09,2022,16,22,16,23,128,0,0
21,09,2022,16,22,23,40,181,0,0
21,09,2022,16,22,24,40,181,23,0
21,09,2022,16,22,25,25,116,23,0
21,09,2022,16,22,26,25,116,0,0
21,09,2022,16,22,33,22,111,23,0
21,09,2022,16,22,34,37,110,23,0
21,09,2022,16,22,35,37,110,0,0
21,09,2022,16,22,36,21,111,0,0
21,09,2022,16,22,44,26,113,24,5
21,09,2022,16,22,46,33,123,0,0
21,09,2022,16,22,54,41,145,0,0
21,09,2022,16,22,56,30,115,0,0
21,09,2022,16,23,04,30,114,24,0
21,09,2022,16,23,05,30,125,24,0
21,09,2022,16,23,06,30,125,0,0
21,09,2022,16,23,13,25,119,14,0
21,09,2022,16,23,14,38,119,14,0
21,09,2022,16,23,16,23,119,14,0
21,09,2022,16,23,17,23,119,0,0
21,09,2022,16,23,24,28,121,22,5
21,09,2022,16,23,25,23,136,22,5
21,09,2022,16,23,26,23,136,0,0
21,09,2022,16,23,28,21,125,0,0
21,09,2022,16,23,34,41,133,5,0
21,09,2022,16,23,36,28,133,0,0
21,09,2022,16,23,37,28,118,0,0
21,09,2022,16,23,44,35,115,25,0
21,09,2022,16,23,46,34,116,0,0
21,09,2022,16,23,54,39,156,5,0
21,09,2022,16,23,56,29,0,0,0
21,09,2022,16,23,57,28,120,0,0
21,09,2022,16,24,04,36,118,24,0
21,09,2022,16,24,06,37,119,0,0
21,09,2022,16,24,06,25,118,0,0
21,09,2022,16,24,14,37,119,7,0
21,09,2022,16,24,16,22,127,1,0
21,09,2022,16,24,24,28,122,25,0
21,09,2022,16,24,26,24,122,0,0
21,09,2022,16,24,34,41,122,7,0
21,09,2022,16,24,36,29,118,1,0
21,09,2022,16,24,43,40,114,0,0
21,09,2022,16,24,44,40,114,26,0
21,09,2022,16,24,46,38,114,0,0
21,09,2022,16,24,54,31,161,0,0
21,09,2022,16,24,56,22,119,1,0
21,09,2022,16,25,04,21,114,23,0
21,09,2022,16,25,05,31,115,0,0
21,09,2022,16,25,06,19,115,0,0
21,09,2022,16,25,14,41,155,0,0
21,09,2022,16,25,15,41,155,24,0
21,09,2022,16,25,15,41,130,24,0
21,09,2022,16,25,16,41,130,0,0
21,09,2022,16,25,17,17,127,0,0
21,09,2022,16,25,24,16,125,24,7
21,09,2022,16,25,25,34,126,24,7
21,09,2022,16,25,25,34,126,24,0
21,09,2022,16,25,26,29,115,24,0
21,09,2022,16,25,27,29,115,0,0
21,09,2022,16,25,35,37,112,16,0
21,09,2022,16,25,36,31,112,0,0
21,09,2022,16,25,44,31,112,22,6
21,09,2022,16,25,45,33,127,22,6
21,09,2022,16,25,45,33,127,0,0
21,09,2022,16,25,46,21,119,0,0
21,09,2022,16,25,54,39,116,0,0
21,09,2022,16,25,55,39,116,25,0
21,09,2022,16,25,55,23,117,25,0
21,09,2022,16,25,56,23,117,0,0
21,09,2022,16,26,04,22,116,22,6
21,09,2022,16,26,05,31,131,22,6
21,09,2022,16,26,05,31,131,0,0
21,09,2022,16,26,06,18,125,0,0
21,09,2022,16,26,14,40,167,0,0
21,09,2022,16,26,15,31,114,0,0
21,09,2022,16,26,24,30,109,25,0
21,09,2022,16,26,25,38,109,0,0
21,09,2022,16,26,35,37,109,26,0
21,09,2022,16,26,35,25,109,26,0
21,09,2022,16,26,36,25,109,0,0
21,09,2022,16,26,44,24,109,24,6
21,09,2022,16,26,45,32,144,24,6
21,09,2022,16,26,45,32,144,0,0
21,09,2022,16,26,46,22,124,0,0
21,09,2022,16,26,54,38,120,0,0
21,09,2022,16,26,55,38,120,12,0
21,09,2022,16,26,55,23,120,12,0
21,09,2022,16,26,56,23,120,0,0
21,09,2022,16,27,04,23,120,24,0
21,09,2022,16,27,05,40,120,24,0
21,09,2022,16,27,05,40,120,0,0
21,09,2022,16,27,11,29,121,0,0
21,09,2022,16,27,14,37,182,0,0
21,09,2022,16,27,15,37,182,25,4
21,09,2022,16,27,15,30,121,25,4
21,09,2022,16,27,16,30,121,0,0
21,09,2022,16,27,24,28,115,21,5
21,09,2022,16,27,24,37,127,21,5
21,09,2022,16,27,25,37,127,0,0
21,09,2022,16,27,26,25,127,0,0
21,09,2022,16,27,34,40,118,0,0
21,09,2022,16,27,35,40,118,24,0
21,09,2022,16,27,35,22,118,24,0
21,09,2022,16,27,38,21,118,0,0
21,09,2022,16,27,44,21,118,23,4
21,09,2022,16,27,44,37,149,23,4
21,09,2022,16,27,45,37,149,0,0
21,09,2022,16,27,46,24,126,0,0
21,09,2022,16,27,54,36,122,0,0
21,09,2022,16,28,04,30,123,21,4
21,09,2022,16,28,04,40,144,21,4
21,09,2022,16,28,05,40,144,0,0
21,09,2022,16,28,06,28,119,0,0
21,09,2022,16,28,14,39,116,0,0
21,09,2022,16,28,14,39,116,25,0
21,09,2022,16,28,15,25,116,25,0
21,09,2022,16,28,16,25,116,0,0
21,09,2022,16,28,24,24,116,22,0
21,09,2022,16,28,24,37,121,22,0
21,09,2022,16,28,25,37,121,1,0
21,09,2022,16,28,26,22,110,1,0
21,09,2022,16,28,34,40,162,0,0
21,09,2022,16,28,34,40,162,24,0
21,09,2022,16,28,35,22,120,24,0
21,09,2022,16,28,36,22,120,0,0
21,09,2022,16,28,44,21,115,24,4
21,09,2022,16,28,44,40,122,24,4
21,09,2022,16,28,45,40,122,0,0
21,09,2022,16,28,46,29,122,0,0
21,09,2022,16,28,54,37,112,24,0
21,09,2022,16,28,56,29,112,0,0
21,09,2022,16,29,04,28,112,22,4
21,09,2022,16,29,04,20,144,22,4
21,09,2022,16,29,05,20,144,22,0
21,09,2022,16,29,06,17,113,22,0
21,09,2022,16,29,08,17,111,0,0
21,09,2022,16,29,14,26,109,24,0
21,09,2022,16,29,16,28,109,0,0
21,09,2022,16,29,24,40,143,6,0
21,09,2022,16,29,25,40,143,23,0
21,09,2022,16,29,26,24,119,23,0
21,09,2022,16,29,27,24,119,0,0
21,09,2022,16,29,34,30,115,23,0
21,09,2022,16,29,36,29,115,0,0
21,09,2022,16,29,44,39,136,4,0
21,09,2022,16,29,46,27,105,0,0
21,09,2022,16,29,54,28,102,24,0
21,09,2022,16,29,56,31,102,0,0
21,09,2022,16,30,04,36,136,9,0
21,09,2022,16,30,06,24,106,0,0
21,09,2022,16,30,14,31,102,23,0
21,09,2022,16,30,16,32,102,0,0
21,09,2022,16,30,23,22,102,11,0
21,09,2022,16,30,24,39,146,11,0
21,09,2022,16,30,25,39,146,0,0
21,09,2022,16,30,26,22,110,0,0
21,09,2022,16,30,34,30,112,24,0
21,09,2022,16,30,36,32,109,0,0
21,09,2022,16,30,54,37,111,25,5
21,09,2022,16,30,56,27,118,0,0
21,09,2022,16,31,05,37,122,19,0
21,09,2022,16,31,06,24,114,19,0
21,09,2022,16,31,06,24,114,0,0
21,09,2022,16,31,14,31,112,23,4
21,09,2022,16,31,16,21,120,0,0
21,09,2022,16,31,24,41,114,0,0
21,09,2022,16,31,25,41,114,21,0
21,09,2022,16,31,26,21,114,21,0
21,09,2022,16,31,26,21,114,0,0
21,09,2022,16,31,34,21,114,24,6
21,09,2022,16,31,35,37,123,24,6
21,09,2022,16,31,36,37,123,0,0
21,09,2022,16,31,44,35,151,0,0
21,09,2022,16,31,45,35,151,17,0
21,09,2022,16,31,46,32,105,17,0
21,09,2022,16,31,46,32,105,0,0
21,09,2022,16,31,54,31,102,23,0
21,09,2022,16,31,57,27,102,0,0
21,09,2022,16,32,04,38,102,0,0
21,09,2022,16,32,05,38,102,25,0
21,09,2022,16,32,06,19,116,25,0
21,09,2022,16,32,06,19,116,0,0
21,09,2022,16,32,14,18,114,24,6
21,09,2022,16,32,15,35,107,24,6
21,09,2022,16,32,15,35,107,0,0
21,09,2022,16,32,16,21,103,0,0
21,09,2022,16,32,24,40,138,0,0
21,09,2022,16,32,25,40,138,16,0
21,09,2022,16,32,26,27,114,16,0
21,09,2022,16,32,26,27,114,0,0
21,09,2022,16,32,34,27,111,25,0
21,09,2022,16,32,35,43,111,25,0
21,09,2022,16,32,36,43,111,0,0
21,09,2022,16,32,36,29,111,0,0
21,09,2022,16,32,44,37,153,0,0
21,09,2022,16,32,45,37,153,15,0
21,09,2022,16,32,45,31,112,15,0
21,09,2022,16,32,46,31,112,0,0
21,09,2022,16,32,54,30,108,24,6
21,09,2022,16,32,55,33,120,24,6
21,09,2022,16,32,55,33,120,0,0
21,09,2022,16,33,05,40,112,24,0
21,09,2022,16,33,05,24,112,24,0
21,09,2022,16,33,06,24,112,0,0
21,09,2022,16,33,14,23,112,24,6
21,09,2022,16,33,15,36,117,24,6
21,09,2022,16,33,15,36,117,0,0
21,09,2022,16,33,16,25,111,0,0
21,09,2022,16,33,24,37,109,0,0
21,09,2022,16,33,25,37,109,24,0
21,09,2022,16,33,26,30,109,0,0
21,09,2022,16,33,34,30,109,0,7
21,09,2022,16,33,35,37,131,0,7
21,09,2022,16,33,35,37,131,0,0
21,09,2022,16,33,36,27,110,0,0
21,09,2022,16,33,39,27,0,0,0
21,09,2022,16,33,41,27,108,0,0
21,09,2022,16,33,44,40,108,0,0
21,09,2022,16,33,45,40,108,23,0
21,09,2022,16,33,45,25,108,23,0
21,09,2022,16,33,46,25,108,0,0
21,09,2022,16,33,54,24,108,24,3
21,09,2022,16,33,55,37,117,24,3
21,09,2022,16,33,55,37,117,0,0
21,09,2022,16,33,56,21,106,0,0
21,09,2022,16,34,04,40,103,0,0
21,09,2022,16,34,05,40,103,22,0
21,09,2022,16,34,05,28,103,22,0
21,09,2022,16,34,06,28,103,0,0
21,09,2022,16,34,14,28,103,22,4
21,09,2022,16,34,14,44,146,22,4
21,09,2022,16,34,15,44,146,0,0
21,09,2022,16,34,16,0,105,0,0
21,09,2022,16,34,18,28,103,0,0
21,09,2022,16,34,25,38,103,24,0
21,09,2022,16,34,25,27,103,24,0
21,09,2022,16,34,26,27,103,0,0
21,09,2022,16,34,34,25,103,22,0
21,09,2022,16,34,35,36,103,22,0
21,09,2022,16,34,35,36,103,0,0
21,09,2022,16,34,36,23,103,0,0
21,09,2022,16,34,44,39,164,0,0
21,09,2022,16,34,44,39,164,23,0
21,09,2022,16,34,45,20,114,23,0
21,09,2022,16,34,46,20,114,0,0
21,09,2022,16,34,54,19,108,21,5
21,09,2022,16,34,55,42,123,21,5
21,09,2022,16,34,55,42,123,0,0
21,09,2022,16,34,56,30,114,0,0
21,09,2022,16,35,04,36,113,25,0
21,09,2022,16,35,06,28,113,0,0
21,09,2022,16,35,14,28,113,22,3
21,09,2022,16,35,15,37,117,0,0
21,09,2022,16,35,16,26,110,0,0
21,09,2022,16,35,24,41,159,0,0
21,09,2022,16,35,24,41,159,25,0
21,09,2022,16,35,25,24,106,25,0
21,09,2022,16,35,26,24,106,0,0
21,09,2022,16,35,34,22,103,23,3
21,09,2022,16,35,34,36,121,23,3
21,09,2022,16,35,35,36,121,23,0
21,09,2022,16,35,36,21,110,23,0
21,09,2022,16,35,37,21,110,0,0
21,09,2022,16,35,44,27,107,24,0
21,09,2022,16,35,46,30,107,0,0
21,09,2022,16,35,54,39,141,6,0
21,09,2022,16,35,55,39,141,17,0
21,09,2022,16,35,56,30,110,17,0
21,09,2022,16,35,57,30,110,0,0
21,09,2022,16,36,04,39,108,24,0
21,09,2022,16,36,06,32,108,0,0
21,09,2022,16,36,14,37,133,5,0
21,09,2022,16,36,16,23,107,0,0
21,09,2022,16,36,24,31,105,24,0
21,09,2022,16,36,26,32,104,0,0
21,09,2022,16,36,27,21,104,0,0
21,09,2022,16,36,34,40,132,3,0
21,09,2022,16,36,36,24,104,0,0
21,09,2022,16,36,44,33,106,25,4
21,09,2022,16,36,45,32,118,25,4
21,09,2022,16,36,46,32,118,0,0
21,09,2022,16,36,55,36,114,22,0
21,09,2022,16,36,57,29,114,0,0
21,09,2022,16,37,04,32,124,0,5
21,09,2022,16,37,05,28,108,0,5
21,09,2022,16,37,06,28,108,0,0
21,09,2022,16,37,14,39,103,4,0
21,09,2022,16,37,16,23,103,11,0
21,09,2022,16,37,17,23,103,0,0
21,09,2022,16,37,24,32,109,24,6
21,09,2022,16,37,26,24,109,0,0
21,09,2022,16,37,34,41,102,3,0
21,09,2022,16,37,36,30,102,1,0
21,09,2022,16,37,44,35,106,745,0
21,09,2022,16,37,45,112,112,745,0
21,09,2022,16,37,54,108,137,749,0
21,09,2022,16,37,56,108,119,750,0
21,09,2022,16,38,14,104,145,750,0
21,09,2022,16,38,16,113,106,749,0
21,09,2022,16,38,17,100,106,748,0
21,09,2022,16,38,34,98,151,750,0
21,09,2022,16,38,36,100,109,750,0
21,09,2022,16,38,54,107,144,750,0
21,09,2022,16,38,56,103,117,750,0
21,09,2022,16,39,05,99,143,750,1
21,09,2022,16,39,07,100,104,750,0
21,09,2022,16,39,14,105,139,749,0
21,09,2022,16,39,16,101,111,750,0
21,09,2022,16,39,34,97,138,751,0
21,09,2022,16,39,37,99,104,750,0
21,09,2022,16,39,42,96,103,505,0
21,09,2022,16,39,43,64,104,505,0
21,09,2022,16,39,44,64,104,251,0
21,09,2022,16,39,46,55,103,176,0
21,09,2022,16,39,47,51,103,145,0
21,09,2022,16,39,49,43,103,68,0
21,09,2022,16,39,50,40,103,36,0
21,09,2022,16,39,52,37,103,7,0
21,09,2022,16,39,54,41,149,0,0
21,09,2022,16,39,55,41,149,22,5
21,09,2022,16,39,55,45,104,22,5
21,09,2022,16,39,56,45,104,0,0
21,09,2022,16,39,57,25,100,0,0
21,09,2022,16,40,04,24,98,36,0
21,09,2022,16,40,06,34,98,0,0
21,09,2022,16,40,15,41,98,24,0
21,09,2022,16,40,16,38,98,0,0
21,09,2022,16,40,17,24,99,0,0
21,09,2022,16,40,24,22,98,25,4
21,09,2022,16,40,25,41,135,25,4
21,09,2022,16,40,25,41,135,8,4
21,09,2022,16,40,26,33,114,8,4
21,09,2022,16,40,27,33,114,0,0
21,09,2022,16,40,44,27,111,34,0
21,09,2022,16,40,45,38,111,34,0
21,09,2022,16,40,45,38,111,3,0
21,09,2022,16,40,54,40,171,0,0
21,09,2022,16,40,55,40,171,6,4
21,09,2022,16,40,55,23,106,6,4
21,09,2022,16,40,56,23,106,0,0
21,09,2022,16,41,04,21,101,32,6
21,09,2022,16,41,05,40,116,32,6
21,09,2022,16,41,05,40,116,0,0
21,09,2022,16,41,06,26,104,0,0
21,09,2022,16,41,14,38,102,0,0
21,09,2022,16,41,24,31,102,25,5
21,09,2022,16,41,25,44,113,25,5
21,09,2022,16,41,25,44,113,0,0
21,09,2022,16,41,28,32,105,0,0
21,09,2022,16,41,34,43,104,0,0
21,09,2022,16,41,35,43,104,22,0
21,09,2022,16,41,35,27,104,22,0
21,09,2022,16,41,36,27,104,0,0
21,09,2022,16,41,44,23,104,32,4
21,09,2022,16,41,45,40,131,32,4
21,09,2022,16,41,45,40,131,0,0
21,09,2022,16,41,46,26,103,0,0
21,09,2022,16,41,54,40,100,0,0
21,09,2022,16,41,55,40,100,25,0
21,09,2022,16,41,55,28,100,25,0
21,09,2022,16,41,56,28,100,0,0
21,09,2022,16,42,04,26,100,34,4
21,09,2022,16,42,05,33,124,34,4
21,09,2022,16,42,05,33,124,0,0
21,09,2022,16,42,06,30,102,0,0
21,09,2022,16,42,14,39,100,27,0
21,09,2022,16,42,16,39,100,0,0
21,09,2022,16,42,18,28,100,0,0
21,09,2022,16,42,24,28,100,17,0
21,09,2022,16,42,25,39,138,17,0
21,09,2022,16,42,25,39,138,0,0
21,09,2022,16,42,26,19,97,0,0
21,09,2022,16,42,35,28,94,34,0
21,09,2022,16,42,36,28,94,0,0
21,09,2022,16,42,44,37,109,8,0
21,09,2022,16,42,49,28,97,0,0
21,09,2022,16,42,54,37,97,21,0
21,09,2022,16,42,58,38,97,0,0
21,09,2022,16,42,58,19,98,0,0
21,09,2022,16,43,04,38,130,9,0
21,09,2022,16,43,05,38,130,5,4
21,09,2022,16,43,06,31,115,5,4
21,09,2022,16,43,07,31,115,5,0
21,09,2022,16,43,14,36,107,21,0
21,09,2022,16,43,16,35,107,0,0
21,09,2022,16,43,17,20,107,0,0
21,09,2022,16,43,24,19,107,11,0
21,09,2022,16,43,24,36,107,11,0
21,09,2022,16,43,27,35,107,0,0
21,09,2022,16,43,34,44,112,22,5
21,09,2022,16,43,35,44,132,22,5
21,09,2022,16,43,36,44,132,0,0
21,09,2022,16,43,37,22,101,0,0
21,09,2022,16,43,44,35,98,0,0
21,09,2022,16,43,46,24,98,6,0
21,09,2022,16,43,54,29,98,18,0
21,09,2022,16,43,55,41,98,18,0
21,09,2022,16,43,56,41,98,0,0
21,09,2022,16,43,57,28,98,0,0
21,09,2022,16,44,04,27,98,16,0
21,09,2022,16,44,04,37,137,16,0
21,09,2022,16,44,05,37,137,0,0
21,09,2022,16,44,06,27,104,0,0
21,09,2022,16,44,14,36,100,26,0
21,09,2022,16,44,16,37,101,0,0
21,09,2022,16,44,27,23,96,0,0
21,09,2022,16,44,34,22,96,31,5
21,09,2022,16,44,35,41,96,31,5
21,09,2022,16,44,36,41,96,0,0
21,09,2022,16,44,37,34,107,0,0
21,09,2022,16,44,47,22,105,0,0
21,09,2022,16,44,54,22,105,36,6
21,09,2022,16,44,55,43,134,36,6
21,09,2022,16,44,56,43,134,6,0
21,09,2022,16,44,56,39,104,6,0
21,09,2022,16,45,14,29,101,32,5
21,09,2022,16,45,16,35,108,0,0
21,09,2022,16,45,24,38,144,0,0
21,09,2022,16,45,25,38,144,8,5
21,09,2022,16,45,26,30,97,8,5
21,09,2022,16,45,26,30,97,0,0
21,09,2022,16,45,44,42,137,0,0
21,09,2022,16,45,45,42,137,28,0
21,09,2022,16,45,46,37,104,28,0
21,09,2022,16,45,46,37,104,0,0
21,09,2022,16,45,54,27,101,26,6
21,09,2022,16,45,56,36,96,0,0
21,09,2022,16,46,04,40,133,0,0
21,09,2022,16,46,06,33,109,0,0
21,09,2022,16,46,13,0,104,0,0
21,09,2022,16,46,14,0,104,33,0
21,09,2022,16,46,16,0,103,0,0
21,09,2022,16,46,16,35,103,0,0
21,09,2022,16,46,24,39,144,0,0
21,09,2022,16,46,26,30,100,9,0
21,09,2022,16,46,34,27,95,20,0
21,09,2022,16,46,36,32,95,0,0
21,09,2022,16,46,44,39,153,0,0
21,09,2022,16,46,45,39,153,20,5
21,09,2022,16,46,46,30,107,20,5
21,09,2022,16,46,46,30,107,0,0
21,09,2022,16,46,54,27,100,36,0
21,09,2022,16,46,55,41,100,36,0
21,09,2022,16,46,56,41,100,9,0
21,09,2022,16,46,56,30,100,9,0
21,09,2022,16,47,04,41,157,0,0
21,09,2022,16,47,06,31,111,9,0
21,09,2022,16,47,14,26,105,35,0
21,09,2022,16,47,15,38,105,35,0
21,09,2022,16,47,16,38,105,0,0
21,09,2022,16,47,16,17,105,0,0
21,09,2022,16,47,24,40,155,0,0
21,09,2022,16,47,25,40,155,10,4
21,09,2022,16,47,26,40,116,10,4
21,09,2022,16,47,26,40,116,0,0
21,09,2022,16,47,27,25,109,0,0
21,09,2022,16,47,34,22,106,21,0
21,09,2022,16,47,35,38,106,21,0
21,09,2022,16,47,36,38,106,0,0
21,09,2022,16,47,45,31,106,21,0
21,09,2022,16,47,46,30,106,0,0
21,09,2022,16,47,54,28,106,34,5
21,09,2022,16,47,55,31,143,34,5
21,09,2022,16,47,55,31,143,0,0
21,09,2022,16,47,56,35,111,0,0
21,09,2022,16,48,05,41,107,21,0
21,09,2022,16,48,05,30,107,21,0
21,09,2022,16,48,06,30,107,0,0
21,09,2022,16,48,14,28,107,35,0
21,09,2022,16,48,15,37,107,8,0
21,09,2022,16,48,18,25,107,0,0
21,09,2022,16,48,24,36,166,0,0
21,09,2022,16,48,25,36,166,7,5
21,09,2022,16,48,25,27,118,7,5
21,09,2022,16,48,26,27,118,7,0
21,09,2022,16,48,27,0,114,7,0
21,09,2022,16,48,29,26,113,0,0
21,09,2022,16,48,34,26,112,24,0
21,09,2022,16,48,35,40,145,24,0
21,09,2022,16,48,36,40,145,0,0
21,09,2022,16,48,36,40,114,0,0
21,09,2022,16,48,42,0,111,0,0
21,09,2022,16,48,44,37,110,0,0
21,09,2022,16,48,45,37,110,25,0
21,09,2022,16,48,46,30,110,0,0
21,09,2022,16,49,05,39,112,27,0
21,09,2022,16,49,06,32,112,0,0
21,09,2022,16,49,15,39,150,0,0
21,09,2022,16,49,15,39,150,0,5
21,09,2022,16,49,16,22,111,0,5
21,09,2022,16,49,17,22,111,0,0
21,09,2022,16,49,24,27,103,25,0
21,09,2022,16,49,26,29,103,0,0
21,09,2022,16,49,44,38,106,23,4
21,09,2022,16,49,46,29,106,0,4
21,09,2022,16,49,47,20,118,0,4
21,09,2022,16,49,48,20,118,0,0
21,09,2022,16,49,54,37,114,8,0
21,09,2022,16,50,04,36,113,23,0
21,09,2022,16,50,06,30,114,0,0
21,09,2022,16,50,14,37,155,9,0
21,09,2022,16,50,16,30,123,6,0
21,09,2022,16,50,25,37,122,20,0
21,09,2022,16,50,26,34,131,0,0
21,09,2022,16,50,36,22,120,6,0
21,09,2022,16,50,44,25,115,20,0
21,09,2022,16,50,45,38,115,20,0
21,09,2022,16,50,46,38,115,0,0
21,09,2022,16,50,54,35,154,3,0
21,09,2022,16,50,56,21,127,4,0
21,09,2022,16,51,04,20,122,32,0
21,09,2022,16,51,05,33,122,32,0
21,09,2022,16,51,06,33,122,0,0
21,09,2022,16,51,14,39,156,0,0
21,09,2022,16,51,16,24,136,9,0
21,09,2022,16,51,34,38,156,0,0
21,09,2022,16,51,36,30,118,7,0
21,09,2022,16,51,44,28,114,31,5
21,09,2022,16,51,45,38,140,31,5
21,09,2022,16,51,46,38,140,31,0
21,09,2022,16,51,47,32,127,31,0
21,09,2022,16,51,49,32,124,0,0
21,09,2022,16,52,03,21,122,0,0
21,09,2022,16,52,04,21,122,11,4
21,09,2022,16,52,05,34,128,11,4
21,09,2022,16,52,06,34,128,5,0
21,09,2022,16,52,14,30,165,0,0
21,09,2022,16,52,16,23,131,0,0
21,09,2022,16,52,24,22,124,34,6
21,09,2022,16,52,26,31,124,0,0
21,09,2022,16,52,35,24,126,25,0
21,09,2022,16,52,36,25,126,0,0
21,09,2022,16,52,44,21,126,27,6
21,09,2022,16,52,45,38,123,27,6
21,09,2022,16,52,46,38,123,0,0
21,09,2022,16,52,50,32,0,0,0
21,09,2022,16,52,51,32,115,0,0
21,09,2022,16,52,54,39,157,0,0
21,09,2022,16,52,56,32,134,8,0
21,09,2022,16,53,04,30,127,31,0
21,09,2022,16,53,06,35,127,0,0
21,09,2022,16,53,14,39,168,0,0
21,09,2022,16,53,15,39,168,25,0
21,09,2022,16,53,16,32,120,25,0
21,09,2022,16,53,16,32,120,0,0
21,09,2022,16,53,24,32,115,35,0
21,09,2022,16,53,26,30,115,0,0
21,09,2022,16,53,34,21,180,0,0
21,09,2022,16,53,35,21,180,25,5
21,09,2022,16,53,36,30,124,25,5
21,09,2022,16,53,36,30,124,0,0
21,09,2022,16,53,44,27,116,37,0
21,09,2022,16,53,46,35,117,0,0
21,09,2022,16,53,54,42,178,0,0
21,09,2022,16,53,56,28,128,8,0
21,09,2022,16,54,04,26,124,34,0
21,09,2022,16,54,05,41,124,34,0
21,09,2022,16,54,06,41,124,7,0
21,09,2022,16,54,14,43,183,0,0
21,09,2022,16,54,15,43,183,8,5
21,09,2022,16,54,15,43,142,8,5
21,09,2022,16,54,16,43,142,0,0
21,09,2022,16,54,17,29,130,0,0
21,09,2022,16,54,24,28,127,34,0
21,09,2022,16,54,25,37,127,4,0
21,09,2022,16,54,34,41,187,0,0
21,09,2022,16,54,36,28,125,8,0
21,09,2022,16,54,44,24,119,25,3
21,09,2022,16,54,45,33,146,25,3
21,09,2022,16,54,46,33,146,0,0
21,09,2022,16,54,46,28,111,0,0
21,09,2022,16,54,54,43,108,0,0
21,09,2022,16,54,55,43,108,23,0
21,09,2022,16,54,56,31,108,23,0
21,09,2022,16,54,56,31,108,0,0
21,09,2022,16,55,04,30,108,33,0
21,09,2022,16,55,07,28,108,0,0
21,09,2022,16,55,14,44,174,0,0
21,09,2022,16,55,15,44,174,18,6
21,09,2022,16,55,15,27,118,18,6
21,09,2022,16,55,16,27,118,0,0
21,09,2022,16,55,24,26,111,33,0
21,09,2022,16,55,25,37,111,33,0
21,09,2022,16,55,25,37,111,0,0
21,09,2022,16,55,34,41,171,0,0
21,09,2022,16,55,35,32,125,9,0
21,09,2022,16,55,55,34,124,22,4
21,09,2022,16,55,56,36,123,0,0
21,09,2022,16,56,05,42,137,3,0
21,09,2022,16,56,06,30,109,0,0
21,09,2022,16,56,15,34,104,22,0
21,09,2022,16,56,16,39,104,0,0
21,09,2022,16,56,26,23,118,0,0
21,09,2022,16,56,35,33,118,33,0
21,09,2022,16,56,38,36,117,0,0
21,09,2022,16,56,45,37,151,10,0
21,09,2022,16,56,46,28,125,6,0
21,09,2022,16,56,55,27,121,20,0
21,09,2022,16,56,56,36,121,0,0
21,09,2022,16,57,04,33,121,16,0
21,09,2022,16,57,05,37,119,0,0
21,09,2022,16,57,06,18,106,0,0
21,09,2022,16,57,14,28,108,25,4
21,09,2022,16,57,16,37,117,0,0
21,09,2022,16,57,34,39,114,28,5
21,09,2022,16,57,36,38,120,0,0
21,09,2022,16,57,46,26,115,5,0
21,09,2022,16,57,54,22,115,32,6
21,09,2022,16,57,55,39,142,32,6
21,09,2022,16,57,56,39,142,0,0
21,09,2022,16,57,57,27,119,0,0
21,09,2022,16,58,14,35,117,36,0
21,09,2022,16,58,16,41,117,0,0
21,09,2022,16,58,17,27,117,0,0
21,09,2022,16,58,24,26,153,0,0
21,09,2022,16,58,26,22,112,10,0
21,09,2022,16,58,34,21,108,0,4
21,09,2022,16,58,35,21,119,0,4
21,09,2022,16,58,36,21,119,0,0
21,09,2022,16,58,44,45,112,0,0
21,09,2022,16,58,46,27,112,9,0
21,09,2022,16,58,54,21,112,26,6
21,09,2022,16,58,55,35,133,26,6
21,09,2022,16,58,56,35,133,8,0
21,09,2022,16,58,57,29,121,8,0
21,09,2022,16,59,04,40,148,0,0
21,09,2022,16,59,06,31,112,10,0
21,09,2022,16,59,14,30,108,34,0
21,09,2022,16,59,16,35,108,0,0
21,09,2022,16,59,24,36,148,0,0
21,09,2022,16,59,26,21,120,0,0
21,09,2022,16,59,34,21,116,35,6
21,09,2022,16,59,35,39,108,35,6
21,09,2022,16,59,36,39,108,7,0
21,09,2022,16,59,54,30,103,0,6
21,09,2022,16,59,55,29,145,0,6
21,09,2022,16,59,56,29,145,0,0
21,09,2022,16,59,57,27,111,0,0
21,09,2022,17,00,04,41,108,0,0
21,09,2022,17,00,05,41,108,22,0
21,09,2022,17,00,06,32,108,0,0
21,09,2022,17,00,14,30,108,33,2
21,09,2022,17,00,15,36,133,33,2
21,09,2022,17,00,16,36,133,0,0
21,09,2022,17,00,18,32,121,0,0
21,09,2022,17,00,24,43,176,0,0
21,09,2022,17,00,26,29,108,9,0
21,09,2022,17,00,34,26,104,36,0
21,09,2022,17,00,35,40,104,36,0
21,09,2022,17,00,36,40,104,6,0
21,09,2022,17,00,38,29,104,0,0
21,09,2022,17,00,44,43,167,0,0
21,09,2022,17,00,46,31,110,0,0
21,09,2022,17,00,54,29,106,31,0
21,09,2022,17,00,56,26,106,0,0
21,09,2022,17,01,04,35,164,0,0
21,09,2022,17,01,05,35,164,8,6
21,09,2022,17,01,06,36,112,8,6
21,09,2022,17,01,06,36,112,0,0
21,09,2022,17,01,14,35,105,34,0
21,09,2022,17,01,16,38,105,5,0
21,09,2022,17,01,16,26,105,5,0
21,09,2022,17,01,24,39,105,0,0
21,09,2022,17,01,26,28,105,9,0
21,09,2022,17,01,34,25,105,32,4
21,09,2022,17,01,35,38,140,32,4
21,09,2022,17,01,36,38,140,0,0
21,09,2022,17,01,36,23,112,0,0
21,09,2022,17,01,44,42,163,0,0
21,09,2022,17,01,45,42,163,19,0
21,09,2022,17,01,46,27,112,19,0
21,09,2022,17,01,46,27,112,0,0
21,09,2022,17,01,54,25,107,33,0
21,09,2022,17,01,55,36,108,33,0
21,09,2022,17,01,56,36,108,6,0
21,09,2022,17,02,04,39,171,0,0
21,09,2022,17,02,06,25,110,9,0
21,09,2022,17,02,14,22,106,34,0
21,09,2022,17,02,15,39,106,34,0
21,09,2022,17,02,15,39,106,0,0
21,09,2022,17,02,16,24,105,0,0
21,09,2022,17,02,25,32,106,28,5
21,09,2022,17,02,26,36,113,28,0
21,09,2022,17,02,27,28,101,28,0
21,09,2022,17,02,28,28,101,0,0
21,09,2022,17,02,42,0,99,0,0
21,09,2022,17,02,44,40,99,0,0
21,09,2022,17,02,45,29,114,9,0
21,09,2022,17,02,55,46,140,8,0
21,09,2022,17,02,56,32,103,8,0
21,09,2022,17,03,15,45,127,11,0
21,09,2022,17,03,16,40,115,9,0
21,09,2022,17,03,25,36,112,21,0
21,09,2022,17,03,26,38,112,0,0
21,09,2022,17,03,35,39,138,2,0
21,09,2022,17,03,35,39,138,7,6
21,09,2022,17,03,36,35,106,7,6
21,09,2022,17,03,37,35,106,0,0
21,09,2022,17,03,45,39,102,23,0
21,09,2022,17,03,46,36,102,0,0
21,09,2022,17,03,50,25,102,0,0
21,09,2022,17,03,55,41,102,10,0
21,09,2022,17,03,59,30,102,0,0
21,09,2022,17,04,05,37,107,28,5
21,09,2022,17,04,06,39,111,0,0
21,09,2022,17,04,15,40,132,5,0
21,09,2022,17,04,18,35,105,0,0
21,09,2022,17,04,24,38,105,23,0
21,09,2022,17,04,26,39,105,0,0
21,09,2022,17,04,35,43,150,0,0
21,09,2022,17,04,35,43,150,15,0
21,09,2022,17,04,36,34,107,15,0
21,09,2022,17,04,37,34,107,0,0
21,09,2022,17,04,44,27,103,19,0
21,09,2022,17,04,46,24,103,0,0
21,09,2022,17,04,54,49,149,0,0
21,09,2022,17,04,55,49,149,0,5
21,09,2022,17,04,56,36,107,0,5
21,09,2022,17,04,57,36,107,0,0
21,09,2022,17,04,58,24,107,0,0
21,09,2022,17,05,04,22,102,31,0
21,09,2022,17,05,06,22,102,0,0
21,09,2022,17,05,07,34,102,0,0
21,09,2022,17,05,14,45,141,0,0
21,09,2022,17,05,16,33,111,8,0
21,09,2022,17,05,24,29,108,26,6
21,09,2022,17,05,25,29,119,26,6
21,09,2022,17,05,26,29,119,0,0
21,09,2022,17,05,28,20,107,0,0
21,09,2022,17,05,34,46,107,0,0
21,09,2022,17,05,36,35,107,0,0
21,09,2022,17,05,39,23,107,0,0
21,09,2022,17,05,44,21,107,27,5
21,09,2022,17,05,45,23,119,27,5
21,09,2022,17,05,46,23,119,0,5
21,09,2022,17,05,47,20,115,0,0
21,09,2022,17,05,54,40,113,0,0
21,09,2022,17,05,55,40,113,23,0
21,09,2022,17,05,57,36,114,0,0
21,09,2022,17,06,02,25,113,0,0
21,09,2022,17,06,04,26,113,32,6
21,09,2022,17,06,05,39,146,32,6
21,09,2022,17,06,06,39,146,0,0
21,09,2022,17,06,08,33,105,0,0
21,09,2022,17,06,14,45,104,0,0
21,09,2022,17,06,16,29,104,8,0
21,09,2022,17,06,24,24,104,33,0
21,09,2022,17,06,26,24,104,0,0
21,09,2022,17,06,34,43,142,0,0
21,09,2022,17,06,35,43,142,9,4
21,09,2022,17,06,36,24,113,9,4
21,09,2022,17,06,37,24,113,0,0
21,09,2022,17,06,44,19,108,34,0
21,09,2022,17,06,45,37,108,34,0
21,09,2022,17,06,47,35,108,0,0
21,09,2022,17,06,54,45,170,0,0
21,09,2022,17,06,55,45,170,58,0
21,09,2022,17,06,56,89,118,58,0
21,09,2022,17,06,57,89,118,0,0
21,09,2022,17,06,57,31,115,0,0
21,09,2022,17,07,04,30,114,73,3
21,09,2022,17,07,05,56,120,73,3
21,09,2022,17,07,06,56,120,56,0
21,09,2022,17,07,07,47,114,34,0
21,09,2022,17,07,09,40,112,1,0
21,09,2022,17,07,14,41,161,0,0
21,09,2022,17,07,15,41,161,36,4
21,09,2022,17,07,16,41,114,36,4
21,09,2022,17,07,17,41,114,8,0
21,09,2022,17,07,17,30,111,8,0
21,09,2022,17,07,24,27,110,35,0
21,09,2022,17,07,25,38,110,35,0
21,09,2022,17,07,26,38,110,0,0
21,09,2022,17,07,26,21,110,0,0
21,09,2022,17,07,34,36,169,0,0
21,09,2022,17,07,36,26,105,8,0
21,09,2022,17,07,44,23,101,34,0
21,09,2022,17,07,45,40,101,34,0
21,09,2022,17,07,46,40,101,0,0
21,09,2022,17,07,46,25,101,0,0
21,09,2022,17,07,54,40,156,0,0
21,09,2022,17,07,55,40,156,9,6
21,09,2022,17,07,56,40,105,9,6
21,09,2022,17,07,56,40,105,0,0
21,09,2022,17,08,04,31,97,33,0
21,09,2022,17,08,06,32,98,0,0
21,09,2022,17,08,14,43,153,0,0
21,09,2022,17,08,15,43,153,17,0
21,09,2022,17,08,16,24,113,17,0
21,09,2022,17,08,16,24,113,0,0
21,09,2022,17,08,24,20,109,22,0
21,09,2022,17,08,26,28,109,0,0
21,09,2022,17,08,34,42,163,0,0
21,09,2022,17,08,35,42,163,28,5
21,09,2022,17,08,36,41,120,28,5
21,09,2022,17,08,36,41,120,0,0
21,09,2022,17,08,37,24,113,0,0
21,09,2022,17,08,44,23,111,32,0
21,09,2022,17,08,45,36,111,32,0
21,09,2022,17,08,46,36,111,0,0
21,09,2022,17,08,54,40,167,0,0
21,09,2022,17,08,56,29,103,9,0
21,09,2022,17,09,04,24,100,33,0
21,09,2022,17,09,06,31,100,0,0
21,09,2022,17,09,14,41,156,0,0
21,09,2022,17,09,15,41,156,9,5
21,09,2022,17,09,16,23,99,9,5
21,09,2022,17,09,16,23,99,0,0
21,09,2022,17,09,24,21,92,12,0
21,09,2022,17,09,25,40,93,12,0
21,09,2022,17,09,26,40,93,0,0
21,09,2022,17,09,26,29,92,0,0
21,09,2022,17,09,35,29,97,7,5
21,09,2022,17,09,36,26,105,0,0
21,09,2022,17,09,45,36,132,9,0
21,09,2022,17,09,46,35,99,0,0
21,09,2022,17,09,54,46,94,0,0
21,09,2022,17,09,55,46,94,33,0
21,09,2022,17,09,55,33,94,33,0
21,09,2022,17,09,56,33,94,0,0
21,09,2022,17,10,05,40,131,7,0
21,09,2022,17,10,06,22,131,8,0
21,09,2022,17,10,08,19,96,0,0
21,09,2022,17,10,15,28,95,21,0
21,09,2022,17,10,16,35,94,0,0
21,09,2022,17,10,25,38,139,10,0
21,09,2022,17,10,26,38,97,7,0
21,09,2022,17,10,28,22,93,0,0
21,09,2022,17,10,35,29,91,23,0
21,09,2022,17,10,36,33,91,0,0
21,09,2022,17,10,44,30,91,21,0
21,09,2022,17,10,45,31,91,0,0
21,09,2022,17,10,55,34,96,25,5
21,09,2022,17,10,55,18,110,25,5
21,09,2022,17,10,56,18,110,0,0
21,09,2022,17,10,57,17,99,0,0
21,09,2022,17,11,04,17,96,15,0
21,09,2022,17,11,05,39,96,15,0
21,09,2022,17,11,05,39,96,0,0
21,09,2022,17,11,06,21,96,0,0
21,09,2022,17,11,15,27,100,33,3
21,09,2022,17,11,15,33,122,33,3
21,09,2022,17,11,16,33,122,0,0
21,09,2022,17,11,21,33,0,0,0
21,09,2022,17,11,23,30,114,0,0
21,09,2022,17,11,34,26,106,35,0
21,09,2022,17,11,36,36,106,9,0
21,09,2022,17,11,37,23,107,9,0
21,09,2022,17,11,45,39,105,0,0
21,09,2022,17,11,54,30,105,32,6
21,09,2022,17,11,56,34,113,0,0
21,09,2022,17,11,58,23,101,0,0
21,09,2022,17,12,04,40,100,0,0
21,09,2022,17,12,14,37,100,29,0
21,09,2022,17,12,16,32,100,0,0
21,09,2022,17,12,24,36,145,0,0
21,09,2022,17,12,25,36,145,9,5
21,09,2022,17,12,26,24,112,9,5
21,09,2022,17,12,27,24,112,0,0
21,09,2022,17,12,35,38,105,8,0
21,09,2022,17,12,38,18,105,0,0
21,09,2022,17,12,44,41,105,0,0
21,09,2022,17,12,48,20,105,10,0
21,09,2022,17,12,54,16,105,20,6
21,09,2022,17,12,55,25,135,20,6
21,09,2022,17,12,56,25,135,0,0
21,09,2022,17,12,57,24,102,0,0
21,09,2022,17,13,04,39,98,0,0
21,09,2022,17,13,14,33,98,34,0
21,09,2022,17,13,16,37,98,7,0
21,09,2022,17,13,24,39,128,0,0
21,09,2022,17,13,26,22,97,0,0
21,09,2022,17,13,27,0,95,0,0
21,09,2022,17,13,29,0,0,0,0
