22,09,2022,17,03,44,112,239,0,0
22,09,2022,17,03,45,112,239,751,499
22,09,2022,17,03,46,105,222,751,499
22,09,2022,17,03,47,101,237,750,500
22,09,2022,17,03,49,109,226,750,499
22,09,2022,17,03,54,107,227,750,419
22,09,2022,17,03,55,107,200,750,419
22,09,2022,17,03,55,107,200,750,255
22,09,2022,17,03,56,110,152,750,255
22,09,2022,17,03,57,110,152,750,168
22,09,2022,17,03,58,104,132,750,168
22,09,2022,17,03,59,104,132,750,165
22,09,2022,17,03,59,104,73,750,165
22,09,2022,17,04,00,104,73,750,60
22,09,2022,17,04,01,104,94,750,60
22,09,2022,17,04,02,105,108,750,59
22,09,2022,17,04,04,107,90,750,60
22,09,2022,17,04,05,108,64,749,60
22,09,2022,17,04,06,108,64,750,30
22,09,2022,17,04,15,104,78,750,30
22,09,2022,17,04,18,103,82,751,19
22,09,2022,17,04,22,99,64,750,17
22,09,2022,17,04,27,102,51,751,18
22,09,2022,17,04,29,102,43,750,6
22,09,2022,17,04,32,84,50,749,7
22,09,2022,17,04,32,84,50,373,5
22,09,2022,17,04,33,61,41,373,5
22,09,2022,17,04,34,61,41,183,6
22,09,2022,17,04,35,58,37,150,7
22,09,2022,17,04,36,51,48,150,7
22,09,2022,17,04,37,51,48,77,7
22,09,2022,17,04,38,40,52,77,7
22,09,2022,17,04,38,40,52,57,5
22,09,2022,17,04,40,38,42,22,6
22,09,2022,17,04,42,32,39,0,7
22,09,2022,17,04,47,16,42,0,6
22,09,2022,17,04,55,35,43,7,6
22,09,2022,17,05,04,28,57,0,6
22,09,2022,17,05,07,41,38,10,4
22,09,2022,17,05,08,41,38,10,0
22,09,2022,17,05,14,35,37,35,4
22,09,2022,17,05,15,44,58,35,4
22,09,2022,17,05,15,44,58,21,6
22,09,2022,17,05,16,36,32,21,6
22,09,2022,17,05,17,36,32,9,0
22,09,2022,17,05,24,38,64,7,0
22,09,2022,17,05,25,38,64,35,7
22,09,2022,17,05,27,33,31,35,6
22,09,2022,17,05,28,33,31,0,0
22,09,2022,17,05,34,30,27,9,4
22,09,2022,17,05,35,39,62,9,4
22,09,2022,17,05,36,32,45,0,6
22,09,2022,17,05,37,32,45,0,0
22,09,2022,17,05,39,30,33,0,0
22,09,2022,17,05,44,35,75,0,0
22,09,2022,17,05,45,35,75,7,6
22,09,2022,17,05,46,30,71,0,1
22,09,2022,17,05,47,28,46,0,1
22,09,2022,17,05,54,28,38,0,6
22,09,2022,17,05,54,31,79,0,6
22,09,2022,17,05,56,20,64,0,6
22,09,2022,17,05,57,20,64,0,0
22,09,2022,17,06,01,19,53,0,0
22,09,2022,17,06,04,37,103,0,0
22,09,2022,17,06,05,37,103,9,5
22,09,2022,17,06,05,37,83,9,5
22,09,2022,17,06,07,36,64,0,5
22,09,2022,17,06,08,36,64,0,0
22,09,2022,17,06,14,34,59,6,6
22,09,2022,17,06,14,31,89,6,6
22,09,2022,17,06,16,32,51,9,5
22,09,2022,17,06,17,32,51,5,0
22,09,2022,17,06,22,21,43,0,0
22,09,2022,17,06,24,31,95,0,0
22,09,2022,17,06,24,31,95,7,7
22,09,2022,17,06,26,24,87,0,1
22,09,2022,17,06,27,24,52,0,1
22,09,2022,17,06,34,37,83,0,0
22,09,2022,17,06,38,34,43,1,0
22,09,2022,17,06,45,35,40,9,6
22,09,2022,17,06,45,27,71,9,6
22,09,2022,17,06,46,27,71,0,1
22,09,2022,17,06,47,25,48,0,1
22,09,2022,17,06,54,22,72,1,0
22,09,2022,17,06,55,22,72,0,6
22,09,2022,17,06,57,21,69,0,0
22,09,2022,17,06,59,20,41,0,0
22,09,2022,17,07,05,11,47,9,7
22,09,2022,17,07,05,33,77,9,7
22,09,2022,17,07,06,33,77,0,0
22,09,2022,17,07,07,30,38,0,0
22,09,2022,17,07,15,29,34,10,6
22,09,2022,17,07,16,36,50,10,6
22,09,2022,17,07,17,36,50,9,0
22,09,2022,17,07,22,30,39,0,0
22,09,2022,17,07,24,34,44,9,6
22,09,2022,17,07,25,27,61,9,6
22,09,2022,17,07,27,24,42,0,6
22,09,2022,17,07,29,23,38,0,0
22,09,2022,17,07,34,36,57,2,0
22,09,2022,17,07,35,36,57,0,6
22,09,2022,17,07,36,36,26,0,6
22,09,2022,17,07,37,36,26,0,0
22,09,2022,17,07,44,41,30,8,7
22,09,2022,17,07,45,32,62,8,7
22,09,2022,17,07,47,30,32,0,5
22,09,2022,17,07,47,30,32,0,0
22,09,2022,17,07,54,38,60,1,0
22,09,2022,17,07,55,38,60,0,5
22,09,2022,17,07,56,29,40,0,5
22,09,2022,17,07,57,29,40,0,0
22,09,2022,17,08,04,33,41,0,6
22,09,2022,17,08,06,33,48,0,0
22,09,2022,17,08,07,30,25,0,0
22,09,2022,17,08,14,46,53,0,0
22,09,2022,17,08,15,46,53,0,5
22,09,2022,17,08,17,38,44,0,0
22,09,2022,17,08,17,38,29,0,0
22,09,2022,17,08,24,26,33,0,0
22,09,2022,17,08,24,26,33,9,6
22,09,2022,17,08,26,29,41,0,0
22,09,2022,17,08,28,25,0,0,0
22,09,2022,17,08,30,25,29,0,0
22,09,2022,17,08,34,30,54,0,0
22,09,2022,17,08,35,30,54,9,6
22,09,2022,17,08,36,32,41,9,6
22,09,2022,17,08,37,32,41,9,0
22,09,2022,17,08,37,32,21,9,0
22,09,2022,17,08,44,31,20,26,7
22,09,2022,17,08,45,37,40,26,7
22,09,2022,17,08,46,37,40,0,1
22,09,2022,17,08,47,30,28,0,1
22,09,2022,17,08,54,33,48,0,0
22,09,2022,17,08,55,33,48,8,6
22,09,2022,17,08,56,43,33,8,6
22,09,2022,17,08,56,43,33,0,0
22,09,2022,17,08,57,28,19,0,0
22,09,2022,17,09,04,27,18,27,6
22,09,2022,17,09,05,38,37,27,6
22,09,2022,17,09,06,38,37,0,1
22,09,2022,17,09,08,26,29,1,0
22,09,2022,17,09,14,50,38,0,0
22,09,2022,17,09,15,50,38,5,6
22,09,2022,17,09,17,41,37,0,0
22,09,2022,17,09,17,28,27,0,0
22,09,2022,17,09,24,27,24,10,6
22,09,2022,17,09,25,36,42,10,6
22,09,2022,17,09,26,36,42,0,1
22,09,2022,17,09,27,34,28,0,1
22,09,2022,17,09,35,29,38,9,7
22,09,2022,17,09,36,34,24,9,7
22,09,2022,17,09,36,34,24,10,0
22,09,2022,17,09,42,18,15,0,0
22,09,2022,17,09,44,15,15,8,6
22,09,2022,17,09,45,46,36,8,6
22,09,2022,17,09,47,36,26,0,0
22,09,2022,17,09,54,29,48,0,0
22,09,2022,17,09,55,29,48,10,6
22,09,2022,17,09,56,31,48,9,0
22,09,2022,17,09,57,35,28,9,0
22,09,2022,17,10,00,23,26,0,0
22,09,2022,17,10,04,22,26,0,6
22,09,2022,17,10,05,22,42,0,6
22,09,2022,17,10,06,22,42,0,1
22,09,2022,17,10,06,23,29,0,1
22,09,2022,17,10,15,33,37,9,6
22,09,2022,17,10,16,40,45,7,0
22,09,2022,17,10,17,26,31,7,0
22,09,2022,17,10,24,17,27,25,7
22,09,2022,17,10,25,38,44,25,7
22,09,2022,17,10,26,38,44,0,0
22,09,2022,17,10,26,36,29,0,0
22,09,2022,17,10,35,34,38,9,6
22,09,2022,17,10,36,38,38,9,0
22,09,2022,17,10,37,27,25,9,0
22,09,2022,17,10,44,22,21,8,6
22,09,2022,17,10,45,33,38,8,6
22,09,2022,17,10,46,37,25,8,6
22,09,2022,17,10,47,37,25,0,0
22,09,2022,17,10,55,40,19,9,6
22,09,2022,17,10,56,24,19,9,6
22,09,2022,17,10,56,24,19,0,0
22,09,2022,17,11,04,17,11,23,5
22,09,2022,17,11,05,49,39,23,5
22,09,2022,17,11,06,49,39,0,4
22,09,2022,17,11,07,40,30,0,0
22,09,2022,17,11,14,26,49,0,0
22,09,2022,17,11,15,26,49,10,6
22,09,2022,17,11,16,24,39,0,0
22,09,2022,17,11,19,22,14,0,0
22,09,2022,17,11,24,22,12,8,5
22,09,2022,17,11,25,31,40,8,5
22,09,2022,17,11,26,28,25,0,5
22,09,2022,17,11,27,28,25,0,0
22,09,2022,17,11,35,36,20,10,5
22,09,2022,17,11,36,38,64,10,5
22,09,2022,17,11,36,38,64,9,0
22,09,2022,17,11,37,39,27,9,0
22,09,2022,17,11,45,43,198,9,2
22,09,2022,17,11,45,43,198,0,5
22,09,2022,17,11,46,24,149,0,5
22,09,2022,17,11,47,24,149,0,0
22,09,2022,17,11,52,21,138,0,0
22,09,2022,17,11,54,21,84,0,0
22,09,2022,17,11,55,21,84,9,3
22,09,2022,17,11,55,38,12,9,3
22,09,2022,17,11,56,38,12,8,0
22,09,2022,17,12,04,30,10,25,2
22,09,2022,17,12,05,39,186,25,2
22,09,2022,17,12,05,39,186,9,5
22,09,2022,17,12,09,34,174,0,5
22,09,2022,17,12,10,34,174,0,0
22,09,2022,17,12,11,33,148,0,0
22,09,2022,17,12,14,31,182,0,0
22,09,2022,17,12,15,31,148,8,0
22,09,2022,17,12,24,21,141,0,48
22,09,2022,17,12,25,38,66,0,48
22,09,2022,17,12,25,38,66,8,0
22,09,2022,17,12,26,35,26,8,0
22,09,2022,17,12,28,22,23,0,0
22,09,2022,17,12,35,31,23,7,6
22,09,2022,17,12,35,23,197,7,6
22,09,2022,17,12,37,22,181,0,4
22,09,2022,17,12,40,21,149,0,5
22,09,2022,17,12,41,21,149,0,0
22,09,2022,17,12,45,33,67,0,0
22,09,2022,17,12,46,33,24,1,0
22,09,2022,17,12,55,36,26,19,0
22,09,2022,17,12,56,35,19,8,0
22,09,2022,17,12,57,26,0,8,0
22,09,2022,17,12,58,24,18,0,0
22,09,2022,17,13,05,44,173,0,0
22,09,2022,17,13,05,44,173,33,6
22,09,2022,17,13,06,40,184,33,6
22,09,2022,17,13,07,40,184,0,5
22,09,2022,17,13,09,29,186,0,5
22,09,2022,17,13,12,27,172,0,5
22,09,2022,17,13,13,27,172,0,0
22,09,2022,17,13,14,31,145,0,0
22,09,2022,17,13,15,31,145,48,5
22,09,2022,17,13,15,39,175,48,5
22,09,2022,17,13,16,39,175,19,6
22,09,2022,17,13,18,37,175,0,6
22,09,2022,17,13,21,35,159,0,4
22,09,2022,17,13,22,35,159,0,0
22,09,2022,17,13,24,35,155,13,0
22,09,2022,17,13,25,44,171,13,0
22,09,2022,17,13,25,44,171,28,6
22,09,2022,17,13,27,42,174,0,5
22,09,2022,17,13,28,26,184,0,5
22,09,2022,17,13,29,25,172,0,5
22,09,2022,17,13,31,25,150,0,5
22,09,2022,17,13,31,25,150,0,0
22,09,2022,17,13,35,33,141,37,4
22,09,2022,17,13,35,39,172,37,4
22,09,2022,17,13,36,39,172,6,6
22,09,2022,17,13,41,31,159,0,4
22,09,2022,17,13,42,31,159,0,0
22,09,2022,17,13,45,44,170,0,0
22,09,2022,17,13,45,44,170,27,6
22,09,2022,17,13,47,34,166,0,5
22,09,2022,17,13,51,29,159,0,0
22,09,2022,17,13,52,30,146,0,0
22,09,2022,17,13,54,37,146,47,6
22,09,2022,17,13,55,36,173,47,6
22,09,2022,17,13,58,27,164,0,4
22,09,2022,17,14,01,23,139,0,5
22,09,2022,17,14,02,23,139,0,0
22,09,2022,17,14,04,22,133,13,0
22,09,2022,17,14,04,40,169,13,0
22,09,2022,17,14,05,40,169,10,4
22,09,2022,17,14,06,27,159,10,4
22,09,2022,17,14,11,22,173,0,5
22,09,2022,17,14,12,22,143,0,5
22,09,2022,17,14,13,22,143,0,0
22,09,2022,17,14,14,33,142,0,0
22,09,2022,17,14,14,33,142,48,5
22,09,2022,17,14,16,38,142,9,4
22,09,2022,17,14,17,26,165,9,4
22,09,2022,17,14,22,22,173,0,0
22,09,2022,17,14,23,22,146,0,0
22,09,2022,17,14,24,41,175,10,0
22,09,2022,17,14,25,41,175,26,5
22,09,2022,17,14,26,26,177,26,5
22,09,2022,17,14,27,26,177,0,5
22,09,2022,17,14,32,23,138,0,5
22,09,2022,17,14,33,23,138,0,0
22,09,2022,17,14,34,38,144,0,0
22,09,2022,17,14,34,38,144,47,4
22,09,2022,17,14,35,37,175,47,4
22,09,2022,17,14,36,37,175,8,5
22,09,2022,17,14,38,25,188,0,5
22,09,2022,17,14,42,25,191,0,0
22,09,2022,17,14,43,25,163,0,0
22,09,2022,17,14,44,25,163,18,0
22,09,2022,17,14,44,40,209,18,0
22,09,2022,17,14,45,40,209,24,5
22,09,2022,17,14,46,32,197,24,5
22,09,2022,17,14,47,32,197,0,5
22,09,2022,17,14,49,28,209,0,5
22,09,2022,17,14,51,28,206,0,0
22,09,2022,17,14,52,28,171,0,0
22,09,2022,17,14,54,27,168,50,5
22,09,2022,17,14,55,37,198,50,5
22,09,2022,17,14,56,37,198,8,5
22,09,2022,17,14,57,25,194,8,5
22,09,2022,17,15,01,22,165,0,5
22,09,2022,17,15,02,22,165,0,0
22,09,2022,17,15,03,22,154,0,0
22,09,2022,17,15,04,44,190,0,0
22,09,2022,17,15,05,44,190,34,5
22,09,2022,17,15,06,31,190,34,5
22,09,2022,17,15,07,31,190,0,6
22,09,2022,17,15,11,30,183,0,0
22,09,2022,17,15,12,30,162,0,0
22,09,2022,17,15,14,30,158,48,6
22,09,2022,17,15,15,38,182,48,6
22,09,2022,17,15,16,38,182,9,5
22,09,2022,17,15,17,24,192,9,5
22,09,2022,17,15,20,20,172,0,5
22,09,2022,17,15,21,20,144,0,6
22,09,2022,17,15,22,20,144,0,0
22,09,2022,17,15,24,42,182,0,0
22,09,2022,17,15,25,42,182,35,0
22,09,2022,17,15,27,48,189,0,5
22,09,2022,17,15,27,37,189,0,5
22,09,2022,17,15,29,35,174,0,4
22,09,2022,17,15,31,34,182,0,0
22,09,2022,17,15,32,32,156,0,0
22,09,2022,17,15,34,32,152,47,5
22,09,2022,17,15,35,41,186,47,5
22,09,2022,17,15,36,41,186,9,4
22,09,2022,17,15,37,18,183,9,4
22,09,2022,17,15,38,17,167,9,5
22,09,2022,17,15,40,17,173,0,0
22,09,2022,17,15,41,17,149,0,0
22,09,2022,17,15,44,41,171,0,0
22,09,2022,17,15,45,41,171,32,0
22,09,2022,17,15,46,30,176,32,0
22,09,2022,17,15,47,30,176,0,5
22,09,2022,17,15,50,28,163,0,4
22,09,2022,17,15,51,28,163,0,0
22,09,2022,17,15,52,28,136,0,0
22,09,2022,17,15,54,28,133,48,4
22,09,2022,17,15,55,39,163,48,4
22,09,2022,17,15,56,39,163,9,6
22,09,2022,17,15,57,24,167,9,6
22,09,2022,17,15,58,21,181,0,5
22,09,2022,17,16,01,21,157,0,4
22,09,2022,17,16,02,21,157,0,0
22,09,2022,17,16,04,46,167,0,0
22,09,2022,17,16,05,46,167,33,0
22,09,2022,17,16,07,37,165,0,6
22,09,2022,17,16,11,35,158,0,0
22,09,2022,17,16,12,35,133,0,0
22,09,2022,17,16,14,34,132,41,5
22,09,2022,17,16,16,34,132,7,5
22,09,2022,17,16,16,26,175,7,5
22,09,2022,17,16,21,23,152,0,5
22,09,2022,17,16,22,23,152,0,0
22,09,2022,17,16,24,45,176,0,0
22,09,2022,17,16,25,45,176,31,5
22,09,2022,17,16,27,35,177,0,5
22,09,2022,17,16,30,26,166,0,5
22,09,2022,17,16,31,26,166,0,0
22,09,2022,17,16,32,26,146,0,0
22,09,2022,17,16,34,26,144,48,5
22,09,2022,17,16,35,37,166,48,5
22,09,2022,17,16,36,37,166,11,5
22,09,2022,17,16,37,28,186,11,5
22,09,2022,17,16,37,28,186,0,5
22,09,2022,17,16,40,27,174,0,5
22,09,2022,17,16,41,27,154,0,4
22,09,2022,17,16,42,27,154,0,0
22,09,2022,17,16,44,42,177,0,0
22,09,2022,17,16,45,42,177,34,6
22,09,2022,17,16,47,37,173,0,5
22,09,2022,17,16,47,21,181,0,5
22,09,2022,17,16,51,18,183,0,0
22,09,2022,17,16,52,18,157,0,0
22,09,2022,17,16,54,19,154,48,6
22,09,2022,17,16,55,39,188,48,6
22,09,2022,17,16,56,39,188,8,5
22,09,2022,17,16,56,27,193,8,5
22,09,2022,17,17,02,23,190,0,0
22,09,2022,17,17,03,24,169,0,0
22,09,2022,17,17,04,41,215,0,0
22,09,2022,17,17,05,41,215,31,5
22,09,2022,17,17,06,35,195,31,5
22,09,2022,17,17,07,35,195,0,4
22,09,2022,17,17,07,30,182,0,4
22,09,2022,17,17,11,29,184,0,0
22,09,2022,17,17,12,29,154,0,0
22,09,2022,17,17,14,29,154,0,4
22,09,2022,17,17,15,40,192,0,4
22,09,2022,17,17,16,40,192,22,4
22,09,2022,17,17,16,30,171,22,4
22,09,2022,17,17,17,30,171,0,7
22,09,2022,17,17,20,28,183,0,6
22,09,2022,17,17,23,28,137,0,5
22,09,2022,17,17,23,28,137,0,0
22,09,2022,17,17,24,41,179,0,0
22,09,2022,17,17,25,41,179,36,5
22,09,2022,17,17,27,34,178,0,5
22,09,2022,17,17,32,31,149,0,4
22,09,2022,17,17,33,31,149,0,0
22,09,2022,17,17,34,31,144,47,4
22,09,2022,17,17,35,42,144,47,4
22,09,2022,17,17,36,42,144,8,5
22,09,2022,17,17,36,27,184,8,5
22,09,2022,17,17,42,22,189,0,0
22,09,2022,17,17,43,22,146,0,0
22,09,2022,17,17,44,44,188,0,0
22,09,2022,17,17,45,44,188,36,5
22,09,2022,17,17,46,44,198,4,6
22,09,2022,17,17,49,35,183,0,5
22,09,2022,17,17,52,35,159,0,5
22,09,2022,17,17,53,35,159,0,0
22,09,2022,17,17,53,35,148,0,0
22,09,2022,17,17,54,35,148,46,5
22,09,2022,17,17,55,38,178,46,5
22,09,2022,17,17,56,38,178,9,5
22,09,2022,17,17,58,30,190,0,6
22,09,2022,17,18,01,30,174,0,5
22,09,2022,17,18,02,30,174,0,0
22,09,2022,17,18,03,30,150,0,0
22,09,2022,17,18,04,41,193,0,0
22,09,2022,17,18,05,41,193,37,5
22,09,2022,17,18,06,36,173,37,5
22,09,2022,17,18,06,36,173,0,4
22,09,2022,17,18,12,29,165,0,0
22,09,2022,17,18,13,28,138,0,0
22,09,2022,17,18,14,28,138,46,4
22,09,2022,17,18,15,28,178,46,4
22,09,2022,17,18,16,28,178,20,5
22,09,2022,17,18,17,19,176,0,5
22,09,2022,17,18,22,18,140,0,4
22,09,2022,17,18,23,18,140,0,0
22,09,2022,17,18,24,43,182,0,0
22,09,2022,17,18,25,43,182,36,5
22,09,2022,17,18,26,36,182,0,5
22,09,2022,17,18,27,21,181,0,5
22,09,2022,17,18,29,21,163,0,5
22,09,2022,17,18,30,21,178,0,5
22,09,2022,17,18,32,21,153,0,5
22,09,2022,17,18,32,21,153,0,0
22,09,2022,17,18,34,21,144,47,4
22,09,2022,17,18,35,39,163,47,4
22,09,2022,17,18,36,39,163,9,5
22,09,2022,17,18,36,37,183,9,5
22,09,2022,17,18,41,29,170,0,4
22,09,2022,17,18,42,29,170,0,0
22,09,2022,17,18,42,30,142,0,0
22,09,2022,17,18,44,45,190,0,0
22,09,2022,17,18,45,45,190,0,5
22,09,2022,17,18,45,38,172,0,5
22,09,2022,17,18,52,32,174,0,0
22,09,2022,17,18,53,32,143,0,0
22,09,2022,17,18,54,32,143,46,5
22,09,2022,17,18,55,40,178,46,5
22,09,2022,17,18,56,40,178,9,5
22,09,2022,17,19,02,32,180,0,0
22,09,2022,17,19,02,32,151,0,0
22,09,2022,17,19,05,39,152,35,5
22,09,2022,17,19,05,43,174,35,5
22,09,2022,17,19,06,43,174,0,5
22,09,2022,17,19,07,27,182,0,5
22,09,2022,17,19,12,26,153,0,5
22,09,2022,17,19,12,26,153,0,0
22,09,2022,17,19,13,25,132,0,0
22,09,2022,17,19,15,40,172,9,0
22,09,2022,17,19,16,40,172,18,5
22,09,2022,17,19,17,38,173,0,5
22,09,2022,17,19,22,38,139,0,4
22,09,2022,17,19,23,38,139,0,0
22,09,2022,17,19,25,44,136,36,5
22,09,2022,17,19,25,41,184,36,5
22,09,2022,17,19,26,41,184,0,5
22,09,2022,17,19,27,28,178,0,5
22,09,2022,17,19,32,28,154,0,5
22,09,2022,17,19,32,28,154,0,0
22,09,2022,17,19,33,27,141,0,0
22,09,2022,17,19,35,47,177,10,0
22,09,2022,17,19,36,47,177,18,5
22,09,2022,17,19,36,34,177,18,5
22,09,2022,17,19,37,34,177,0,5
22,09,2022,17,19,42,33,184,0,0
22,09,2022,17,19,42,33,144,0,0
22,09,2022,17,19,44,44,143,0,0
22,09,2022,17,19,45,44,143,42,6
22,09,2022,17,19,45,42,175,42,6
22,09,2022,17,19,46,42,175,6,5
22,09,2022,17,19,52,34,153,0,5
22,09,2022,17,19,52,34,153,0,0
22,09,2022,17,19,54,34,143,12,0
22,09,2022,17,19,55,42,180,12,0
22,09,2022,17,19,56,42,180,22,4
22,09,2022,17,19,56,37,167,22,4
22,09,2022,17,19,57,37,167,0,6
22,09,2022,17,19,58,25,170,0,6
22,09,2022,17,20,02,24,176,0,0
22,09,2022,17,20,02,25,129,0,0
22,09,2022,17,20,04,37,132,0,0
22,09,2022,17,20,05,37,132,47,5
22,09,2022,17,20,05,39,157,47,5
22,09,2022,17,20,06,39,157,8,5
22,09,2022,17,20,08,33,170,0,5
22,09,2022,17,20,12,26,142,0,5
22,09,2022,17,20,14,25,136,20,0
22,09,2022,17,20,15,41,172,20,0
22,09,2022,17,20,15,41,172,10,6
22,09,2022,17,20,18,29,170,0,5
22,09,2022,17,20,19,29,155,0,4
22,09,2022,17,20,22,29,165,0,0
22,09,2022,17,20,22,28,139,0,0
22,09,2022,17,20,24,42,140,0,0
22,09,2022,17,20,25,42,140,37,5
22,09,2022,17,20,25,37,177,37,5
22,09,2022,17,20,26,37,177,0,5
22,09,2022,17,20,28,26,158,0,5
22,09,2022,17,20,30,26,174,0,5
22,09,2022,17,20,31,26,142,0,6
22,09,2022,17,20,32,26,142,0,0
22,09,2022,17,20,35,26,175,0,0
22,09,2022,17,20,35,26,175,30,5
22,09,2022,17,20,37,36,172,0,4
22,09,2022,17,20,41,31,174,0,0
22,09,2022,17,20,42,31,143,0,0
22,09,2022,17,20,45,38,145,46,5
22,09,2022,17,20,45,37,169,46,5
22,09,2022,17,20,46,37,169,0,6
22,09,2022,17,20,47,26,167,0,6
22,09,2022,17,20,48,25,181,0,5
22,09,2022,17,20,52,25,177,0,0
22,09,2022,17,20,53,25,140,0,0
22,09,2022,17,20,55,42,174,8,0
22,09,2022,17,20,55,42,174,26,5
22,09,2022,17,20,56,29,176,26,5
22,09,2022,17,20,57,29,176,0,5
22,09,2022,17,20,59,27,162,0,5
22,09,2022,17,21,01,27,175,0,5
22,09,2022,17,21,01,27,175,0,0
22,09,2022,17,21,02,27,137,0,0
22,09,2022,17,21,05,34,137,36,5
22,09,2022,17,21,05,37,176,36,5
22,09,2022,17,21,06,37,176,7,6
22,09,2022,17,21,11,30,158,0,5
22,09,2022,17,21,12,30,158,0,0
22,09,2022,17,21,15,41,168,7,0
22,09,2022,17,21,15,41,168,26,5
22,09,2022,17,21,16,36,179,26,5
22,09,2022,17,21,18,36,180,0,4
22,09,2022,17,21,21,34,166,0,5
22,09,2022,17,21,21,34,166,0,0
22,09,2022,17,21,22,34,145,0,0
22,09,2022,17,21,24,46,147,0,0
22,09,2022,17,21,24,46,147,0,6
22,09,2022,17,21,25,40,180,0,6
22,09,2022,17,21,27,32,168,8,5
22,09,2022,17,21,32,30,153,0,5
22,09,2022,17,21,33,30,153,0,0
22,09,2022,17,21,34,43,187,0,0
22,09,2022,17,21,35,43,187,35,5
22,09,2022,17,21,36,32,174,35,5
22,09,2022,17,21,37,32,174,0,5
22,09,2022,17,21,41,33,179,0,0
22,09,2022,17,21,42,33,139,0,0
22,09,2022,17,21,44,33,136,48,5
22,09,2022,17,21,45,38,175,48,5
22,09,2022,17,21,46,38,175,8,6
22,09,2022,17,21,48,27,179,0,6
22,09,2022,17,21,50,26,168,0,5
22,09,2022,17,21,52,26,165,0,0
22,09,2022,17,21,53,26,151,0,0
22,09,2022,17,21,54,44,173,0,0
22,09,2022,17,21,55,44,173,33,5
22,09,2022,17,21,57,43,174,0,5
22,09,2022,17,21,58,27,184,0,5
22,09,2022,17,21,59,27,168,0,5
22,09,2022,17,22,02,27,137,0,4
22,09,2022,17,22,03,27,137,0,0
22,09,2022,17,22,04,27,133,48,5
22,09,2022,17,22,05,27,167,48,5
22,09,2022,17,22,06,27,167,9,4
22,09,2022,17,22,12,18,166,0,0
22,09,2022,17,22,13,18,129,0,0
22,09,2022,17,22,14,46,169,0,0
22,09,2022,17,22,15,46,169,34,5
22,09,2022,17,22,16,30,172,34,5
22,09,2022,17,22,17,30,172,0,5
22,09,2022,17,22,18,31,161,0,5
22,09,2022,17,22,22,30,130,0,5
22,09,2022,17,22,23,30,130,0,0
22,09,2022,17,22,24,30,127,0,5
22,09,2022,17,22,25,41,167,0,5
22,09,2022,17,22,27,21,169,7,5
22,09,2022,17,22,31,20,155,0,5
22,09,2022,17,22,32,20,155,0,0
22,09,2022,17,22,33,20,144,0,0
22,09,2022,17,22,34,44,174,0,0
22,09,2022,17,22,35,44,174,32,6
22,09,2022,17,22,37,34,170,0,6
22,09,2022,17,22,43,32,169,0,0
22,09,2022,17,22,44,32,169,49,5
22,09,2022,17,22,46,40,174,8,5
22,09,2022,17,22,47,26,167,8,5
22,09,2022,17,22,52,23,175,0,0
22,09,2022,17,22,53,23,143,0,0
22,09,2022,17,22,54,44,170,0,0
22,09,2022,17,22,55,44,170,0,6
22,09,2022,17,22,57,25,175,0,6
22,09,2022,17,23,00,22,163,0,4
22,09,2022,17,23,02,23,140,0,5
22,09,2022,17,23,03,23,140,0,0
22,09,2022,17,23,04,23,136,45,0
22,09,2022,17,23,05,39,181,45,0
22,09,2022,17,23,06,39,181,6,5
22,09,2022,17,23,07,32,170,6,5
22,09,2022,17,23,12,31,165,0,0
22,09,2022,17,23,13,31,132,0,0
22,09,2022,17,23,14,45,168,0,0
22,09,2022,17,23,15,45,168,34,6
22,09,2022,17,23,17,36,167,0,6
22,09,2022,17,23,22,27,140,0,5
22,09,2022,17,23,23,27,140,0,0
22,09,2022,17,23,24,27,134,47,5
22,09,2022,17,23,25,41,164,47,5
22,09,2022,17,23,26,41,164,9,5
22,09,2022,17,23,28,29,177,0,4
22,09,2022,17,23,31,29,160,0,6
22,09,2022,17,23,32,29,160,0,0
22,09,2022,17,23,33,29,149,0,0
22,09,2022,17,23,34,45,193,0,0
22,09,2022,17,23,35,45,193,34,5
22,09,2022,17,23,36,40,178,34,5
22,09,2022,17,23,37,40,178,0,4
22,09,2022,17,23,39,29,183,0,6
22,09,2022,17,23,42,28,158,0,4
22,09,2022,17,23,43,28,158,0,0
22,09,2022,17,23,44,29,152,45,4
22,09,2022,17,23,45,45,176,45,4
22,09,2022,17,23,46,45,176,10,5
22,09,2022,17,23,47,30,197,10,5
22,09,2022,17,23,50,20,184,0,5
22,09,2022,17,23,52,19,177,0,0
22,09,2022,17,23,53,19,150,0,0
22,09,2022,17,23,54,45,198,0,0
22,09,2022,17,23,55,45,198,36,5
22,09,2022,17,23,56,35,190,0,5
22,09,2022,17,24,00,24,178,0,7
22,09,2022,17,24,02,24,150,0,6
22,09,2022,17,24,03,24,150,0,0
22,09,2022,17,24,04,24,143,45,5
22,09,2022,17,24,05,44,177,45,5
22,09,2022,17,24,06,44,177,9,5
22,09,2022,17,24,06,29,170,9,5
22,09,2022,17,24,08,20,187,0,5
22,09,2022,17,24,10,19,164,0,6
22,09,2022,17,24,11,19,179,0,6
22,09,2022,17,24,12,19,179,0,0
22,09,2022,17,24,13,20,141,0,0
22,09,2022,17,24,14,48,190,0,0
22,09,2022,17,24,15,48,190,36,6
22,09,2022,17,24,16,36,182,36,6
22,09,2022,17,24,17,36,182,0,5
22,09,2022,17,24,19,27,161,0,5
22,09,2022,17,24,20,26,174,0,5
22,09,2022,17,24,21,26,174,0,0
22,09,2022,17,24,22,26,141,0,0
22,09,2022,17,24,24,26,137,45,5
22,09,2022,17,24,25,43,171,45,5
22,09,2022,17,24,26,43,171,9,5
22,09,2022,17,24,26,26,168,9,5
22,09,2022,17,24,32,22,165,0,0
22,09,2022,17,24,33,22,142,0,0
22,09,2022,17,24,34,46,189,0,0
22,09,2022,17,24,35,46,189,36,5
22,09,2022,17,24,36,36,172,36,5
22,09,2022,17,24,36,36,172,0,5
22,09,2022,17,24,40,29,184,0,5
22,09,2022,17,24,42,28,150,0,5
22,09,2022,17,24,43,28,150,0,0
22,09,2022,17,24,44,29,145,48,6
22,09,2022,17,24,45,45,173,48,6
22,09,2022,17,24,46,45,173,9,5
22,09,2022,17,24,46,29,175,9,5
22,09,2022,17,24,49,21,160,0,5
22,09,2022,17,24,52,21,162,0,0
22,09,2022,17,24,53,21,147,0,0
22,09,2022,17,24,54,47,193,0,0
22,09,2022,17,24,55,47,193,36,5
22,09,2022,17,24,56,33,173,36,5
22,09,2022,17,24,56,33,173,7,4
22,09,2022,17,24,57,27,162,7,4
22,09,2022,17,25,02,25,150,0,4
22,09,2022,17,25,03,25,150,0,0
22,09,2022,17,25,04,25,150,46,4
22,09,2022,17,25,05,43,163,46,4
22,09,2022,17,25,06,43,163,8,5
22,09,2022,17,25,06,41,178,8,5
22,09,2022,17,25,09,34,163,0,5
22,09,2022,17,25,12,33,164,0,0
22,09,2022,17,25,13,33,144,0,0
22,09,2022,17,25,14,47,188,0,0
22,09,2022,17,25,15,47,188,36,5
22,09,2022,17,25,16,39,161,36,5
22,09,2022,17,25,16,39,161,0,4
22,09,2022,17,25,22,33,149,0,5
22,09,2022,17,25,23,33,149,0,0
22,09,2022,17,25,23,32,132,0,0
22,09,2022,17,25,24,32,132,47,4
22,09,2022,17,25,25,45,170,47,4
22,09,2022,17,25,26,45,170,20,6
22,09,2022,17,25,26,31,169,20,6
22,09,2022,17,25,27,31,169,0,4
22,09,2022,17,25,32,30,167,0,0
22,09,2022,17,25,32,29,150,0,0
22,09,2022,17,25,34,45,190,0,0
22,09,2022,17,25,35,45,190,35,5
22,09,2022,17,25,36,45,176,35,5
22,09,2022,17,25,36,45,176,0,5
22,09,2022,17,25,37,32,176,0,5
22,09,2022,17,25,42,30,156,0,5
22,09,2022,17,25,42,30,156,0,0
22,09,2022,17,25,44,30,149,47,5
22,09,2022,17,25,45,30,185,47,5
22,09,2022,17,25,46,30,185,5,6
22,09,2022,17,25,52,26,178,0,0
22,09,2022,17,25,52,27,148,0,0
22,09,2022,17,25,55,31,149,48,5
22,09,2022,17,25,55,42,185,48,5
22,09,2022,17,25,57,33,171,48,5
22,09,2022,17,25,58,33,171,0,5
22,09,2022,17,26,00,29,190,0,5
22,09,2022,17,26,02,28,164,0,5
22,09,2022,17,26,02,28,164,0,0
22,09,2022,17,26,03,28,133,0,0
22,09,2022,17,26,04,28,133,12,0
22,09,2022,17,26,05,46,179,12,0
22,09,2022,17,26,06,46,179,17,5
22,09,2022,17,26,07,46,173,0,5
22,09,2022,17,26,08,33,168,0,5
22,09,2022,17,26,13,29,135,0,4
22,09,2022,17,26,13,29,135,0,0
22,09,2022,17,26,14,40,133,0,0
22,09,2022,17,26,15,40,133,36,0
22,09,2022,17,26,15,33,168,36,0
22,09,2022,17,26,16,33,168,0,5
22,09,2022,17,26,22,32,163,0,0
22,09,2022,17,26,23,32,128,0,0
22,09,2022,17,26,24,32,128,14,0
22,09,2022,17,26,25,50,128,14,0
22,09,2022,17,26,26,50,128,33,4
22,09,2022,17,26,26,37,163,33,4
22,09,2022,17,26,27,37,163,0,5
22,09,2022,17,26,32,30,129,0,4
22,09,2022,17,26,33,30,129,0,0
22,09,2022,17,26,35,39,126,44,5
22,09,2022,17,26,35,42,174,44,5
22,09,2022,17,26,36,42,174,0,5
22,09,2022,17,26,37,21,162,0,5
22,09,2022,17,26,42,20,161,0,0
22,09,2022,17,26,43,20,137,0,0
22,09,2022,17,26,44,20,137,14,0
22,09,2022,17,26,45,45,158,14,0
22,09,2022,17,26,45,45,158,26,6
22,09,2022,17,26,46,33,164,26,6
22,09,2022,17,26,47,33,164,0,5
22,09,2022,17,26,48,21,171,0,5
22,09,2022,17,26,51,20,157,0,4
22,09,2022,17,26,52,20,136,0,5
22,09,2022,17,26,53,20,136,0,0
22,09,2022,17,26,55,30,134,45,5
22,09,2022,17,26,56,42,161,45,5
22,09,2022,17,26,56,42,161,8,5
22,09,2022,17,26,57,27,161,8,5
22,09,2022,17,27,02,26,153,0,0
22,09,2022,17,27,03,26,127,0,0
22,09,2022,17,27,04,26,127,16,0
22,09,2022,17,27,05,44,170,16,0
22,09,2022,17,27,05,44,170,26,5
22,09,2022,17,27,07,35,166,0,5
22,09,2022,17,27,09,29,154,0,5
22,09,2022,17,27,12,29,153,0,0
22,09,2022,17,27,12,0,124,0,0
22,09,2022,17,27,14,42,124,0,0
22,09,2022,17,27,15,42,124,37,4
22,09,2022,17,27,15,42,154,37,4
22,09,2022,17,27,16,42,154,0,5
22,09,2022,17,27,17,22,162,0,5
22,09,2022,17,27,22,21,151,0,5
22,09,2022,17,27,22,21,151,0,0
22,09,2022,17,27,23,21,118,0,0
22,09,2022,17,27,25,41,164,4,0
22,09,2022,17,27,25,41,164,19,0
22,09,2022,17,27,27,38,164,19,5
22,09,2022,17,27,28,34,160,0,5
22,09,2022,17,27,31,33,171,0,6
22,09,2022,17,27,32,33,135,0,5
22,09,2022,17,27,33,33,135,0,0
22,09,2022,17,27,35,41,139,47,5
22,09,2022,17,27,35,36,170,47,5
22,09,2022,17,27,36,36,170,8,5
22,09,2022,17,27,41,30,145,0,6
22,09,2022,17,27,42,30,145,0,0
22,09,2022,17,27,44,30,136,17,0
22,09,2022,17,27,45,42,177,17,0
22,09,2022,17,27,45,42,177,24,5
22,09,2022,17,27,46,30,166,24,5
22,09,2022,17,27,47,30,166,0,5
22,09,2022,17,27,51,22,177,0,5
22,09,2022,17,27,52,23,137,0,4
22,09,2022,17,27,53,23,137,0,0
22,09,2022,17,27,55,23,133,48,6
22,09,2022,17,27,55,44,166,48,6
22,09,2022,17,27,56,44,166,6,6
22,09,2022,17,27,57,31,179,6,6
22,09,2022,17,28,00,31,154,0,4
22,09,2022,17,28,02,30,161,0,0
22,09,2022,17,28,03,31,140,0,0
22,09,2022,17,28,05,31,156,0,0
22,09,2022,17,28,05,31,156,23,4
22,09,2022,17,28,08,25,151,0,5
22,09,2022,17,28,09,24,165,0,5
22,09,2022,17,28,11,24,150,0,5
22,09,2022,17,28,12,24,130,0,4
22,09,2022,17,28,13,24,130,0,0
22,09,2022,17,28,14,24,119,0,0
22,09,2022,17,28,15,24,119,47,5
22,09,2022,17,28,15,44,152,47,5
22,09,2022,17,28,16,44,152,10,5
22,09,2022,17,28,18,36,163,0,5
22,09,2022,17,28,21,35,152,0,4
22,09,2022,17,28,22,35,152,0,0
22,09,2022,17,28,23,35,122,0,0
22,09,2022,17,28,25,44,157,0,0
22,09,2022,17,28,25,44,157,36,0
22,09,2022,17,28,27,39,166,6,5
22,09,2022,17,28,29,35,148,0,5
22,09,2022,17,28,31,34,163,0,5
22,09,2022,17,28,32,35,128,0,5
22,09,2022,17,28,33,35,128,0,0
22,09,2022,17,28,34,34,123,49,5
22,09,2022,17,28,35,38,148,49,5
22,09,2022,17,28,36,38,148,8,5
22,09,2022,17,28,37,29,165,8,5
22,09,2022,17,28,41,26,152,0,4
22,09,2022,17,28,42,26,152,0,0
22,09,2022,17,28,43,26,124,0,0
22,09,2022,17,28,45,45,163,0,0
22,09,2022,17,28,45,45,163,32,5
22,09,2022,17,28,46,30,151,32,5
22,09,2022,17,28,47,30,151,6,5
22,09,2022,17,28,51,20,166,0,6
22,09,2022,17,28,52,20,139,0,5
22,09,2022,17,28,53,20,139,0,0
22,09,2022,17,28,54,20,126,0,0
22,09,2022,17,28,54,20,126,46,0
22,09,2022,17,28,55,38,155,46,0
22,09,2022,17,28,56,38,155,9,5
22,09,2022,17,29,01,27,161,0,5
22,09,2022,17,29,02,27,161,0,0
22,09,2022,17,29,03,27,123,0,0
22,09,2022,17,29,05,46,161,0,0
22,09,2022,17,29,05,46,161,35,0
22,09,2022,17,29,06,30,159,35,0
22,09,2022,17,29,07,30,159,0,5
22,09,2022,17,29,12,20,128,0,5
22,09,2022,17,29,13,20,128,0,0
22,09,2022,17,29,14,21,122,48,6
22,09,2022,17,29,15,40,151,48,6
22,09,2022,17,29,16,40,151,9,6
22,09,2022,17,29,17,22,158,9,6
22,09,2022,17,29,20,21,141,0,5
22,09,2022,17,29,21,20,153,0,5
22,09,2022,17,29,22,20,153,0,0
22,09,2022,17,29,23,20,126,0,0
22,09,2022,17,29,24,40,159,0,0
22,09,2022,17,29,25,40,159,22,0
22,09,2022,17,29,27,39,160,9,5
22,09,2022,17,29,29,31,171,0,5
22,09,2022,17,29,32,30,145,0,5
22,09,2022,17,29,33,30,145,0,0
22,09,2022,17,29,34,30,138,48,5
22,09,2022,17,29,35,40,181,48,5
22,09,2022,17,29,36,40,181,5,5
22,09,2022,17,29,41,28,181,0,4
22,09,2022,17,29,42,28,181,0,0
22,09,2022,17,29,43,28,144,0,0
22,09,2022,17,29,44,44,183,0,0
22,09,2022,17,29,45,44,183,31,5
22,09,2022,17,29,47,44,173,0,4
22,09,2022,17,29,47,32,172,0,4
22,09,2022,17,29,53,28,170,0,0
22,09,2022,17,29,54,27,170,49,5
22,09,2022,17,29,55,38,165,49,5
22,09,2022,17,29,56,38,165,9,4
22,09,2022,17,29,57,23,158,9,4
22,09,2022,17,30,00,20,177,0,5
22,09,2022,17,30,01,20,157,0,5
22,09,2022,17,30,03,20,118,0,5
22,09,2022,17,30,04,20,118,0,0
22,09,2022,17,30,04,40,118,0,0
22,09,2022,17,30,05,40,118,21,0
22,09,2022,17,30,06,38,166,21,0
22,09,2022,17,30,07,38,166,17,5
22,09,2022,17,30,08,37,156,0,5
22,09,2022,17,30,12,27,167,0,5
22,09,2022,17,30,13,27,167,0,0
22,09,2022,17,30,14,27,136,0,0
22,09,2022,17,30,14,27,136,46,6
22,09,2022,17,30,15,38,154,46,6
22,09,2022,17,30,17,40,161,7,5
22,09,2022,17,30,22,30,154,0,0
22,09,2022,17,30,23,29,119,0,0
22,09,2022,17,30,24,43,157,0,0
22,09,2022,17,30,25,43,157,39,5
22,09,2022,17,30,27,39,158,6,6
22,09,2022,17,30,30,28,157,0,5
22,09,2022,17,30,32,28,130,0,4
22,09,2022,17,30,33,28,130,0,0
22,09,2022,17,30,34,28,120,44,5
22,09,2022,17,30,35,41,158,44,5
22,09,2022,17,30,36,41,158,9,5
22,09,2022,17,30,37,29,149,9,5
22,09,2022,17,30,42,27,153,0,0
22,09,2022,17,30,43,26,121,0,0
22,09,2022,17,30,44,45,162,0,0
22,09,2022,17,30,45,45,162,36,6
22,09,2022,17,30,47,38,164,0,5
22,09,2022,17,30,49,29,142,0,5
22,09,2022,17,30,50,30,154,0,5
22,09,2022,17,30,53,28,152,0,0
22,09,2022,17,30,54,28,152,45,6
22,09,2022,17,30,55,44,158,45,6
22,09,2022,17,30,56,44,158,11,5
22,09,2022,17,30,57,37,158,0,5
22,09,2022,17,31,01,33,141,0,6
22,09,2022,17,31,02,33,141,0,0
22,09,2022,17,31,04,43,152,0,0
22,09,2022,17,31,05,43,152,37,5
22,09,2022,17,31,07,36,143,0,5
22,09,2022,17,31,07,21,153,0,5
22,09,2022,17,31,12,18,137,0,5
22,09,2022,17,31,13,18,137,0,0
22,09,2022,17,31,13,18,115,0,0
22,09,2022,17,31,14,18,115,33,4
22,09,2022,17,31,15,40,140,33,4
22,09,2022,17,31,17,24,148,25,5
22,09,2022,17,31,17,24,148,0,5
22,09,2022,17,31,20,21,164,0,5
22,09,2022,17,31,22,22,160,0,0
22,09,2022,17,31,23,21,125,0,0
22,09,2022,17,31,24,44,167,0,0
22,09,2022,17,31,25,44,167,34,5
22,09,2022,17,31,26,31,166,34,5
22,09,2022,17,31,26,31,166,0,5
22,09,2022,17,31,32,30,145,0,5
22,09,2022,17,31,33,30,145,0,0
22,09,2022,17,31,33,30,131,0,0
22,09,2022,17,31,34,30,131,46,3
22,09,2022,17,31,35,41,163,46,3
22,09,2022,17,31,36,41,163,20,6
22,09,2022,17,31,37,38,165,0,5
22,09,2022,17,31,42,34,161,0,0
22,09,2022,17,31,43,34,133,0,0
22,09,2022,17,31,44,44,172,0,0
22,09,2022,17,31,45,44,172,36,5
22,09,2022,17,31,46,32,158,36,5
22,09,2022,17,31,47,32,158,6,4
22,09,2022,17,31,52,24,143,0,5
22,09,2022,17,31,53,24,143,0,0
22,09,2022,17,31,53,25,112,0,0
22,09,2022,17,31,54,25,112,48,4
22,09,2022,17,31,55,36,152,48,4
22,09,2022,17,31,56,36,152,5,5
22,09,2022,17,31,58,33,140,0,5
22,09,2022,17,31,59,33,154,0,5
22,09,2022,17,32,03,33,121,0,4
22,09,2022,17,32,03,33,121,0,0
22,09,2022,17,32,04,43,163,0,0
22,09,2022,17,32,05,43,163,43,5
22,09,2022,17,32,06,38,154,8,5
22,09,2022,17,32,07,27,148,8,5
22,09,2022,17,32,12,24,123,0,5
22,09,2022,17,32,13,24,123,0,0
22,09,2022,17,32,14,24,116,45,4
22,09,2022,17,32,15,39,149,45,4
22,09,2022,17,32,16,39,149,10,6
22,09,2022,17,32,23,30,121,0,5
22,09,2022,17,32,23,30,121,0,0
22,09,2022,17,32,24,44,156,0,0
22,09,2022,17,32,25,44,156,0,4
22,09,2022,17,32,27,33,148,5,6
22,09,2022,17,32,33,31,145,0,0
22,09,2022,17,32,33,31,114,0,0
22,09,2022,17,32,35,43,155,6,0
22,09,2022,17,32,36,43,155,22,5
22,09,2022,17,32,37,35,150,0,4
22,09,2022,17,32,43,31,117,0,6
22,09,2022,17,32,43,31,117,0,0
22,09,2022,17,32,45,38,117,30,6
22,09,2022,17,32,46,36,143,30,6
22,09,2022,17,32,46,36,143,9,5
22,09,2022,17,32,47,23,152,9,5
22,09,2022,17,32,52,22,146,0,0
22,09,2022,17,32,53,22,121,0,0
22,09,2022,17,32,55,43,144,8,0
22,09,2022,17,32,56,43,144,33,0
22,09,2022,17,32,57,33,147,0,5
22,09,2022,17,33,01,29,136,0,5
22,09,2022,17,33,02,29,114,0,5
22,09,2022,17,33,03,29,114,0,0
22,09,2022,17,33,05,36,112,19,5
22,09,2022,17,33,06,33,143,19,5
22,09,2022,17,33,06,33,143,0,5
22,09,2022,17,33,10,31,119,0,3
22,09,2022,17,33,11,31,119,0,0
22,09,2022,17,33,15,32,153,2,0
22,09,2022,17,33,16,32,153,6,5
22,09,2022,17,33,19,26,150,0,0
22,09,2022,17,33,20,26,126,0,0
22,09,2022,17,33,25,33,130,0,6
22,09,2022,17,33,26,21,157,0,6
22,09,2022,17,33,28,21,157,0,0
22,09,2022,17,33,29,20,127,0,0
22,09,2022,17,33,35,30,161,0,0
22,09,2022,17,33,36,30,161,0,4
22,09,2022,17,33,38,22,140,0,5
22,09,2022,17,33,39,22,140,0,0
22,09,2022,17,33,39,22,129,0,0
22,09,2022,17,33,45,26,125,6,5
22,09,2022,17,33,45,24,170,6,5
22,09,2022,17,33,49,24,140,0,4
22,09,2022,17,33,49,24,140,0,0
22,09,2022,17,33,53,24,129,0,0
22,09,2022,17,33,55,34,167,0,0
22,09,2022,17,33,57,33,158,0,6
22,09,2022,17,33,58,33,127,0,6
22,09,2022,17,33,59,33,127,0,0
22,09,2022,17,34,05,38,121,7,5
22,09,2022,17,34,05,30,156,7,5
22,09,2022,17,34,09,30,127,0,4
22,09,2022,17,34,09,30,127,0,0
22,09,2022,17,34,15,25,165,0,0
22,09,2022,17,34,15,25,165,0,5
22,09,2022,17,34,18,22,131,0,4
22,09,2022,17,34,19,22,131,0,0
22,09,2022,17,34,19,22,117,0,0
22,09,2022,17,34,25,25,115,6,5
22,09,2022,17,34,25,26,148,6,5
22,09,2022,17,34,28,25,154,0,0
22,09,2022,17,34,29,25,118,0,0
22,09,2022,17,34,35,37,145,0,0
22,09,2022,17,34,35,37,145,0,6
22,09,2022,17,34,36,37,159,0,6
22,09,2022,17,34,38,32,127,0,5
22,09,2022,17,34,38,32,127,0,0
22,09,2022,17,34,41,32,115,0,0
22,09,2022,17,34,45,32,114,5,6
22,09,2022,17,34,45,25,154,5,6
22,09,2022,17,34,48,24,151,0,3
22,09,2022,17,34,49,24,126,0,3
22,09,2022,17,34,49,24,126,0,0
22,09,2022,17,34,55,24,153,0,0
22,09,2022,17,34,55,24,153,0,4
22,09,2022,17,34,58,19,136,0,6
22,09,2022,17,34,58,19,136,0,0
22,09,2022,17,34,59,17,108,0,0
22,09,2022,17,35,05,17,106,27,5
22,09,2022,17,35,05,39,149,27,5
22,09,2022,17,35,06,39,149,1,5
22,09,2022,17,35,08,32,125,0,5
22,09,2022,17,35,09,32,125,0,0
22,09,2022,17,35,15,35,152,0,0
22,09,2022,17,35,15,35,152,7,5
22,09,2022,17,35,18,29,146,8,0
22,09,2022,17,35,19,26,120,8,0
22,09,2022,17,35,25,0,117,0,0
22,09,2022,17,35,27,0,0,0,0
