05-08-2022 03:04:43	0.0000	151.9760	0.0000	35.4000	0	0	0	0
05-08-2022 03:05:00	150.0000	151.5750	40.0000	35.7720	76	-39	0	0
05-08-2022 03:05:00	150.0000	151.5750	40.0000	35.7720	76	-39	0	0
05-08-2022 03:05:00	150.0000	151.2760	40.0000	36.0700	76	-39	-106	-47
05-08-2022 03:05:00	150.0000	151.2760	40.0000	36.0700	76	-39	-106	-47
05-08-2022 03:05:01	150.0000	151.0040	40.0000	36.2860	76	-39	-106	-47
05-08-2022 03:05:01	150.0000	151.0040	40.0000	36.2860	76	-39	-106	-47
05-08-2022 03:05:01	150.0000	150.7240	40.0000	36.4810	64	-71	-106	-47
05-08-2022 03:05:01	150.0000	150.7240	40.0000	36.4810	64	-71	-106	-47
05-08-2022 03:05:02	150.0000	150.5990	40.0000	36.6780	64	-71	76	-92
05-08-2022 03:05:02	150.0000	150.5990	40.0000	36.6780	64	-71	76	-92
05-08-2022 03:05:02	150.0000	150.4580	40.0000	36.8730	64	-71	76	-92
05-08-2022 03:05:02	150.0000	150.4580	40.0000	36.8730	64	-71	76	-92
05-08-2022 03:05:03	150.0000	150.3390	40.0000	37.0700	44	-71	76	-92
05-08-2022 03:05:04	150.0000	150.3390	40.0000	37.0700	44	-71	49	60
05-08-2022 03:05:04	150.0000	150.3390	40.0000	37.0700	44	-71	49	60
05-08-2022 03:05:04	150.5000	150.0810	40.1000	37.3050	37	-109	49	60
05-08-2022 03:05:04	150.5000	150.0810	40.1000	37.3050	37	-109	49	60
05-08-2022 03:05:05	150.5000	150.1760	40.1000	37.3730	37	-109	49	60
05-08-2022 03:05:05	150.5000	150.1760	40.1000	37.3730	37	-109	54	60
05-08-2022 03:05:05	150.5000	150.3010	40.1000	37.4430	37	-109	54	60
05-08-2022 03:05:05	150.5000	150.3010	40.1000	37.4430	37	-109	54	60
05-08-2022 03:05:06	150.5000	150.3630	40.1000	37.5150	38	-108	54	60
05-08-2022 03:05:06	150.5000	150.3630	40.1000	37.5150	38	-108	54	60
05-08-2022 03:05:06	150.5000	150.4180	40.1000	37.5900	38	-108	54	60
05-08-2022 03:05:06	150.5000	150.4180	40.1000	37.5900	38	-108	31	59
05-08-2022 03:05:07	150.5000	150.4800	40.1000	37.6630	38	-108	31	59
05-08-2022 03:05:07	150.5000	150.4800	40.1000	37.6630	38	-108	31	59
05-08-2022 03:05:07	150.5000	150.5230	40.1000	37.7290	27	-116	31	59
05-08-2022 03:05:07	150.5000	150.5230	40.1000	37.7290	27	-116	31	59
05-08-2022 03:05:08	150.5000	150.5230	40.1000	37.8050	27	-116	31	59
05-08-2022 03:05:08	150.5000	150.5230	40.1000	37.8050	27	-116	0	61
05-08-2022 03:05:08	150.5000	150.5230	40.1000	37.8730	27	-116	0	61
05-08-2022 03:05:08	150.5000	150.5230	40.1000	37.8730	27	-116	0	61
05-08-2022 03:05:09	150.5000	150.5220	40.1000	37.9100	25	126	0	61
05-08-2022 03:05:09	150.5000	150.5220	40.1000	37.9100	25	126	0	61
05-08-2022 03:05:09	150.5000	150.5280	40.1000	38.0160	25	126	0	61
05-08-2022 03:05:09	150.5000	150.5280	40.1000	38.0160	25	126	0	61
05-08-2022 03:05:10	150.5000	150.5280	40.1000	38.0870	25	126	0	60
05-08-2022 03:05:10	150.5000	150.5280	40.1000	38.0870	25	126	0	60
05-08-2022 03:05:10	150.5000	150.5260	40.1000	38.1230	24	125	0	60
05-08-2022 03:05:10	150.5000	150.5260	40.1000	38.1230	24	125	0	60
05-08-2022 03:05:11	150.5000	150.5260	40.1000	38.1790	24	125	0	60
05-08-2022 03:05:11	150.5000	150.5260	40.1000	38.1790	24	125	0	28
05-08-2022 03:05:11	150.5000	150.5260	40.1000	38.2180	24	125	0	28
05-08-2022 03:05:11	150.5000	150.5260	40.1000	38.2180	24	125	0	28
05-08-2022 03:05:12	150.5000	150.5290	40.1000	38.2510	25	126	0	28
05-08-2022 03:05:12	150.5000	150.5290	40.1000	38.2510	25	126	0	28
05-08-2022 03:05:12	150.5000	150.5290	40.1000	38.2510	25	126	0	28
05-08-2022 03:05:12	150.5000	150.5290	40.1000	38.2510	25	126	0	29
05-08-2022 03:05:13	150.5000	150.5290	40.1000	38.3240	25	126	0	29
05-08-2022 03:05:13	150.5000	150.5290	40.1000	38.3240	25	126	0	29
05-08-2022 03:05:13	150.5000	150.5290	40.1000	38.3550	25	-123	0	29
05-08-2022 03:05:13	150.5000	150.5290	40.1000	38.3550	25	-123	0	29
05-08-2022 03:05:14	151.0000	150.5280	40.2000	38.3760	25	-123	0	29
05-08-2022 03:05:14	151.0000	150.5280	40.2000	38.3760	25	-123	9	28
05-08-2022 03:05:14	151.0000	150.5450	40.2000	38.4270	25	-123	9	28
05-08-2022 03:05:14	151.0000	150.5450	40.2000	38.4270	25	-123	9	28
05-08-2022 03:05:15	151.0000	150.5880	40.2000	38.4650	43	-124	9	28
05-08-2022 03:05:15	151.0000	150.5880	40.2000	38.4650	43	-124	9	28
05-08-2022 03:05:15	151.0000	150.6210	40.2000	38.4990	43	-124	9	28
05-08-2022 03:05:16	151.0000	150.6210	40.2000	38.4990	43	-124	54	30
05-08-2022 03:05:16	151.0000	150.6320	40.2000	38.5360	43	-124	54	30
05-08-2022 03:05:16	151.0000	150.6320	40.2000	38.5360	43	-124	54	30
05-08-2022 03:05:16	151.0000	150.6310	40.2000	38.5680	44	-121	54	30
05-08-2022 03:05:16	151.0000	150.6310	40.2000	38.5680	44	-121	54	30
05-08-2022 03:05:17	151.0000	150.6320	40.2000	38.6040	44	-121	54	30
05-08-2022 03:05:17	151.0000	150.6320	40.2000	38.6040	44	-121	53	29
05-08-2022 03:05:17	151.0000	150.6370	40.2000	38.6410	44	-121	53	29
05-08-2022 03:05:18	151.0000	150.6370	40.2000	38.6410	44	-121	53	29
05-08-2022 03:05:18	151.0000	150.7030	40.2000	38.6750	44	-128	53	29
05-08-2022 03:05:18	151.0000	150.7030	40.2000	38.6750	44	-128	53	29
05-08-2022 03:05:18	151.0000	150.8020	40.2000	38.7120	44	-128	53	29
05-08-2022 03:05:19	151.0000	150.8020	40.2000	38.7120	44	-128	43	29
05-08-2022 03:05:19	151.0000	150.8750	40.2000	38.7450	44	-128	43	29
05-08-2022 03:05:19	151.0000	150.8750	40.2000	38.7450	44	-128	43	29
05-08-2022 03:05:19	151.0000	150.9120	40.2000	38.7630	38	-125	43	29
05-08-2022 03:05:20	151.0000	150.9120	40.2000	38.7630	38	-125	43	29
05-08-2022 03:05:20	151.0000	150.9660	40.2000	38.8000	38	-125	43	29
05-08-2022 03:05:20	151.0000	150.9660	40.2000	38.8000	38	-125	43	29
05-08-2022 03:05:20	151.0000	151.0040	40.2000	38.8550	38	-125	9	29
05-08-2022 03:05:21	151.0000	151.0040	40.2000	38.8550	38	-125	9	29
05-08-2022 03:05:21	151.0000	151.0060	40.2000	38.8700	15	-127	9	29
05-08-2022 03:05:21	151.0000	151.0060	40.2000	38.8700	15	-127	9	29
05-08-2022 03:05:21	151.0000	151.0060	40.2000	38.9060	15	-127	9	29
05-08-2022 03:05:22	151.0000	151.0060	40.2000	38.9060	15	-127	9	29
05-08-2022 03:05:22	151.0000	151.0290	40.2000	38.9580	15	-127	0	30
05-08-2022 03:05:22	151.0000	151.0290	40.2000	38.9580	15	-127	0	30
05-08-2022 03:05:22	151.0000	151.0330	40.2000	38.9770	14	119	0	30
05-08-2022 03:05:23	151.0000	151.0330	40.2000	38.9770	14	119	0	30
05-08-2022 03:05:23	151.0000	151.0540	40.2000	39.0130	14	119	0	30
05-08-2022 03:05:23	151.0000	151.0540	40.2000	39.0130	14	119	0	30
05-08-2022 03:05:23	151.0000	151.1030	40.2000	39.0640	14	119	0	29
05-08-2022 03:05:24	151.0000	151.1030	40.2000	39.0640	14	119	0	29
05-08-2022 03:05:24	151.5000	151.1520	40.3000	39.0840	33	114	0	29
05-08-2022 03:05:24	151.5000	151.1520	40.3000	39.0840	33	114	0	29
05-08-2022 03:05:24	151.5000	151.3530	40.3000	39.1170	33	114	0	29
05-08-2022 03:05:25	151.5000	151.3530	40.3000	39.1170	33	114	0	29
05-08-2022 03:05:25	151.5000	151.6920	40.3000	39.1520	33	114	28	30
05-08-2022 03:05:25	151.5000	151.6920	40.3000	39.1520	33	114	28	30
05-08-2022 03:05:25	151.5000	151.8060	40.3000	39.1900	21	115	28	30
05-08-2022 03:05:26	151.5000	151.8060	40.3000	39.1900	21	115	28	30
05-08-2022 03:05:26	151.5000	151.8130	40.3000	39.2250	21	115	28	30
05-08-2022 03:05:26	151.5000	151.8130	40.3000	39.2250	21	115	28	30
05-08-2022 03:05:27	151.5000	151.8200	40.3000	39.2600	21	115	0	29
05-08-2022 03:05:27	151.5000	151.8200	40.3000	39.2600	21	115	0	29
05-08-2022 03:05:27	151.5000	151.8170	40.3000	39.2930	21	108	0	29
05-08-2022 03:05:27	151.5000	151.8170	40.3000	39.2930	21	108	0	29
05-08-2022 03:05:27	151.5000	151.8140	40.3000	39.3230	21	108	0	29
05-08-2022 03:05:28	151.5000	151.8140	40.3000	39.3230	21	108	0	29
05-08-2022 03:05:28	151.5000	151.8130	40.3000	39.3490	21	108	0	29
05-08-2022 03:05:28	151.5000	151.8130	40.3000	39.3490	21	108	0	29
05-08-2022 03:05:29	151.5000	151.8130	40.3000	39.3670	21	111	0	29
05-08-2022 03:05:29	151.5000	151.8130	40.3000	39.3670	21	111	0	29
05-08-2022 03:05:29	151.5000	151.8120	40.3000	39.3990	21	111	0	29
05-08-2022 03:05:29	151.5000	151.8120	40.3000	39.3990	21	111	0	29
05-08-2022 03:05:30	151.5000	151.8120	40.3000	39.4100	21	111	0	17
05-08-2022 03:05:30	151.5000	151.8120	40.3000	39.4100	21	111	0	17
05-08-2022 03:05:30	151.5000	151.8130	40.3000	39.4320	21	111	0	17
05-08-2022 03:05:30	151.5000	151.8130	40.3000	39.4320	21	111	0	17
05-08-2022 03:05:31	151.5000	151.8120	40.3000	39.3750	21	111	0	17
05-08-2022 03:05:31	151.5000	151.8120	40.3000	39.3750	21	111	0	17
05-08-2022 03:05:31	151.5000	151.8120	40.3000	39.4830	21	111	0	17
05-08-2022 03:05:31	151.5000	151.8120	40.3000	39.4830	21	111	0	17
05-08-2022 03:05:32	151.5000	151.7970	40.3000	39.5050	21	121	0	17
05-08-2022 03:05:32	151.5000	151.7970	40.3000	39.5050	21	121	0	17
05-08-2022 03:05:32	151.5000	151.7950	40.3000	39.5270	21	121	0	17
05-08-2022 03:05:32	151.5000	151.7950	40.3000	39.5270	21	121	0	17
05-08-2022 03:05:33	151.5000	151.7970	40.3000	39.5460	21	121	0	17
05-08-2022 03:05:33	151.5000	151.7970	40.3000	39.5460	21	121	0	17
05-08-2022 03:05:33	151.5000	151.8080	40.3000	39.5680	21	123	0	17
05-08-2022 03:05:33	151.5000	151.8080	40.3000	39.5680	21	123	0	17
05-08-2022 03:05:34	152.0000	151.8080	40.4000	39.5870	21	123	0	17
05-08-2022 03:05:34	152.0000	151.8080	40.4000	39.5870	21	123	0	16
05-08-2022 03:05:34	152.0000	151.8060	40.4000	39.6080	21	123	0	16
05-08-2022 03:05:34	152.0000	151.8060	40.4000	39.6080	21	123	0	16
05-08-2022 03:05:35	152.0000	151.8060	40.4000	39.6280	40	122	0	16
05-08-2022 03:05:35	152.0000	151.8060	40.4000	39.6280	40	122	0	16
05-08-2022 03:05:35	152.0000	151.8060	40.4000	39.6280	40	122	0	16
05-08-2022 03:05:35	152.0000	151.8060	40.4000	39.6280	40	122	37	16
05-08-2022 03:05:36	152.0000	151.7860	40.4000	39.6690	40	122	37	16
05-08-2022 03:05:36	152.0000	151.7860	40.4000	39.6690	40	122	37	16
05-08-2022 03:05:36	152.0000	151.7860	40.4000	39.6960	42	121	37	16
05-08-2022 03:05:36	152.0000	151.7860	40.4000	39.6960	42	121	37	16
05-08-2022 03:05:37	152.0000	151.7900	40.4000	39.7130	42	121	37	16
05-08-2022 03:05:37	152.0000	151.7900	40.4000	39.7130	42	121	48	17
05-08-2022 03:05:37	152.0000	151.7980	40.4000	39.7340	42	121	48	17
05-08-2022 03:05:38	152.0000	151.7980	40.4000	39.7340	42	121	48	17
05-08-2022 03:05:38	152.0000	151.8140	40.4000	39.7550	41	127	48	17
05-08-2022 03:05:38	152.0000	151.8140	40.4000	39.7550	41	127	48	17
05-08-2022 03:05:38	152.0000	151.8730	40.4000	39.7770	41	127	48	17
05-08-2022 03:05:39	152.0000	151.8730	40.4000	39.7770	41	127	35	17
05-08-2022 03:05:39	152.0000	151.9450	40.4000	39.7990	41	127	35	17
05-08-2022 03:05:39	152.0000	151.9450	40.4000	39.7990	41	127	35	17
05-08-2022 03:05:39	152.0000	151.9890	40.4000	39.8180	31	126	35	17
05-08-2022 03:05:40	152.0000	151.9890	40.4000	39.8180	31	126	35	17
05-08-2022 03:05:40	152.0000	152.0000	40.4000	39.8380	31	126	35	17
05-08-2022 03:05:40	152.0000	152.0000	40.4000	39.8380	31	126	35	17
05-08-2022 03:05:40	152.0000	152.0040	40.4000	39.8620	31	126	35	17
05-08-2022 03:05:41	152.0000	152.0040	40.4000	39.8620	31	126	35	17
05-08-2022 03:05:41	152.0000	152.0110	40.4000	39.8710	18	124	35	17
05-08-2022 03:05:41	152.0000	152.0110	40.4000	39.8710	18	124	35	17
05-08-2022 03:05:41	152.0000	152.0440	40.4000	39.8950	18	124	35	17
05-08-2022 03:05:42	152.0000	152.0440	40.4000	39.8950	18	124	35	17
05-08-2022 03:05:42	152.0000	152.0600	40.4000	39.9150	18	124	0	14
05-08-2022 03:05:42	152.0000	152.0600	40.4000	39.9150	18	124	0	14
05-08-2022 03:05:42	152.0000	152.0620	40.4000	39.9150	18	114	0	14
05-08-2022 03:05:43	152.0000	152.0620	40.4000	39.9150	18	114	0	14
05-08-2022 03:05:43	152.0000	152.0600	40.4000	39.9250	18	114	0	14
05-08-2022 03:05:43	152.0000	152.0600	40.4000	39.9250	18	114	0	5
05-08-2022 03:05:43	152.0000	152.0620	40.4000	39.9370	18	114	0	5
05-08-2022 03:05:44	152.0000	152.0620	40.4000	39.9370	18	114	0	5
05-08-2022 03:05:44	152.5000	152.0620	40.5000	39.9390	18	114	0	5
05-08-2022 03:05:44	152.5000	152.0620	40.5000	39.9390	18	114	0	5
05-08-2022 03:05:44	152.5000	152.0660	40.5000	39.9500	18	114	0	5
05-08-2022 03:05:45	152.5000	152.0660	40.5000	39.9500	18	114	0	5
05-08-2022 03:05:45	152.5000	152.2130	40.5000	39.9800	18	114	55	17
05-08-2022 03:05:45	152.5000	152.2130	40.5000	39.9800	18	114	55	17
05-08-2022 03:05:45	152.5000	152.2540	40.5000	39.9910	40	117	55	17
05-08-2022 03:05:46	152.5000	152.2540	40.5000	39.9910	40	117	55	17
05-08-2022 03:05:46	152.5000	152.3460	40.5000	40.0070	40	117	55	17
05-08-2022 03:05:46	152.5000	152.3460	40.5000	40.0070	40	117	55	17
05-08-2022 03:05:47	152.5000	152.4560	40.5000	40.0200	40	117	37	5
05-08-2022 03:05:47	152.5000	152.4560	40.5000	40.0200	40	117	37	5
05-08-2022 03:05:47	152.5000	152.4780	40.5000	40.0200	22	109	37	5
05-08-2022 03:05:47	152.5000	152.4780	40.5000	40.0200	22	109	37	5
05-08-2022 03:05:47	152.5000	152.4900	40.5000	40.0310	22	109	37	5
05-08-2022 03:05:48	152.5000	152.4900	40.5000	40.0310	22	109	37	5
05-08-2022 03:05:48	152.5000	152.4980	40.5000	40.0370	22	109	0	4
05-08-2022 03:05:48	152.5000	152.4980	40.5000	40.0370	22	109	0	4
05-08-2022 03:05:49	152.5000	152.5000	40.5000	40.0470	8	110	0	4
05-08-2022 03:05:49	152.5000	152.5000	40.5000	40.0470	8	110	0	4
05-08-2022 03:05:49	152.5000	152.5000	40.5000	40.0500	8	110	0	4
05-08-2022 03:05:49	152.5000	152.5000	40.5000	40.0500	8	110	0	4
05-08-2022 03:05:50	152.5000	152.5000	40.5000	40.0620	8	110	0	5
05-08-2022 03:05:50	152.5000	152.5000	40.5000	40.0620	8	110	0	5
05-08-2022 03:05:50	152.5000	152.4980	40.5000	40.0650	8	106	0	5
05-08-2022 03:05:50	152.5000	152.4980	40.5000	40.0650	8	106	0	5
05-08-2022 03:05:51	152.5000	152.4980	40.5000	40.0730	8	106	0	5
05-08-2022 03:05:51	152.5000	152.4980	40.5000	40.0730	8	106	0	5
05-08-2022 03:05:51	152.5000	152.5000	40.5000	40.0840	8	106	0	5
05-08-2022 03:05:51	152.5000	152.5000	40.5000	40.0840	8	106	0	5
05-08-2022 03:05:52	152.5000	152.5000	40.5000	40.0870	8	106	0	5
05-08-2022 03:05:52	152.5000	152.5000	40.5000	40.0870	8	106	0	5
05-08-2022 03:05:52	152.5000	152.4980	40.5000	40.0910	8	106	0	5
05-08-2022 03:05:52	152.5000	152.4980	40.5000	40.0910	8	106	0	5
05-08-2022 03:05:53	152.5000	152.5000	40.5000	40.1020	8	106	0	5
05-08-2022 03:05:53	152.5000	152.5000	40.5000	40.1020	8	106	0	5
05-08-2022 03:05:53	152.5000	152.4980	40.5000	40.1120	8	111	0	5
05-08-2022 03:05:53	152.5000	152.4980	40.5000	40.1120	8	111	0	5
05-08-2022 03:05:54	153.0000	152.5000	40.6000	40.1190	8	111	0	5
05-08-2022 03:05:54	153.0000	152.5000	40.6000	40.1190	8	111	0	4
05-08-2022 03:05:54	153.0000	152.5490	40.6000	40.1250	8	111	0	4
05-08-2022 03:05:54	153.0000	152.5490	40.6000	40.1250	8	111	0	4
05-08-2022 03:05:55	153.0000	152.6970	40.6000	40.1340	43	102	0	4
05-08-2022 03:05:55	153.0000	152.6970	40.6000	40.1340	43	102	0	4
05-08-2022 03:05:55	153.0000	152.7800	40.6000	40.1390	43	102	0	4
05-08-2022 03:05:55	153.0000	152.7800	40.6000	40.1390	43	102	49	6
05-08-2022 03:05:56	153.0000	152.8790	40.6000	40.1470	43	102	49	6
05-08-2022 03:05:56	153.0000	152.8790	40.6000	40.1470	43	102	49	6
05-08-2022 03:05:56	153.0000	152.9500	40.6000	40.1530	34	101	49	6
05-08-2022 03:05:57	153.0000	152.9500	40.6000	40.1530	34	101	49	6
05-08-2022 03:05:57	153.0000	152.9950	40.6000	40.1620	34	101	49	6
05-08-2022 03:05:57	153.0000	152.9950	40.6000	40.1620	34	101	6	6
05-08-2022 03:05:57	153.0000	153.0090	40.6000	40.1680	34	101	6	6
05-08-2022 03:05:58	153.0000	153.0090	40.6000	40.1680	34	101	6	6
05-08-2022 03:05:58	153.0000	153.0160	40.6000	40.1720	31	101	6	6
05-08-2022 03:05:58	153.0000	153.0160	40.6000	40.1720	31	101	6	6
05-08-2022 03:05:58	153.0000	153.0230	40.6000	40.1790	31	101	0	5
05-08-2022 03:05:59	153.0000	153.0260	40.6000	40.1900	31	101	0	5
05-08-2022 03:05:59	153.0000	153.0260	40.6000	40.1900	31	101	0	5
05-08-2022 03:05:59	153.0000	153.0390	40.6000	40.1910	30	105	0	5
05-08-2022 03:06:00	153.0000	153.0390	40.6000	40.1910	30	105	0	5
05-08-2022 03:06:00	153.0000	153.0720	40.6000	40.2020	30	105	0	5
05-08-2022 03:06:00	153.0000	153.0720	40.6000	40.2020	30	105	0	4
05-08-2022 03:06:00	153.0000	153.1220	40.6000	40.2110	30	105	0	4
05-08-2022 03:06:00	153.0000	153.1220	40.6000	40.2110	30	105	0	4
05-08-2022 03:06:01	153.0000	153.1520	40.6000	40.2170	30	101	0	4
05-08-2022 03:06:01	153.0000	153.1520	40.6000	40.2170	30	101	0	4
05-08-2022 03:06:01	153.0000	153.1530	40.6000	40.2210	30	101	0	4
05-08-2022 03:06:02	153.0000	153.1530	40.6000	40.2210	30	101	0	5
05-08-2022 03:06:02	153.0000	153.1550	40.6000	40.2270	30	101	0	5
05-08-2022 03:06:02	153.0000	153.1550	40.6000	40.2270	30	101	0	5
05-08-2022 03:06:02	153.0000	153.1570	40.6000	40.2380	30	97	0	5
05-08-2022 03:06:03	153.0000	153.1570	40.6000	40.2380	30	97	0	5
05-08-2022 03:06:03	153.0000	153.1570	40.6000	40.2450	30	97	0	5
05-08-2022 03:06:03	153.0000	153.1570	40.6000	40.2450	30	97	0	5
05-08-2022 03:06:03	153.0000	153.1590	40.6000	40.2500	30	97	0	5
05-08-2022 03:06:04	153.0000	153.1590	40.6000	40.2500	30	97	0	5
05-08-2022 03:06:04	153.5000	153.1570	40.7000	40.2570	30	97	0	5
05-08-2022 03:06:04	153.5000	153.1570	40.7000	40.2570	30	97	0	5
05-08-2022 03:06:04	153.5000	153.1570	40.7000	40.2630	30	97	0	5
05-08-2022 03:06:05	153.5000	153.1570	40.7000	40.2630	30	97	52	5
05-08-2022 03:06:05	153.5000	153.1570	40.7000	40.2680	30	97	52	5
05-08-2022 03:06:05	153.5000	153.1570	40.7000	40.2680	30	97	52	5
05-08-2022 03:06:05	153.5000	153.2780	40.7000	40.2780	44	108	52	5
05-08-2022 03:06:06	153.5000	153.2780	40.7000	40.2780	44	108	52	5
05-08-2022 03:06:06	153.5000	153.3290	40.7000	40.2830	44	108	52	5
05-08-2022 03:06:06	153.5000	153.3290	40.7000	40.2830	44	108	34	5
05-08-2022 03:06:06	153.5000	153.4060	40.7000	40.2890	44	108	34	5
05-08-2022 03:06:07	153.5000	153.4060	40.7000	40.2890	44	108	34	5
05-08-2022 03:06:07	153.5000	153.4710	40.7000	40.3000	32	96	34	5
05-08-2022 03:06:07	153.5000	153.4710	40.7000	40.3000	32	96	34	5
05-08-2022 03:06:07	153.5000	153.5160	40.7000	40.3040	32	96	34	5
05-08-2022 03:06:08	153.5000	153.5160	40.7000	40.3040	32	96	34	5
05-08-2022 03:06:08	153.5000	153.5270	40.7000	40.3120	32	96	0	6
05-08-2022 03:06:08	153.5000	153.5270	40.7000	40.3120	32	96	0	6
05-08-2022 03:06:09	153.5000	153.5270	40.7000	40.3200	11	91	0	6
05-08-2022 03:06:09	153.5000	153.5270	40.7000	40.3200	11	91	0	6
05-08-2022 03:06:09	153.5000	153.5340	40.7000	40.3270	11	91	0	6
05-08-2022 03:06:09	153.5000	153.5340	40.7000	40.3270	11	91	0	5
05-08-2022 03:06:10	153.5000	153.5360	40.7000	40.3330	11	91	0	5
05-08-2022 03:06:10	153.5000	153.5360	40.7000	40.3330	11	91	0	5
05-08-2022 03:06:10	153.5000	153.5380	40.7000	40.3440	10	93	0	5
05-08-2022 03:06:10	153.5000	153.5380	40.7000	40.3440	10	93	0	5
05-08-2022 03:06:11	153.5000	153.5380	40.7000	40.3480	10	93	0	5
05-08-2022 03:06:11	153.5000	153.5380	40.7000	40.3480	10	93	0	5
05-08-2022 03:06:11	153.5000	153.5430	40.7000	40.3560	10	93	0	5
05-08-2022 03:06:11	153.5000	153.5430	40.7000	40.3560	10	93	0	5
05-08-2022 03:06:12	153.5000	153.5450	40.7000	40.3600	9	96	0	5
05-08-2022 03:06:12	153.5000	153.5450	40.7000	40.3600	9	96	0	5
05-08-2022 03:06:12	153.5000	153.5450	40.7000	40.3710	9	96	0	5
05-08-2022 03:06:12	153.5000	153.5450	40.7000	40.3710	9	96	0	5
05-08-2022 03:06:13	153.5000	153.5490	40.7000	40.3770	9	96	0	5
05-08-2022 03:06:13	153.5000	153.5490	40.7000	40.3770	9	96	0	5
05-08-2022 03:06:13	153.5000	153.5490	40.7000	40.3840	9	95	0	5
05-08-2022 03:06:13	153.5000	153.5490	40.7000	40.3840	9	95	0	5
05-08-2022 03:06:14	153.5000	153.5490	40.7000	40.3860	9	95	0	5
05-08-2022 03:06:14	153.5000	153.5490	40.7000	40.3860	9	95	0	5
05-08-2022 03:06:14	154.0000	153.5530	40.8000	40.3950	9	95	0	5
05-08-2022 03:06:14	154.0000	153.5530	40.8000	40.3950	9	95	0	5
05-08-2022 03:06:15	154.0000	153.5710	40.8000	40.4030	45	87	0	5
05-08-2022 03:06:15	154.0000	153.5710	40.8000	40.4030	45	87	0	5
05-08-2022 03:06:15	154.0000	153.6920	40.8000	40.4080	45	87	0	5
05-08-2022 03:06:15	154.0000	153.6920	40.8000	40.4080	45	87	0	5
05-08-2022 03:06:16	154.0000	153.7970	40.8000	40.4150	45	87	52	5
05-08-2022 03:06:16	154.0000	153.7970	40.8000	40.4150	45	87	52	5
05-08-2022 03:06:16	154.0000	153.9000	40.8000	40.4260	37	85	52	5
05-08-2022 03:06:16	154.0000	153.9000	40.8000	40.4260	37	85	52	5
05-08-2022 03:06:17	154.0000	153.9650	40.8000	40.4300	37	85	52	5
05-08-2022 03:06:17	154.0000	153.9650	40.8000	40.4300	37	85	52	5
05-08-2022 03:06:17	154.0000	153.9920	40.8000	40.4370	37	85	8	5
05-08-2022 03:06:17	154.0000	153.9920	40.8000	40.4370	37	85	8	5
05-08-2022 03:06:18	154.0000	154.0160	40.8000	40.4440	21	85	8	5
05-08-2022 03:06:18	154.0000	154.0160	40.8000	40.4440	21	85	8	5
05-08-2022 03:06:18	154.0000	154.0250	40.8000	40.4490	21	85	8	5
05-08-2022 03:06:18	154.0000	154.0250	40.8000	40.4490	21	85	8	5
05-08-2022 03:06:19	154.0000	154.0280	40.8000	40.4590	21	85	0	5
05-08-2022 03:06:19	154.0000	154.0280	40.8000	40.4590	21	85	0	5
05-08-2022 03:06:19	154.0000	154.0270	40.8000	40.4650	20	90	0	5
05-08-2022 03:06:19	154.0000	154.0270	40.8000	40.4650	20	90	0	5
05-08-2022 03:06:20	154.0000	154.0320	40.8000	40.4760	20	90	0	5
05-08-2022 03:06:20	154.0000	154.0320	40.8000	40.4760	20	90	0	5
05-08-2022 03:06:20	154.0000	154.0310	40.8000	40.4800	20	90	0	4
05-08-2022 03:06:20	154.0000	154.0310	40.8000	40.4800	20	90	0	4
05-08-2022 03:06:21	154.0000	154.0310	40.8000	40.4870	20	89	0	4
05-08-2022 03:06:21	154.0000	154.0310	40.8000	40.4870	20	89	0	4
05-08-2022 03:06:21	154.0000	154.0500	40.8000	40.4980	20	89	0	4
05-08-2022 03:06:21	154.0000	154.0500	40.8000	40.4980	20	89	0	4
05-08-2022 03:06:22	154.0000	154.0650	40.8000	40.4980	20	89	0	5
05-08-2022 03:06:22	154.0000	154.0650	40.8000	40.4980	20	89	0	5
05-08-2022 03:06:22	154.0000	154.0930	40.8000	40.5070	20	88	0	5
05-08-2022 03:06:23	154.0000	154.0930	40.8000	40.5070	20	88	0	5
05-08-2022 03:06:23	154.0000	154.1100	40.8000	40.5140	20	88	0	5
05-08-2022 03:06:23	154.0000	154.1100	40.8000	40.5140	20	88	0	5
05-08-2022 03:06:23	154.0000	154.1150	40.8000	40.5210	20	88	0	5
05-08-2022 03:06:24	154.0000	154.1150	40.8000	40.5210	20	88	0	5
05-08-2022 03:06:24	154.5000	154.1190	40.9000	40.5250	20	101	0	5
05-08-2022 03:06:24	154.5000	154.1190	40.9000	40.5250	20	101	0	5
05-08-2022 03:06:24	154.5000	154.1480	40.9000	40.5370	20	101	0	5
05-08-2022 03:06:25	154.5000	154.1480	40.9000	40.5370	20	101	0	5
05-08-2022 03:06:25	154.5000	154.1900	40.9000	40.5410	20	101	54	5
05-08-2022 03:06:25	154.5000	154.1900	40.9000	40.5410	20	101	54	5
05-08-2022 03:06:25	154.5000	154.4400	40.9000	40.5480	39	96	54	5
05-08-2022 03:06:26	154.5000	154.4400	40.9000	40.5480	39	96	54	5
05-08-2022 03:06:26	154.5000	154.9620	40.9000	40.5580	39	96	54	5
05-08-2022 03:06:26	154.5000	154.9620	40.9000	40.5580	39	96	54	5
05-08-2022 03:06:26	154.5000	154.9620	40.9000	40.5580	39	96	54	5
05-08-2022 03:06:26	154.5000	154.8880	40.9000	40.5620	39	96	0	5
05-08-2022 03:06:27	154.5000	154.8880	40.9000	40.5620	39	96	0	5
05-08-2022 03:06:27	154.5000	154.8880	40.9000	40.5700	24	89	0	5
05-08-2022 03:06:27	154.5000	154.8880	40.9000	40.5700	24	89	0	5
05-08-2022 03:06:27	154.5000	154.9060	40.9000	40.5740	24	89	0	5
05-08-2022 03:06:28	154.5000	154.9060	40.9000	40.5740	24	89	0	5
05-08-2022 03:06:28	154.5000	154.9400	40.9000	40.5850	24	89	0	5
05-08-2022 03:06:28	154.5000	154.9400	40.9000	40.5850	24	89	0	5
05-08-2022 03:06:28	154.5000	154.9430	40.9000	40.5910	24	92	0	5
05-08-2022 03:06:29	154.5000	154.9430	40.9000	40.5910	24	92	0	5
05-08-2022 03:06:29	154.5000	154.9620	40.9000	40.6020	24	92	0	5
05-08-2022 03:06:29	154.5000	154.9620	40.9000	40.6020	24	92	0	5
05-08-2022 03:06:30	154.5000	154.9830	40.9000	40.6070	24	92	0	5
05-08-2022 03:06:30	154.5000	154.9830	40.9000	40.6070	24	92	0	5
05-08-2022 03:06:30	154.5000	154.9940	40.9000	40.6120	24	97	0	5
05-08-2022 03:06:30	154.5000	154.9940	40.9000	40.6120	24	97	0	5
05-08-2022 03:06:31	154.5000	154.9980	40.9000	40.6240	24	97	0	5
05-08-2022 03:06:31	154.5000	154.9980	40.9000	40.6240	24	97	0	5
05-08-2022 03:06:31	154.5000	154.9990	40.9000	40.6290	24	97	0	5
05-08-2022 03:06:31	154.5000	154.9990	40.9000	40.6290	24	97	0	5
05-08-2022 03:06:32	154.5000	154.9980	40.9000	40.6360	24	100	0	5
05-08-2022 03:06:32	154.5000	154.9980	40.9000	40.6360	24	100	0	5
05-08-2022 03:06:32	154.5000	154.9990	40.9000	40.6420	24	100	0	5
05-08-2022 03:06:32	154.5000	154.9990	40.9000	40.6420	24	100	0	5
05-08-2022 03:06:33	154.5000	154.9980	40.9000	40.6500	24	100	0	5
05-08-2022 03:06:33	154.5000	154.9980	40.9000	40.6500	24	100	0	5
05-08-2022 03:06:33	154.5000	154.9980	40.9000	40.6550	24	96	0	5
05-08-2022 03:06:33	154.5000	154.9980	40.9000	40.6550	24	96	0	5
05-08-2022 03:06:34	155.0000	154.9990	41.0000	40.6620	24	96	0	5
05-08-2022 03:06:34	155.0000	154.9990	41.0000	40.6620	24	96	0	5
05-08-2022 03:06:34	155.0000	154.9980	41.0000	40.6680	24	96	0	5
05-08-2022 03:06:34	155.0000	154.9980	41.0000	40.6680	24	96	0	5
05-08-2022 03:06:35	155.0000	154.9990	41.0000	40.6770	24	96	0	5
05-08-2022 03:06:35	155.0000	154.9990	41.0000	40.6770	24	96	0	5
05-08-2022 03:06:35	155.0000	154.9990	41.0000	40.6840	24	96	0	5
05-08-2022 03:06:35	155.0000	154.9990	41.0000	40.6840	24	96	0	5
05-08-2022 03:06:36	155.0000	154.9990	41.0000	40.6910	24	96	0	5
05-08-2022 03:06:36	155.0000	154.9990	41.0000	40.6910	24	96	0	5
05-08-2022 03:06:36	155.0000	154.9980	41.0000	40.6970	24	101	0	5
05-08-2022 03:06:36	155.0000	154.9980	41.0000	40.6970	24	101	0	5
05-08-2022 03:06:37	155.0000	154.9990	41.0000	40.7050	24	101	0	5
05-08-2022 03:06:37	155.0000	154.9990	41.0000	40.7050	24	101	0	5
05-08-2022 03:06:37	155.0000	154.9990	41.0000	40.7120	24	101	0	5
05-08-2022 03:06:37	155.0000	154.9990	41.0000	40.7120	24	101	0	5
05-08-2022 03:06:38	155.0000	154.9980	41.0000	40.7160	24	101	0	5
05-08-2022 03:06:38	155.0000	154.9980	41.0000	40.7160	24	101	0	5
05-08-2022 03:06:38	155.0000	154.9980	41.0000	40.7240	24	101	0	5
05-08-2022 03:06:39	155.0000	154.9980	41.0000	40.7240	24	101	0	5
05-08-2022 03:06:39	155.0000	154.9990	41.0000	40.7340	24	101	0	5
05-08-2022 03:06:39	155.0000	154.9990	41.0000	40.7340	24	101	0	5
05-08-2022 03:06:39	155.0000	154.9980	41.0000	40.7410	24	101	0	5
05-08-2022 03:06:40	155.0000	154.9980	41.0000	40.7410	24	101	0	5
05-08-2022 03:06:40	155.0000	154.9980	41.0000	40.7460	24	101	0	5
05-08-2022 03:06:40	155.0000	154.9980	41.0000	40.7460	24	101	0	5
05-08-2022 03:06:40	155.0000	154.9990	41.0000	40.7560	24	101	0	5
05-08-2022 03:06:41	155.0000	154.9990	41.0000	40.7560	24	101	0	5
05-08-2022 03:06:41	155.0000	154.9990	41.0000	40.7600	24	101	0	5
05-08-2022 03:06:41	155.0000	154.9990	41.0000	40.7600	24	101	0	5
05-08-2022 03:06:41	155.0000	154.9990	41.0000	40.7670	24	101	0	5
05-08-2022 03:06:42	155.0000	154.9990	41.0000	40.7670	24	101	0	5
05-08-2022 03:06:42	155.0000	154.9990	41.0000	40.7720	24	101	0	5
05-08-2022 03:06:42	155.0000	154.9990	41.0000	40.7720	24	101	0	5
05-08-2022 03:06:43	155.0000	154.9980	41.0000	40.7780	24	101	0	5
05-08-2022 03:06:43	155.0000	154.9980	41.0000	40.7780	24	101	0	5
05-08-2022 03:06:43	155.0000	154.9980	41.0000	40.7870	24	101	0	5
05-08-2022 03:06:43	155.0000	154.9980	41.0000	40.7870	24	101	0	5
05-08-2022 03:06:43	155.0000	154.9980	41.0000	40.7940	24	101	0	5
05-08-2022 03:06:44	155.0000	154.9980	41.0000	40.7940	24	101	0	5
05-08-2022 03:06:44	155.5000	154.9990	41.1000	40.8000	24	109	0	5
05-08-2022 03:06:44	155.5000	154.9990	41.1000	40.8000	24	109	0	5
05-08-2022 03:06:44	155.5000	154.9980	41.1000	40.8110	24	109	0	5
05-08-2022 03:06:45	155.5000	154.9980	41.1000	40.8110	24	109	72	5
05-08-2022 03:06:45	155.5000	154.9980	41.1000	40.8150	24	109	72	5
05-08-2022 03:06:45	155.5000	154.9980	41.1000	40.8150	24	109	72	5
05-08-2022 03:06:45	155.5000	154.9990	41.1000	40.8220	51	110	72	5
05-08-2022 03:06:46	155.5000	154.9990	41.1000	40.8220	51	110	72	5
05-08-2022 03:06:46	155.5000	154.9980	41.1000	40.8270	51	110	72	5
05-08-2022 03:06:46	155.5000	154.9980	41.1000	40.8270	51	110	75	5
05-08-2022 03:06:46	155.5000	154.9980	41.1000	40.8270	51	110	75	5
05-08-2022 03:06:47	155.5000	154.9980	41.1000	40.8270	51	110	75	5
05-08-2022 03:06:47	155.5000	155.2090	41.1000	40.8450	43	103	75	5
05-08-2022 03:06:47	155.5000	155.2090	41.1000	40.8450	43	103	75	5
05-08-2022 03:06:47	155.5000	155.2850	41.1000	40.8480	43	103	75	5
05-08-2022 03:06:48	155.5000	155.2850	41.1000	40.8480	43	103	45	5
05-08-2022 03:06:48	155.5000	155.4180	41.1000	40.8530	43	103	45	5
05-08-2022 03:06:48	155.5000	155.4180	41.1000	40.8530	43	103	45	5
05-08-2022 03:06:48	155.5000	155.6270	41.1000	40.8660	24	103	45	5
05-08-2022 03:06:49	155.5000	155.6270	41.1000	40.8660	24	103	45	5
05-08-2022 03:06:49	155.5000	155.6800	41.1000	40.8670	24	103	45	5
05-08-2022 03:06:49	155.5000	155.6800	41.1000	40.8670	24	103	0	6
05-08-2022 03:06:49	155.5000	155.7410	41.1000	40.8770	24	103	0	6
05-08-2022 03:06:50	155.5000	155.7410	41.1000	40.8770	24	103	0	6
05-08-2022 03:06:50	155.5000	155.7460	41.1000	40.8830	16	110	0	6
05-08-2022 03:06:50	155.5000	155.7460	41.1000	40.8830	16	110	0	6
05-08-2022 03:06:51	155.5000	155.7460	41.1000	40.8930	16	110	0	6
05-08-2022 03:06:51	155.5000	155.7460	41.1000	40.8930	16	110	0	5
05-08-2022 03:06:51	155.5000	155.7520	41.1000	40.8990	16	110	0	5
05-08-2022 03:06:51	155.5000	155.7520	41.1000	40.8990	16	110	0	5
05-08-2022 03:06:52	155.5000	155.7500	41.1000	40.9050	16	109	0	5
05-08-2022 03:06:52	155.5000	155.7500	41.1000	40.9050	16	109	0	5
05-08-2022 03:06:52	155.5000	155.7500	41.1000	40.9140	16	109	0	5
05-08-2022 03:06:52	155.5000	155.7500	41.1000	40.9140	16	109	0	5
05-08-2022 03:06:53	155.5000	155.7500	41.1000	40.9200	16	109	0	5
05-08-2022 03:06:53	155.5000	155.7500	41.1000	40.9200	16	109	0	5
05-08-2022 03:06:53	155.5000	155.7500	41.1000	40.9260	16	103	0	5
05-08-2022 03:06:53	155.5000	155.7500	41.1000	40.9260	16	103	0	5
05-08-2022 03:06:54	156.0000	155.7520	41.2000	40.9370	16	103	0	5
05-08-2022 03:06:54	156.0000	155.7520	41.2000	40.9370	16	103	0	5
05-08-2022 03:06:54	156.0000	155.7520	41.2000	40.9410	16	103	0	5
05-08-2022 03:06:54	156.0000	155.7520	41.2000	40.9410	16	103	0	5
05-08-2022 03:06:55	156.0000	155.7470	41.2000	40.9490	48	104	0	5
05-08-2022 03:06:55	156.0000	155.7470	41.2000	40.9490	48	104	0	5
05-08-2022 03:06:55	156.0000	155.7470	41.2000	40.9550	48	104	0	5
05-08-2022 03:06:55	156.0000	155.7470	41.2000	40.9550	48	104	49	5
05-08-2022 03:06:56	156.0000	155.7470	41.2000	40.9640	48	104	49	5
05-08-2022 03:06:56	156.0000	155.7470	41.2000	40.9640	48	104	49	5
05-08-2022 03:06:56	156.0000	155.7580	41.2000	40.9700	40	107	49	5
05-08-2022 03:06:56	156.0000	155.7580	41.2000	40.9700	40	107	49	5
05-08-2022 03:06:57	156.0000	155.8560	41.2000	40.9770	40	107	49	5
05-08-2022 03:06:57	156.0000	155.8560	41.2000	40.9770	40	107	35	5
05-08-2022 03:06:57	156.0000	155.9260	41.2000	40.9820	40	107	35	5
05-08-2022 03:06:57	156.0000	155.9260	41.2000	40.9820	40	107	35	5
05-08-2022 03:06:58	156.0000	155.9860	41.2000	40.9910	41	109	35	5
05-08-2022 03:06:58	156.0000	155.9860	41.2000	40.9910	41	109	35	5
05-08-2022 03:06:58	156.0000	155.9930	41.2000	40.9960	41	109	35	5
05-08-2022 03:06:59	156.0000	155.9930	41.2000	40.9960	41	109	0	5
05-08-2022 03:06:59	156.0000	155.9930	41.2000	41.0040	41	109	0	5
05-08-2022 03:06:59	156.0000	155.9930	41.2000	41.0040	41	109	0	5
05-08-2022 03:06:59	156.0000	155.9950	41.2000	41.0070	31	107	0	5
05-08-2022 03:06:59	156.0000	155.9950	41.2000	41.0070	31	107	0	5
05-08-2022 03:07:00	156.0000	155.9930	41.2000	41.0180	31	107	0	5
05-08-2022 03:07:00	156.0000	155.9930	41.2000	41.0180	31	107	0	5
05-08-2022 03:07:00	156.0000	155.9950	41.2000	41.0230	31	107	0	5
05-08-2022 03:07:00	156.0000	155.9950	41.2000	41.0230	31	107	0	5
05-08-2022 03:07:01	156.0000	155.9930	41.2000	41.0300	31	109	0	5
05-08-2022 03:07:01	156.0000	155.9930	41.2000	41.0300	31	109	0	5
05-08-2022 03:07:01	156.0000	155.9930	41.2000	41.0370	31	109	0	5
05-08-2022 03:07:01	156.0000	155.9930	41.2000	41.0370	31	109	0	5
05-08-2022 03:07:02	156.0000	155.9930	41.2000	41.0470	31	109	0	5
05-08-2022 03:07:02	156.0000	155.9930	41.2000	41.0470	31	109	0	5
05-08-2022 03:07:02	156.0000	155.9950	41.2000	41.0520	31	111	0	5
05-08-2022 03:07:03	156.0000	155.9950	41.2000	41.0520	31	111	0	5
05-08-2022 03:07:03	156.0000	155.9950	41.2000	41.0590	31	111	0	5
05-08-2022 03:07:03	156.0000	155.9950	41.2000	41.0590	31	111	0	5
05-08-2022 03:07:03	156.0000	155.9930	41.2000	41.0630	31	111	0	5
05-08-2022 03:07:03	156.0000	155.9930	41.2000	41.0630	31	111	0	5
05-08-2022 03:07:04	156.5000	155.9930	41.3000	41.0740	31	111	0	5
05-08-2022 03:07:04	156.5000	155.9930	41.3000	41.0740	31	111	0	5
05-08-2022 03:07:04	156.5000	156.1460	41.3000	41.0800	31	111	0	5
05-08-2022 03:07:05	156.5000	156.1460	41.3000	41.0800	31	111	57	5
05-08-2022 03:07:05	156.5000	156.2340	41.3000	41.0870	31	111	57	5
05-08-2022 03:07:05	156.5000	156.2340	41.3000	41.0870	31	111	57	5
05-08-2022 03:07:05	156.5000	156.3100	41.3000	41.0950	42	109	57	5
05-08-2022 03:07:06	156.5000	156.3100	41.3000	41.0950	42	109	57	5
05-08-2022 03:07:06	156.5000	156.3850	41.3000	41.1000	42	109	57	5
05-08-2022 03:07:06	156.5000	156.3850	41.3000	41.1000	42	109	34	5
05-08-2022 03:07:06	156.5000	156.4230	41.3000	41.1070	42	109	34	5
05-08-2022 03:07:07	156.5000	156.4230	41.3000	41.1070	42	109	34	5
05-08-2022 03:07:07	156.5000	156.4810	41.3000	41.1170	29	106	34	5
05-08-2022 03:07:07	156.5000	156.4810	41.3000	41.1170	29	106	34	5
05-08-2022 03:07:07	156.5000	156.4990	41.3000	41.1240	29	106	34	5
05-08-2022 03:07:08	156.5000	156.4990	41.3000	41.1240	29	106	34	5
05-08-2022 03:07:08	156.5000	156.5100	41.3000	41.1280	29	106	6	5
05-08-2022 03:07:08	156.5000	156.5100	41.3000	41.1280	29	106	6	5
05-08-2022 03:07:08	156.5000	156.5100	41.3000	41.1280	20	108	6	5
05-08-2022 03:07:09	156.5000	156.5100	41.3000	41.1280	20	108	6	5
05-08-2022 03:07:09	156.5000	156.5100	41.3000	41.1460	20	108	6	5
05-08-2022 03:07:09	156.5000	156.5100	41.3000	41.1460	20	108	6	5
05-08-2022 03:07:09	156.5000	156.5100	41.3000	41.1510	20	108	0	5
05-08-2022 03:07:10	156.5000	156.5100	41.3000	41.1510	20	108	0	5
05-08-2022 03:07:10	156.5000	156.5080	41.3000	41.1580	19	108	0	5
05-08-2022 03:07:10	156.5000	156.5080	41.3000	41.1580	19	108	0	5
05-08-2022 03:07:11	156.5000	156.5100	41.3000	41.1620	19	108	0	5
05-08-2022 03:07:11	156.5000	156.5100	41.3000	41.1620	19	108	0	5
05-08-2022 03:07:11	156.5000	156.5110	41.3000	41.1730	19	108	0	5
05-08-2022 03:07:11	156.5000	156.5110	41.3000	41.1730	19	108	0	5
05-08-2022 03:07:12	156.5000	156.5110	41.3000	41.1800	19	109	0	5
05-08-2022 03:07:12	156.5000	156.5110	41.3000	41.1800	19	109	0	5
05-08-2022 03:07:12	156.5000	156.5100	41.3000	41.1860	19	109	0	5
05-08-2022 03:07:12	156.5000	156.5100	41.3000	41.1860	19	109	0	5
05-08-2022 03:07:13	156.5000	156.5100	41.3000	41.1940	19	109	0	5
05-08-2022 03:07:13	156.5000	156.5100	41.3000	41.1940	19	109	0	5
05-08-2022 03:07:13	156.5000	156.5110	41.3000	41.2010	19	104	0	5
05-08-2022 03:07:13	156.5000	156.5110	41.3000	41.2010	19	104	0	5
05-08-2022 03:07:14	156.5000	156.5100	41.3000	41.2060	19	104	0	5
05-08-2022 03:07:14	156.5000	156.5100	41.3000	41.2060	19	104	0	5
05-08-2022 03:07:14	157.0000	156.5360	41.4000	41.2130	19	104	0	5
05-08-2022 03:07:14	157.0000	156.5360	41.4000	41.2130	19	104	0	5
05-08-2022 03:07:15	157.0000	156.6470	41.4000	41.2180	44	107	0	5
05-08-2022 03:07:15	157.0000	156.6470	41.4000	41.2180	44	107	0	5
05-08-2022 03:07:15	157.0000	156.7580	41.4000	41.2280	44	107	0	5
05-08-2022 03:07:15	157.0000	156.7580	41.4000	41.2280	44	107	50	5
05-08-2022 03:07:16	157.0000	156.8570	41.4000	41.2340	44	107	50	5
05-08-2022 03:07:16	157.0000	156.8570	41.4000	41.2340	44	107	50	5
05-08-2022 03:07:16	157.0000	156.9280	41.4000	41.2400	40	107	50	5
05-08-2022 03:07:16	157.0000	156.9280	41.4000	41.2400	40	107	50	5
05-08-2022 03:07:17	157.0000	156.9820	41.4000	41.2460	40	107	50	5
05-08-2022 03:07:17	157.0000	156.9820	41.4000	41.2460	40	107	50	5
05-08-2022 03:07:17	157.0000	156.9990	41.4000	41.2560	40	107	11	5
05-08-2022 03:07:17	157.0000	156.9990	41.4000	41.2560	40	107	11	5
05-08-2022 03:07:18	157.0000	156.9990	41.4000	41.2560	30	110	11	5
05-08-2022 03:07:18	157.0000	156.9990	41.4000	41.2560	30	110	11	5
05-08-2022 03:07:18	157.0000	157.0030	41.4000	41.2710	30	110	11	5
05-08-2022 03:07:18	157.0000	157.0030	41.4000	41.2710	30	110	0	5
05-08-2022 03:07:19	157.0000	157.0030	41.4000	41.2780	30	110	0	5
05-08-2022 03:07:19	157.0000	157.0030	41.4000	41.2780	30	110	0	5
05-08-2022 03:07:19	157.0000	157.0040	41.4000	41.2840	28	110	0	5
05-08-2022 03:07:19	157.0000	157.0040	41.4000	41.2840	28	110	0	5
05-08-2022 03:07:20	157.0000	157.0040	41.4000	41.2870	28	110	0	5
05-08-2022 03:07:20	157.0000	157.0040	41.4000	41.2870	28	110	0	6
05-08-2022 03:07:20	157.0000	157.0030	41.4000	41.3000	28	110	0	6
05-08-2022 03:07:20	157.0000	157.0030	41.4000	41.3000	28	110	0	6
05-08-2022 03:07:21	157.0000	157.0040	41.4000	41.3040	28	104	0	6
05-08-2022 03:07:21	157.0000	157.0040	41.4000	41.3040	28	104	0	6
05-08-2022 03:07:21	157.0000	157.0030	41.4000	41.3050	28	104	0	6
05-08-2022 03:07:21	157.0000	157.0030	41.4000	41.3050	28	104	0	5
05-08-2022 03:07:22	157.0000	157.0030	41.4000	41.3160	28	104	0	5
05-08-2022 03:07:22	157.0000	157.0030	41.4000	41.3160	28	104	0	5
05-08-2022 03:07:22	157.0000	157.0030	41.4000	41.3270	28	108	0	5
05-08-2022 03:07:22	157.0000	157.0030	41.4000	41.3270	28	108	0	5
05-08-2022 03:07:23	157.0000	157.0030	41.4000	41.3280	28	108	0	5
05-08-2022 03:07:23	157.0000	157.0030	41.4000	41.3280	28	108	0	5
05-08-2022 03:07:23	157.0000	157.0040	41.4000	41.3370	28	108	0	5
05-08-2022 03:07:23	157.0000	157.0040	41.4000	41.3370	28	108	0	5
05-08-2022 03:07:24	157.5000	157.0040	41.5000	41.3480	28	103	0	5
05-08-2022 03:07:24	157.5000	157.0040	41.5000	41.3480	28	103	0	5
05-08-2022 03:07:24	157.5000	157.0920	41.5000	41.3540	28	103	0	5
05-08-2022 03:07:25	157.5000	157.0920	41.5000	41.3540	28	103	57	4
05-08-2022 03:07:25	157.5000	157.1360	41.5000	41.3560	28	103	57	4
05-08-2022 03:07:25	157.5000	157.1360	41.5000	41.3560	28	103	57	4
05-08-2022 03:07:25	157.5000	157.3010	41.5000	41.3670	44	105	57	4
05-08-2022 03:07:25	157.5000	157.3010	41.5000	41.3670	44	105	57	4
05-08-2022 03:07:26	157.5000	157.3830	41.5000	41.3750	44	105	57	4
05-08-2022 03:07:26	157.5000	157.3830	41.5000	41.3750	44	105	35	5
05-08-2022 03:07:26	157.5000	157.4160	41.5000	41.3780	44	105	35	5
05-08-2022 03:07:27	157.5000	157.4160	41.5000	41.3780	44	105	35	5
05-08-2022 03:07:27	157.5000	157.4750	41.5000	41.3870	31	102	35	5
05-08-2022 03:07:27	157.5000	157.4750	41.5000	41.3870	31	102	35	5
05-08-2022 03:07:27	157.5000	157.4940	41.5000	41.3940	31	102	35	5
05-08-2022 03:07:28	157.5000	157.4940	41.5000	41.3940	31	102	5	5
05-08-2022 03:07:28	157.5000	157.4980	41.5000	41.3970	31	102	5	5
05-08-2022 03:07:28	157.5000	157.4980	41.5000	41.3970	31	102	5	5
05-08-2022 03:07:28	157.5000	157.4980	41.5000	41.3970	31	108	5	5
05-08-2022 03:07:29	157.5000	157.4980	41.5000	41.3970	31	108	5	5
05-08-2022 03:07:29	157.5000	157.5040	41.5000	41.4150	31	108	5	5
05-08-2022 03:07:29	157.5000	157.5040	41.5000	41.4150	31	108	5	5
05-08-2022 03:07:29	157.5000	157.5020	41.5000	41.4150	31	108	0	5
05-08-2022 03:07:30	157.5000	157.5020	41.5000	41.4150	31	108	0	5
05-08-2022 03:07:30	157.5000	157.5040	41.5000	41.4240	30	112	0	5
05-08-2022 03:07:30	157.5000	157.5040	41.5000	41.4240	30	112	0	5
05-08-2022 03:07:30	157.5000	157.5040	41.5000	41.4370	30	112	0	5
05-08-2022 03:07:31	157.5000	157.5040	41.5000	41.4370	30	112	0	5
05-08-2022 03:07:31	157.5000	157.5050	41.5000	41.4420	30	112	0	5
05-08-2022 03:07:32	157.5000	157.5050	41.5000	41.4460	30	112	0	5
05-08-2022 03:07:32	157.5000	157.5080	41.5000	41.4570	30	112	0	5
05-08-2022 03:07:32	157.5000	157.5080	41.5000	41.4570	30	112	0	5
05-08-2022 03:07:33	157.5000	157.5090	41.5000	41.4660	30	112	0	5
05-08-2022 03:07:33	157.5000	157.5090	41.5000	41.4660	30	112	0	5
05-08-2022 03:07:33	157.5000	157.5090	41.5000	41.4680	30	112	0	5
05-08-2022 03:07:33	157.5000	157.5090	41.5000	41.4680	30	112	0	5
05-08-2022 03:07:34	157.5000	157.5090	41.5000	41.4790	30	112	0	5
05-08-2022 03:07:34	157.5000	157.5090	41.5000	41.4790	30	112	0	5
05-08-2022 03:07:34	158.0000	157.5310	41.6000	41.4860	30	112	0	5
05-08-2022 03:07:34	158.0000	157.5310	41.6000	41.4860	30	112	0	5
05-08-2022 03:07:35	158.0000	157.6040	41.6000	41.4860	46	112	0	5
05-08-2022 03:07:35	158.0000	157.6040	41.6000	41.4860	46	112	0	5
05-08-2022 03:07:35	158.0000	157.7460	41.6000	41.4990	46	112	0	5
05-08-2022 03:07:35	158.0000	157.7460	41.6000	41.4990	46	112	49	5
05-08-2022 03:07:36	158.0000	157.8440	41.6000	41.5070	46	112	49	5
05-08-2022 03:07:36	158.0000	157.8440	41.6000	41.5070	46	112	49	5
05-08-2022 03:07:36	158.0000	157.9210	41.6000	41.5140	46	100	49	5
05-08-2022 03:07:36	158.0000	157.9210	41.6000	41.5140	46	100	49	5
05-08-2022 03:07:37	158.0000	157.9540	41.6000	41.5190	46	100	49	5
05-08-2022 03:07:37	158.0000	157.9540	41.6000	41.5190	46	100	8	5
05-08-2022 03:07:37	158.0000	157.9860	41.6000	41.5260	46	100	8	5
05-08-2022 03:07:37	158.0000	157.9860	41.6000	41.5260	46	100	8	5
05-08-2022 03:07:38	158.0000	158.0000	41.6000	41.5340	28	94	8	5
05-08-2022 03:07:38	158.0000	158.0000	41.6000	41.5340	28	94	8	5
05-08-2022 03:07:38	158.0000	158.0040	41.6000	41.5370	28	94	8	5
05-08-2022 03:07:38	158.0000	158.0040	41.6000	41.5370	28	94	0	5
05-08-2022 03:07:39	158.0000	158.0040	41.6000	41.5470	28	94	0	5
05-08-2022 03:07:39	158.0000	158.0040	41.6000	41.5470	28	94	0	5
05-08-2022 03:07:39	158.0000	158.0020	41.6000	41.5520	21	90	0	5
05-08-2022 03:07:39	158.0000	158.0020	41.6000	41.5520	21	90	0	5
05-08-2022 03:07:40	158.0000	158.0020	41.6000	41.5580	21	90	0	5
05-08-2022 03:07:40	158.0000	158.0020	41.6000	41.5580	21	90	0	5
05-08-2022 03:07:40	158.0000	158.0040	41.6000	41.5690	21	90	0	5
05-08-2022 03:07:40	158.0000	158.0040	41.6000	41.5690	21	90	0	5
05-08-2022 03:07:41	158.0000	158.0040	41.6000	41.5730	21	88	0	5
05-08-2022 03:07:41	158.0000	158.0040	41.6000	41.5730	21	88	0	5
05-08-2022 03:07:41	158.0000	158.0020	41.6000	41.5800	21	88	0	5
05-08-2022 03:07:41	158.0000	158.0020	41.6000	41.5800	21	88	0	6
05-08-2022 03:07:42	158.0000	158.0040	41.6000	41.5910	21	88	0	6
05-08-2022 03:07:42	158.0000	158.0040	41.6000	41.5910	21	88	0	6
05-08-2022 03:07:42	158.0000	158.0040	41.6000	41.5890	21	73	0	6
05-08-2022 03:07:42	158.0000	158.0040	41.6000	41.5890	21	73	0	6
05-08-2022 03:07:43	158.0000	158.0040	41.6000	41.5890	21	73	0	6
05-08-2022 03:07:43	158.0000	158.0040	41.6000	41.5890	21	73	0	0
05-08-2022 03:07:43	158.0000	158.0080	41.6000	41.5910	21	73	0	0
05-08-2022 03:07:43	158.0000	158.0080	41.6000	41.5910	21	73	0	0
05-08-2022 03:07:44	158.5000	158.0090	41.7000	41.5890	21	65	0	0
05-08-2022 03:07:44	158.5000	158.0090	41.7000	41.5890	21	65	0	0
05-08-2022 03:07:44	158.5000	158.0300	41.7000	41.5920	21	65	0	0
05-08-2022 03:07:44	158.5000	158.0300	41.7000	41.5920	21	65	0	5
05-08-2022 03:07:45	158.5000	158.1920	41.7000	41.6020	21	65	0	5
05-08-2022 03:07:45	158.5000	158.1920	41.7000	41.6020	21	65	0	5
05-08-2022 03:07:45	158.5000	158.2990	41.7000	41.6090	44	89	0	5
05-08-2022 03:07:46	158.5000	158.2990	41.7000	41.6090	44	89	0	5
05-08-2022 03:07:46	158.5000	158.3990	41.7000	41.6180	44	89	0	5
05-08-2022 03:07:46	158.5000	158.3990	41.7000	41.6180	44	89	35	5
05-08-2022 03:07:46	158.5000	158.4830	41.7000	41.6240	44	89	35	5
05-08-2022 03:07:47	158.5000	158.4830	41.7000	41.6240	44	89	35	5
05-08-2022 03:07:47	158.5000	158.5200	41.7000	41.6330	28	97	35	5
05-08-2022 03:07:47	158.5000	158.5200	41.7000	41.6330	28	97	35	5
05-08-2022 03:07:47	158.5000	158.5210	41.7000	41.6390	28	97	35	5
05-08-2022 03:07:48	158.5000	158.5210	41.7000	41.6390	28	97	35	5
05-08-2022 03:07:48	158.5000	158.5200	41.7000	41.6460	28	97	35	5
05-08-2022 03:07:48	158.5000	158.5200	41.7000	41.6460	28	97	35	5
05-08-2022 03:07:48	158.5000	158.5210	41.7000	41.6520	25	97	35	5
05-08-2022 03:07:49	158.5000	158.5210	41.7000	41.6520	25	97	35	5
05-08-2022 03:07:49	158.5000	158.5200	41.7000	41.6570	25	97	35	5
05-08-2022 03:07:49	158.5000	158.5200	41.7000	41.6570	25	97	0	5
05-08-2022 03:07:49	158.5000	158.5210	41.7000	41.6660	25	97	0	5
05-08-2022 03:07:50	158.5000	158.5210	41.7000	41.6660	25	97	0	5
05-08-2022 03:07:50	158.5000	158.5200	41.7000	41.6720	25	103	0	5
05-08-2022 03:07:50	158.5000	158.5200	41.7000	41.6720	25	103	0	5
05-08-2022 03:07:51	158.5000	158.5210	41.7000	41.6790	25	103	0	5
05-08-2022 03:07:51	158.5000	158.5210	41.7000	41.6790	25	103	0	0
05-08-2022 03:07:51	158.5000	158.5210	41.7000	41.6770	25	103	0	0
05-08-2022 03:07:51	158.5000	158.5210	41.7000	41.6770	25	103	0	0
05-08-2022 03:07:51	158.5000	158.5190	41.7000	41.6770	24	84	0	0
05-08-2022 03:07:52	158.5000	158.5190	41.7000	41.6770	24	84	0	0
05-08-2022 03:07:52	158.5000	158.5200	41.7000	41.6770	24	84	0	0
05-08-2022 03:07:52	158.5000	158.5200	41.7000	41.6770	24	84	0	0
05-08-2022 03:07:52	158.5000	158.5200	41.7000	41.6770	24	84	0	0
05-08-2022 03:07:53	158.5000	158.5200	41.7000	41.6770	24	84	0	0
05-08-2022 03:07:53	158.5000	158.5200	41.7000	41.6770	25	81	0	0
05-08-2022 03:07:53	158.5000	158.5200	41.7000	41.6770	25	81	0	0
05-08-2022 03:07:54	158.5000	158.5200	41.7000	41.6770	25	81	0	0
05-08-2022 03:07:54	158.5000	158.5200	41.7000	41.6770	25	81	0	0
05-08-2022 03:07:54	159.0000	158.5190	41.8000	41.6770	25	81	0	0
05-08-2022 03:07:54	159.0000	158.5190	41.8000	41.6770	25	81	0	0
05-08-2022 03:07:55	159.0000	158.6480	41.8000	41.6840	46	103	0	0
05-08-2022 03:07:55	159.0000	158.6480	41.8000	41.6840	46	103	0	0
05-08-2022 03:07:55	159.0000	158.6970	41.8000	41.6880	46	103	0	0
05-08-2022 03:07:55	159.0000	158.6970	41.8000	41.6880	46	103	0	0
05-08-2022 03:07:55	159.0000	158.7880	41.8000	41.6950	46	103	52	5
05-08-2022 03:07:56	159.0000	158.7880	41.8000	41.6950	46	103	52	5
05-08-2022 03:07:56	159.0000	158.8760	41.8000	41.7060	38	90	52	5
05-08-2022 03:07:56	159.0000	158.8760	41.8000	41.7060	38	90	52	5
05-08-2022 03:07:57	159.0000	158.9490	41.8000	41.7120	38	90	52	5
05-08-2022 03:07:57	159.0000	158.9490	41.8000	41.7120	38	90	52	5
05-08-2022 03:07:57	159.0000	158.9910	41.8000	41.7170	38	90	25	5
05-08-2022 03:07:57	159.0000	158.9910	41.8000	41.7170	38	90	25	5
05-08-2022 03:07:58	159.0000	158.9930	41.8000	41.7240	19	95	25	5
05-08-2022 03:07:58	159.0000	158.9930	41.8000	41.7240	19	95	25	5
05-08-2022 03:07:58	159.0000	158.9980	41.8000	41.7320	19	95	25	5
05-08-2022 03:07:58	159.0000	158.9980	41.8000	41.7320	19	95	0	5
05-08-2022 03:07:59	159.0000	158.9970	41.8000	41.7380	19	95	0	5
05-08-2022 03:07:59	159.0000	158.9970	41.8000	41.7380	19	95	0	5
05-08-2022 03:07:59	159.0000	158.9970	41.8000	41.7440	17	93	0	5
05-08-2022 03:07:59	159.0000	158.9970	41.8000	41.7440	17	93	0	5
05-08-2022 03:08:00	159.0000	158.9980	41.8000	41.7500	17	93	0	5
05-08-2022 03:08:00	159.0000	158.9980	41.8000	41.7500	17	93	0	5
05-08-2022 03:08:00	159.0000	158.9970	41.8000	41.7550	17	93	0	5
05-08-2022 03:08:00	159.0000	158.9970	41.8000	41.7550	17	93	0	5
05-08-2022 03:08:01	159.0000	158.9990	41.8000	41.7680	16	82	0	5
05-08-2022 03:08:01	159.0000	158.9990	41.8000	41.7680	16	82	0	5
05-08-2022 03:08:01	159.0000	158.9990	41.8000	41.7760	16	82	0	5
05-08-2022 03:08:01	159.0000	158.9990	41.8000	41.7760	16	82	0	5
05-08-2022 03:08:02	159.0000	158.9990	41.8000	41.7770	16	82	0	5
05-08-2022 03:08:02	159.0000	158.9990	41.8000	41.7770	16	82	0	5
05-08-2022 03:08:02	159.0000	159.0020	41.8000	41.7880	16	82	0	5
05-08-2022 03:08:02	159.0000	159.0020	41.8000	41.7880	16	82	0	5
05-08-2022 03:08:03	159.0000	158.9990	41.8000	41.7940	16	82	0	5
05-08-2022 03:08:03	159.0000	158.9990	41.8000	41.7940	16	82	0	0
05-08-2022 03:08:03	159.0000	158.9990	41.8000	41.7950	16	82	0	0
05-08-2022 03:08:03	159.0000	158.9990	41.8000	41.7950	16	82	0	0
05-08-2022 03:08:04	159.5000	158.9990	41.9000	41.7940	16	66	0	0
05-08-2022 03:08:04	159.5000	158.9990	41.9000	41.7940	16	66	0	0
05-08-2022 03:08:04	159.5000	159.0430	41.9000	41.7980	16	66	0	0
05-08-2022 03:08:04	159.5000	159.0430	41.9000	41.7980	16	66	54	5
05-08-2022 03:08:05	159.5000	159.2030	41.9000	41.8060	16	66	54	5
05-08-2022 03:08:05	159.5000	159.2030	41.9000	41.8060	16	66	54	5
05-08-2022 03:08:05	159.5000	159.3150	41.9000	41.8150	45	66	54	5
05-08-2022 03:08:05	159.5000	159.3150	41.9000	41.8150	45	66	54	5
05-08-2022 03:08:06	159.5000	159.3540	41.9000	41.8210	45	66	54	5
05-08-2022 03:08:06	159.5000	159.3540	41.9000	41.8210	45	66	54	5
05-08-2022 03:08:06	159.5000	159.4320	41.9000	41.8250	45	66	54	5
05-08-2022 03:08:06	159.5000	159.4320	41.9000	41.8250	45	66	54	5
05-08-2022 03:08:07	159.5000	159.4830	41.9000	41.8310	34	93	54	5
05-08-2022 03:08:07	159.5000	159.4830	41.9000	41.8310	34	93	54	5
05-08-2022 03:08:07	159.5000	159.4970	41.9000	41.8380	34	93	54	5
05-08-2022 03:08:07	159.5000	159.4970	41.9000	41.8380	34	93	54	5
05-08-2022 03:08:08	159.5000	159.4980	41.9000	41.8450	34	93	0	5
05-08-2022 03:08:08	159.5000	159.4980	41.9000	41.8450	34	93	0	5
05-08-2022 03:08:08	159.5000	159.4980	41.9000	41.8540	34	89	0	5
05-08-2022 03:08:08	159.5000	159.4980	41.9000	41.8540	34	89	0	5
05-08-2022 03:08:09	159.5000	159.4980	41.9000	41.8650	34	89	0	5
05-08-2022 03:08:09	159.5000	159.4980	41.9000	41.8650	34	89	0	5
05-08-2022 03:08:09	159.5000	159.4980	41.9000	41.8670	34	89	0	5
05-08-2022 03:08:10	159.5000	159.4980	41.9000	41.8670	34	89	0	5
05-08-2022 03:08:10	159.5000	159.4970	41.9000	41.8790	20	89	0	5
05-08-2022 03:08:10	159.5000	159.4970	41.9000	41.8790	20	89	0	5
05-08-2022 03:08:10	159.5000	159.4980	41.9000	41.8870	20	89	0	5
05-08-2022 03:08:11	159.5000	159.4980	41.9000	41.8870	20	89	0	6
05-08-2022 03:08:11	159.5000	159.4990	41.9000	41.8930	20	89	0	6
05-08-2022 03:08:11	159.5000	159.4990	41.9000	41.8930	20	89	0	6
05-08-2022 03:08:12	159.5000	159.4980	41.9000	41.8910	20	66	0	6
05-08-2022 03:08:12	159.5000	159.4980	41.9000	41.8910	20	66	0	6
05-08-2022 03:08:12	159.5000	159.4990	41.9000	41.8910	20	66	0	6
05-08-2022 03:08:12	159.5000	159.4990	41.9000	41.8910	20	66	0	0
05-08-2022 03:08:13	159.5000	159.4990	41.9000	41.8930	20	66	0	0
05-08-2022 03:08:13	159.5000	159.4990	41.9000	41.8930	20	66	0	0
05-08-2022 03:08:13	159.5000	159.4980	41.9000	41.8910	20	62	0	0
05-08-2022 03:08:13	159.5000	159.4980	41.9000	41.8910	20	62	0	0
05-08-2022 03:08:14	159.5000	159.4990	41.9000	41.8930	20	62	0	0
05-08-2022 03:08:14	159.5000	159.4990	41.9000	41.8930	20	62	0	0
05-08-2022 03:08:14	160.0000	159.4990	42.0000	41.8910	20	62	0	0
05-08-2022 03:08:14	160.0000	159.4990	42.0000	41.8910	20	62	0	0
05-08-2022 03:08:15	160.0000	159.6460	42.0000	41.8930	45	92	0	0
05-08-2022 03:08:15	160.0000	159.6460	42.0000	41.8930	45	92	0	0
05-08-2022 03:08:15	160.0000	159.6460	42.0000	41.8930	45	92	0	0
05-08-2022 03:08:15	160.0000	159.6460	42.0000	41.8930	45	92	49	5
05-08-2022 03:08:16	160.0000	159.8160	42.0000	41.9090	45	92	49	5
05-08-2022 03:08:16	160.0000	159.8160	42.0000	41.9090	45	92	49	5
05-08-2022 03:08:16	160.0000	159.9000	42.0000	41.9130	39	94	49	5
05-08-2022 03:08:16	160.0000	159.9000	42.0000	41.9130	39	94	49	5
05-08-2022 03:08:17	160.0000	159.9590	42.0000	41.9200	39	94	49	5
05-08-2022 03:08:17	160.0000	159.9590	42.0000	41.9200	39	94	23	5
05-08-2022 03:08:17	160.0000	159.9830	42.0000	41.9260	39	94	23	5
05-08-2022 03:08:17	160.0000	159.9830	42.0000	41.9260	39	94	23	5
05-08-2022 03:08:18	160.0000	159.9980	42.0000	41.9300	26	96	23	5
05-08-2022 03:08:18	160.0000	159.9980	42.0000	41.9300	26	96	23	5
05-08-2022 03:08:18	160.0000	160.0050	42.0000	41.9410	26	96	23	5
05-08-2022 03:08:18	160.0000	160.0050	42.0000	41.9410	26	96	0	5
05-08-2022 03:08:19	160.0000	160.0090	42.0000	41.9490	26	96	0	5
05-08-2022 03:08:19	160.0000	160.0090	42.0000	41.9490	26	96	0	5
05-08-2022 03:08:19	160.0000	160.0070	42.0000	41.9530	15	92	0	5
05-08-2022 03:08:19	160.0000	160.0070	42.0000	41.9530	15	92	0	5
05-08-2022 03:08:20	160.0000	160.0090	42.0000	41.9630	15	92	0	5
05-08-2022 03:08:20	160.0000	160.0090	42.0000	41.9630	15	92	0	5
05-08-2022 03:08:20	160.0000	160.0100	42.0000	41.9680	15	92	0	6
05-08-2022 03:08:20	160.0000	160.0100	42.0000	41.9680	15	92	0	6
05-08-2022 03:08:21	160.0000	160.0100	42.0000	41.9750	15	101	0	6
05-08-2022 03:08:21	160.0000	160.0100	42.0000	41.9750	15	101	0	6
05-08-2022 03:08:21	160.0000	160.0530	42.0000	41.9850	15	101	0	6
05-08-2022 03:08:21	160.0000	160.0530	42.0000	41.9850	15	101	0	6
05-08-2022 03:08:22	160.0000	160.2190	42.0000	41.9930	15	101	0	6
05-08-2022 03:08:22	160.0000	160.2190	42.0000	41.9930	15	101	0	6
05-08-2022 03:08:22	160.0000	160.5290	42.0000	41.9930	15	81	0	6
05-08-2022 03:08:22	160.0000	160.5290	42.0000	41.9930	15	81	0	6
05-08-2022 03:08:23	160.0000	160.7160	42.0000	41.9960	15	81	0	6
05-08-2022 03:08:23	160.0000	160.7160	42.0000	41.9960	15	81	0	0
05-08-2022 03:08:23	160.0000	160.7020	42.0000	41.9960	15	81	0	0
05-08-2022 03:08:23	160.0000	160.7020	42.0000	41.9960	15	81	0	0
05-08-2022 03:08:24	160.5000	160.7130	42.1000	41.9960	14	73	0	0
05-08-2022 03:08:24	160.5000	160.7130	42.1000	41.9960	14	73	0	0
05-08-2022 03:08:24	160.5000	160.7000	42.1000	41.9970	14	73	0	0
05-08-2022 03:08:24	160.5000	160.7000	42.1000	41.9970	14	73	46	4
05-08-2022 03:08:25	160.5000	160.6140	42.1000	42.0010	14	73	46	4
05-08-2022 03:08:25	160.5000	160.6140	42.1000	42.0010	14	73	46	4
05-08-2022 03:08:25	160.5000	160.5470	42.1000	42.0080	14	97	46	4
05-08-2022 03:08:25	160.5000	160.5470	42.1000	42.0080	14	97	46	4
05-08-2022 03:08:26	160.5000	160.5210	42.1000	42.0150	14	97	46	4
05-08-2022 03:08:26	160.5000	160.5210	42.1000	42.0150	14	97	9	4
05-08-2022 03:08:26	160.5000	160.5100	42.1000	42.0180	14	97	9	4
05-08-2022 03:08:26	160.5000	160.5100	42.1000	42.0180	14	97	9	4
05-08-2022 03:08:27	160.5000	160.4920	42.1000	42.0290	16	102	9	4
05-08-2022 03:08:27	160.5000	160.4920	42.1000	42.0290	16	102	9	4
05-08-2022 03:08:27	160.5000	160.4940	42.1000	42.0360	16	102	9	4
05-08-2022 03:08:28	160.5000	160.4940	42.1000	42.0360	16	102	0	5
05-08-2022 03:08:28	160.5000	160.4940	42.1000	42.0420	16	102	0	5
05-08-2022 03:08:28	160.5000	160.4940	42.1000	42.0420	16	102	0	5
05-08-2022 03:08:29	160.5000	160.4940	42.1000	42.0520	14	103	0	5
05-08-2022 03:08:29	160.5000	160.4920	42.1000	42.0560	14	103	0	5
05-08-2022 03:08:29	160.5000	160.4920	42.1000	42.0560	14	103	0	5
05-08-2022 03:08:29	160.5000	160.4920	42.1000	42.0630	14	103	0	5
05-08-2022 03:08:30	160.5000	160.4920	42.1000	42.0630	14	103	0	5
05-08-2022 03:08:30	160.5000	160.4910	42.1000	42.0690	15	103	0	5
05-08-2022 03:08:30	160.5000	160.4910	42.1000	42.0690	15	103	0	5
05-08-2022 03:08:30	160.5000	160.4920	42.1000	42.0780	15	103	0	5
05-08-2022 03:08:31	160.5000	160.4920	42.1000	42.0780	15	103	0	5
05-08-2022 03:08:31	160.5000	160.4920	42.1000	42.0850	15	103	0	5
05-08-2022 03:08:31	160.5000	160.4920	42.1000	42.0850	15	103	0	5
05-08-2022 03:08:31	160.5000	160.4920	42.1000	42.0910	15	97	0	5
05-08-2022 03:08:32	160.5000	160.4920	42.1000	42.0910	15	97	0	5
05-08-2022 03:08:32	160.5000	160.4910	42.1000	42.0920	15	97	0	5
05-08-2022 03:08:32	160.5000	160.4910	42.1000	42.0920	15	97	0	0
05-08-2022 03:08:33	160.5000	160.4920	42.1000	42.0920	15	97	0	0
05-08-2022 03:08:33	160.5000	160.4920	42.1000	42.0920	15	97	0	0
05-08-2022 03:08:33	160.5000	160.4920	42.1000	42.0920	14	78	0	0
05-08-2022 03:08:33	160.5000	160.4920	42.1000	42.0920	14	78	0	0
05-08-2022 03:08:33	160.5000	160.4920	42.1000	42.0920	14	78	0	0
05-08-2022 03:08:34	160.5000	160.4920	42.1000	42.0920	14	78	0	0
05-08-2022 03:08:34	161.0000	160.4920	42.2000	42.0910	14	78	0	0
05-08-2022 03:08:34	161.0000	160.4920	42.2000	42.0910	14	78	0	0
05-08-2022 03:08:35	161.0000	160.5470	42.2000	42.0970	46	106	0	0
05-08-2022 03:08:35	161.0000	160.5470	42.2000	42.0970	46	106	0	0
05-08-2022 03:08:35	161.0000	160.6950	42.2000	42.1030	46	106	0	0
05-08-2022 03:08:35	161.0000	160.6950	42.2000	42.1030	46	106	0	5
05-08-2022 03:08:35	161.0000	160.7940	42.2000	42.1110	46	106	0	5
05-08-2022 03:08:36	161.0000	160.7940	42.2000	42.1110	46	106	0	5
05-08-2022 03:08:36	161.0000	160.8370	42.2000	42.1130	41	104	0	5
05-08-2022 03:08:36	161.0000	160.8370	42.2000	42.1130	41	104	0	5
05-08-2022 03:08:37	161.0000	160.8660	42.2000	42.1230	41	104	0	5
05-08-2022 03:08:37	161.0000	160.8660	42.2000	42.1230	41	104	0	5
05-08-2022 03:08:37	161.0000	160.8670	42.2000	42.1300	41	104	34	5
05-08-2022 03:08:37	161.0000	160.8670	42.2000	42.1300	41	104	34	5
05-08-2022 03:08:38	161.0000	160.8670	42.2000	42.1340	35	96	34	5
05-08-2022 03:08:38	161.0000	160.8670	42.2000	42.1340	35	96	34	5
05-08-2022 03:08:38	161.0000	160.8660	42.2000	42.1340	35	96	34	5
05-08-2022 03:08:38	161.0000	160.8660	42.2000	42.1340	35	96	0	0
05-08-2022 03:08:39	161.0000	160.8670	42.2000	42.1360	35	96	0	0
05-08-2022 03:08:39	161.0000	160.8670	42.2000	42.1360	35	96	0	0
05-08-2022 03:08:39	161.0000	160.8660	42.2000	42.1360	0	2	0	0
