28,09,2022,12,25,00,0.000,169.279,169.279,0.000,22.779,22.779,CCW
28,09,2022,12,25,44,143.965,169.276,169.276,53.365,22.932,22.932,CCW
28,09,2022,12,25,44,143.965,168.836,168.836,53.365,23.262,23.262,CCW
28,09,2022,12,25,44,143.965,167.505,167.505,53.365,23.596,23.596,CCW
28,09,2022,12,25,45,143.965,166.938,166.938,53.365,23.926,23.926,CCW
28,09,2022,12,25,45,143.965,166.532,166.532,53.365,24.243,24.243,CCW
28,09,2022,12,25,45,143.965,165.721,165.721,53.365,24.576,24.576,CCW
28,09,2022,12,25,45,143.965,164.715,164.715,53.365,24.900,24.900,CCW
28,09,2022,12,25,46,143.965,163.750,163.750,53.365,25.223,25.223,CCW
28,09,2022,12,25,46,143.965,162.908,162.908,53.365,25.546,25.546,CCW
28,09,2022,12,25,46,143.965,162.239,162.239,53.365,25.868,25.868,CCW
28,09,2022,12,25,46,143.965,161.597,161.597,53.365,26.191,26.191,CCW
28,09,2022,12,25,47,143.965,160.989,160.989,53.365,26.511,26.511,CCW
28,09,2022,12,25,47,143.965,160.439,160.439,53.365,26.828,26.828,CCW
28,09,2022,12,25,47,143.965,159.698,159.698,53.365,27.147,27.147,CCW
28,09,2022,12,25,47,143.965,158.776,158.776,53.365,27.468,27.468,CCW
28,09,2022,12,25,48,143.965,157.889,157.889,53.365,27.784,27.784,CCW
28,09,2022,12,25,48,143.965,157.048,157.048,53.365,28.100,28.100,CCW
28,09,2022,12,25,48,143.965,155.462,155.462,53.365,28.729,28.729,CCW
28,09,2022,12,25,49,143.965,154.734,154.734,53.365,29.044,29.044,CCW
28,09,2022,12,25,49,143.965,154.057,154.057,53.365,29.357,29.357,CCW
28,09,2022,12,25,49,143.965,153.443,153.443,53.365,29.669,29.669,CCW
28,09,2022,12,25,50,143.965,152.890,152.890,53.365,29.981,29.981,CCW
28,09,2022,12,25,50,143.965,152.066,152.066,53.365,30.293,30.293,CCW
28,09,2022,12,25,50,143.965,151.218,151.218,53.365,30.602,30.602,CCW
28,09,2022,12,25,50,143.965,150.455,150.455,53.365,30.912,30.912,CCW
28,09,2022,12,25,51,143.965,149.754,149.754,53.365,31.219,31.219,CCW
28,09,2022,12,25,51,143.965,149.153,149.153,53.365,31.531,31.531,CCW
28,09,2022,12,25,51,143.965,148.634,148.634,53.365,31.836,31.836,CCW
28,09,2022,12,25,51,143.965,148.197,148.197,53.365,32.143,32.143,CCW
28,09,2022,12,25,52,143.965,147.536,147.536,53.365,32.756,32.756,CCW
28,09,2022,12,25,52,143.965,147.321,147.321,53.365,33.059,33.059,CCW
28,09,2022,12,25,52,143.965,147.024,147.024,53.365,33.664,33.664,CCW
28,09,2022,12,25,53,143.965,146.463,146.463,53.365,34.272,34.272,CCW
28,09,2022,12,25,53,143.965,146.320,146.320,53.365,34.571,34.571,CCW
28,09,2022,12,25,54,144.039,146.189,146.189,53.308,34.872,34.872,CCW
28,09,2022,12,25,54,144.039,145.987,145.987,53.308,35.173,35.173,CCW
28,09,2022,12,25,54,144.039,145.685,145.685,53.308,35.769,35.769,CCW
28,09,2022,12,25,55,144.039,145.535,145.535,53.308,36.068,36.068,CCW
28,09,2022,12,25,55,144.039,145.381,145.381,53.308,36.368,36.368,CCW
28,09,2022,12,25,55,144.039,145.226,145.226,53.308,36.663,36.663,CCW
28,09,2022,12,25,56,144.039,145.073,145.073,53.308,36.960,36.960,CCW
28,09,2022,12,25,56,144.039,144.921,144.921,53.308,37.255,37.255,CCW
28,09,2022,12,25,56,144.039,144.792,144.791,53.308,37.549,37.549,CCW
28,09,2022,12,25,56,144.039,144.741,144.741,53.308,37.846,37.846,CCW
28,09,2022,12,25,56,144.039,144.664,144.664,53.308,38.141,38.141,CCW
28,09,2022,12,25,57,144.039,144.590,144.590,53.308,38.432,38.432,CCW
28,09,2022,12,25,57,144.039,144.514,144.514,53.308,38.725,38.725,CCW
28,09,2022,12,25,57,144.039,144.451,144.451,53.308,39.019,39.019,CCW
28,09,2022,12,25,58,144.039,144.397,144.397,53.308,39.309,39.309,CCW
28,09,2022,12,25,58,144.039,144.343,144.343,53.308,39.601,39.601,CCW
28,09,2022,12,25,58,144.039,144.289,144.289,53.308,39.891,39.891,CCW
28,09,2022,12,25,58,144.039,144.240,144.240,53.308,40.180,40.180,CCW
28,09,2022,12,25,58,144.039,144.194,144.194,53.308,40.471,40.471,CCW
28,09,2022,12,25,59,144.039,144.146,144.146,53.308,40.759,40.759,CCW
28,09,2022,12,25,59,144.039,144.113,144.113,53.308,41.046,41.046,CCW
28,09,2022,12,25,59,144.039,144.085,144.085,53.308,41.337,41.337,CCW
28,09,2022,12,25,59,144.039,144.069,144.069,53.308,41.625,41.625,CCW
28,09,2022,12,26,00,144.039,144.061,144.061,53.308,41.910,41.910,CCW
28,09,2022,12,26,00,144.039,144.052,144.052,53.308,42.196,42.196,CCW
28,09,2022,12,26,00,144.039,144.044,144.044,53.308,42.482,42.482,CCW
28,09,2022,12,26,00,144.039,144.037,144.037,53.308,42.768,42.768,CCW
28,09,2022,12,26,01,144.039,144.036,144.036,53.308,43.053,43.053,CCW
28,09,2022,12,26,01,144.039,144.036,144.036,53.308,43.336,43.336,CCW
28,09,2022,12,26,01,144.039,144.036,144.036,53.308,43.620,43.620,CCW
28,09,2022,12,26,02,144.039,144.035,144.035,53.308,43.905,43.905,CCW
28,09,2022,12,26,02,144.039,144.035,144.035,53.308,44.187,44.187,CCW
28,09,2022,12,26,02,144.039,144.035,144.035,53.308,44.470,44.470,CCW
28,09,2022,12,26,02,144.039,144.035,144.035,53.308,44.749,44.749,CCW
28,09,2022,12,26,03,144.039,144.035,144.035,53.308,45.033,45.033,CCW
28,09,2022,12,26,03,144.039,144.034,144.034,53.308,45.313,45.313,CCW
28,09,2022,12,26,03,144.039,144.034,144.034,53.308,45.594,45.594,CCW
28,09,2022,12,26,03,144.039,144.034,144.034,53.308,45.874,45.874,CCW
28,09,2022,12,26,04,144.112,144.034,144.034,53.251,46.152,46.152,CCW
28,09,2022,12,26,04,144.112,144.035,144.035,53.251,46.434,46.434,CCW
28,09,2022,12,26,04,144.112,144.038,144.038,53.251,46.679,46.679,CCW
28,09,2022,12,26,04,144.112,144.047,144.047,53.251,46.915,46.915,CCW
28,09,2022,12,26,05,144.112,144.064,144.064,53.251,47.145,47.145,CCW
28,09,2022,12,26,05,144.112,144.082,144.082,53.251,47.375,47.375,CCW
28,09,2022,12,26,05,144.112,144.092,144.092,53.251,47.577,47.577,CCW
28,09,2022,12,26,05,144.112,144.099,144.099,53.251,47.761,47.761,CCW
28,09,2022,12,26,06,144.112,144.106,144.106,53.251,47.946,47.946,CCW
28,09,2022,12,26,06,144.112,144.114,144.114,53.251,48.131,48.131,CCW
28,09,2022,12,26,06,144.112,144.115,144.115,53.251,48.315,48.315,CCW
28,09,2022,12,26,06,144.112,144.115,144.115,53.251,48.468,48.468,CCW
28,09,2022,12,26,07,144.112,144.116,144.116,53.251,48.606,48.606,CCW
28,09,2022,12,26,07,144.112,144.117,144.117,53.251,48.745,48.745,CCW
28,09,2022,12,26,07,144.112,144.118,144.118,53.251,48.882,48.882,CCW
28,09,2022,12,26,07,144.112,144.118,144.118,53.251,49.020,49.020,CCW
28,09,2022,12,26,08,144.112,144.118,144.118,53.251,49.154,49.154,CCW
28,09,2022,12,26,08,144.112,144.119,144.119,53.251,49.294,49.294,CCW
28,09,2022,12,26,08,144.112,144.119,144.119,53.251,49.490,49.490,CCW
28,09,2022,12,26,09,144.112,144.119,144.119,53.251,49.672,49.672,CCW
28,09,2022,12,26,09,144.112,144.119,144.119,53.251,49.852,49.852,CCW
28,09,2022,12,26,10,144.112,144.119,144.119,53.251,50.033,50.033,CCW
28,09,2022,12,26,11,144.112,144.119,144.119,53.251,50.213,50.213,CCW
28,09,2022,12,26,11,144.112,144.119,144.119,53.251,50.357,50.357,CCW
28,09,2022,12,26,12,144.112,144.119,144.119,53.251,50.457,50.457,CCW
28,09,2022,12,26,13,144.112,144.119,144.119,53.251,50.589,50.589,CCW
28,09,2022,12,26,14,144.186,144.119,144.119,53.194,50.689,50.689,CCW
28,09,2022,12,26,15,144.186,144.120,144.120,53.194,50.820,50.820,CCW
28,09,2022,12,26,16,144.186,144.120,144.120,53.194,50.983,50.983,CCW
28,09,2022,12,26,17,144.186,144.155,144.155,53.194,51.148,51.148,CCW
28,09,2022,12,26,18,144.186,144.340,144.340,53.194,51.267,51.267,CCW
28,09,2022,12,26,19,144.186,144.480,144.480,53.194,51.302,51.302,CCW
28,09,2022,12,26,21,144.186,144.503,144.503,53.194,51.415,51.415,CCW
28,09,2022,12,26,23,144.186,144.503,144.503,53.194,51.530,51.530,CCW
28,09,2022,12,26,24,144.259,144.416,144.416,53.137,51.645,51.645,CCW
28,09,2022,12,26,25,144.259,144.288,144.288,53.137,51.710,51.710,CCW
28,09,2022,12,26,27,144.259,144.257,144.257,53.137,51.826,51.826,CCW
28,09,2022,12,26,28,144.259,144.098,144.098,53.137,51.890,51.890,CCW
28,09,2022,12,26,29,144.259,143.918,143.917,53.137,51.923,51.923,CCW
28,09,2022,12,26,29,144.259,143.757,143.757,53.137,51.954,51.954,CCW
28,09,2022,12,26,30,144.259,143.641,143.640,53.137,51.988,51.988,CCW
28,09,2022,12,26,32,144.259,143.612,143.612,53.137,52.103,52.103,CCW
28,09,2022,12,26,34,144.331,143.610,143.610,53.080,52.203,52.203,CCW
28,09,2022,12,26,34,144.331,143.714,143.714,53.080,52.232,52.232,CCW
28,09,2022,12,26,35,144.331,143.853,143.853,53.080,52.252,52.252,CCW
28,09,2022,12,26,35,144.331,143.955,143.955,53.080,52.271,52.271,CCW
28,09,2022,12,26,36,144.331,144.056,144.056,53.080,52.290,52.290,CCW
28,09,2022,12,26,37,144.331,144.190,144.190,53.080,52.319,52.319,CCW
28,09,2022,12,26,38,144.331,144.305,144.305,53.080,52.360,52.360,CCW
28,09,2022,12,26,40,144.331,144.331,144.331,53.080,52.466,52.466,CCW
28,09,2022,12,26,43,144.404,144.331,144.331,53.023,52.574,52.574,CCW
28,09,2022,12,26,51,144.404,144.399,144.399,53.023,52.676,52.676,CCW
28,09,2022,12,26,59,144.476,144.486,144.486,52.965,52.779,52.779,CCW
28,09,2022,12,27,06,144.548,144.586,144.586,52.908,52.877,52.877,CCW
28,09,2022,12,27,07,144.548,144.704,144.704,52.908,52.891,52.891,CCW
28,09,2022,12,27,08,144.548,144.806,144.806,52.908,52.897,52.897,CCW
28,09,2022,12,27,08,144.548,144.922,144.922,52.908,52.902,52.902,CCW
28,09,2022,12,27,09,144.548,145.100,145.100,52.908,52.902,52.902,CCW
28,09,2022,12,27,10,144.548,145.222,145.222,52.908,52.902,52.902,CCW
28,09,2022,12,27,14,144.620,145.106,145.106,52.851,52.902,52.902,CCW
28,09,2022,12,27,15,144.620,144.986,144.986,52.851,52.900,52.900,CCW
28,09,2022,12,27,16,144.620,144.877,144.877,52.851,52.894,52.894,CCW
28,09,2022,12,27,16,144.620,144.776,144.776,52.851,52.888,52.888,CCW
28,09,2022,12,27,17,144.620,144.669,144.669,52.851,52.877,52.877,CCW
28,09,2022,12,27,36,144.763,144.723,144.723,52.736,52.777,52.777,CCW
28,09,2022,12,27,38,144.763,144.825,144.825,52.736,52.742,52.742,CCW
28,09,2022,12,27,57,144.905,144.920,144.920,52.621,52.639,52.639,CCW
28,09,2022,12,28,16,145.046,144.991,144.992,52.506,52.540,52.540,CCW
28,09,2022,12,28,19,145.046,145.113,145.113,52.506,52.510,52.510,CCW
28,09,2022,12,28,28,145.116,145.160,145.161,52.448,52.459,52.459,CCW
28,09,2022,12,28,28,145.116,145.160,145.161,52.448,52.457,52.457,CCW
28,09,2022,12,28,32,145.116,145.160,145.161,52.448,52.454,52.454,CCW
28,09,2022,12,28,38,145.186,145.271,145.271,52.390,52.396,52.396,CCW
28,09,2022,12,28,39,145.186,145.387,145.387,52.390,52.395,52.395,CCW
28,09,2022,12,28,40,145.186,145.495,145.495,52.390,52.395,52.395,CCW
28,09,2022,12,28,40,145.186,145.498,145.499,52.390,52.395,52.395,CCW
28,09,2022,12,28,45,145.256,145.376,145.376,52.332,52.385,52.385,CCW
28,09,2022,12,28,45,145.256,145.306,145.307,52.332,52.378,52.378,CCW
28,09,2022,12,28,51,145.256,145.254,145.255,52.332,52.298,52.298,CCW
28,09,2022,12,28,52,145.256,145.254,145.255,52.332,52.295,52.295,CCW
28,09,2022,12,28,52,145.256,145.254,145.255,52.332,52.292,52.292,CCW
28,09,2022,12,29,00,145.325,145.327,145.327,52.275,52.192,52.192,CCW
28,09,2022,12,29,18,145.464,145.434,145.434,52.159,52.170,52.170,CCW
28,09,2022,12,29,34,145.601,145.543,145.543,52.043,52.106,52.106,CCW
28,09,2022,12,29,45,145.669,145.658,145.658,51.985,52.041,52.041,CCW
28,09,2022,12,29,58,145.737,145.739,145.739,51.927,51.939,51.939,CCW
28,09,2022,12,30,14,145.873,145.840,145.840,51.811,51.868,51.868,CCW
28,09,2022,12,30,25,145.940,145.938,145.937,51.752,51.802,51.802,CCW
28,09,2022,12,30,27,145.940,145.939,145.940,51.752,51.771,51.771,CCW
28,09,2022,12,30,27,145.940,145.939,145.940,51.752,51.768,51.768,CCW
28,09,2022,12,30,28,145.940,145.939,145.940,51.752,51.765,51.765,CCW
28,09,2022,12,30,44,146.074,146.049,146.049,51.636,51.691,51.691,CCW
28,09,2022,12,30,58,146.141,146.142,146.142,51.578,51.590,51.590,CCW
28,09,2022,12,31,14,146.273,146.248,146.248,51.461,51.519,51.519,CCW
28,09,2022,12,31,27,146.339,146.343,146.343,51.403,51.417,51.417,CCW
28,09,2022,12,31,28,146.339,146.343,146.344,51.403,51.414,51.414,CCW
28,09,2022,12,31,44,146.471,146.448,146.448,51.286,51.345,51.345,CCW
28,09,2022,12,31,44,146.471,146.465,146.464,51.286,51.342,51.342,CCW
28,09,2022,12,31,56,146.536,146.537,146.536,51.227,51.255,51.255,CCW
28,09,2022,12,32,00,146.536,146.538,146.539,51.227,51.234,51.234,CCW
28,09,2022,12,32,14,146.666,146.645,146.645,51.110,51.167,51.167,CCW
28,09,2022,12,32,25,146.730,146.720,146.719,51.051,51.101,51.101,CCW
28,09,2022,12,32,39,146.795,146.795,146.795,50.993,50.999,50.999,CCW
28,09,2022,12,32,54,146.923,146.897,146.897,50.875,50.933,50.933,CCW
28,09,2022,12,33,08,146.987,146.990,146.990,50.817,50.832,50.832,CCW
28,09,2022,12,33,22,147.050,147.058,147.057,50.758,50.765,50.765,CCW
28,09,2022,12,33,23,147.050,147.058,147.057,50.758,50.765,50.765,CCW
28,09,2022,12,33,23,147.050,147.058,147.057,50.758,50.765,50.765,CCW
28,09,2022,12,33,26,147.114,147.119,147.120,50.699,50.729,50.729,CCW
28,09,2022,12,33,29,147.114,147.121,147.120,50.699,50.704,50.704,CCW
28,09,2022,12,33,29,147.114,147.121,147.120,50.699,50.704,50.704,CCW
28,09,2022,12,33,30,147.114,147.121,147.120,50.699,50.704,50.704,CCW
28,09,2022,12,33,44,147.240,147.235,147.235,50.581,50.637,50.637,CCW
28,09,2022,12,33,48,147.240,147.243,147.244,50.581,50.591,50.591,CCW
28,09,2022,12,33,48,147.240,147.243,147.244,50.581,50.587,50.587,CCW
28,09,2022,12,33,48,147.240,147.243,147.244,50.581,50.585,50.585,CCW
28,09,2022,12,33,54,147.303,147.280,147.281,50.522,50.577,50.577,CCW
28,09,2022,12,34,08,147.365,147.363,147.364,50.463,50.476,50.476,CCW
28,09,2022,12,34,08,147.365,147.363,147.364,50.463,50.472,50.472,CCW
28,09,2022,12,34,14,147.427,147.376,147.375,50.404,50.470,50.470,CCW
28,09,2022,12,34,25,147.489,147.479,147.479,50.345,50.397,50.397,CCW
28,09,2022,12,34,38,147.551,147.556,147.556,50.286,50.294,50.294,CCW
28,09,2022,12,34,55,147.674,147.669,147.669,50.168,50.223,50.223,CCW
28,09,2022,12,35,08,147.735,147.733,147.734,50.109,50.128,50.128,CCW
28,09,2022,12,35,24,147.857,147.838,147.838,49.990,50.049,50.049,CCW
28,09,2022,12,35,38,147.918,147.919,147.919,49.931,49.949,49.949,CCW
28,09,2022,12,46,33,147.978,148.022,148.022,49.872,49.915,49.915,CCW
28,09,2022,12,46,35,147.978,148.147,148.147,49.872,49.915,49.915,CCW
28,09,2022,12,46,36,147.978,148.305,148.305,49.872,49.915,49.915,CCW
28,09,2022,12,46,36,147.978,148.485,148.485,49.872,49.915,49.915,CCW
28,09,2022,12,46,37,147.978,148.628,148.628,49.872,49.915,49.915,CCW
28,09,2022,12,47,10,147.978,148.473,148.473,49.872,49.915,49.915,CCW
28,09,2022,12,47,10,147.978,148.361,148.361,49.872,49.915,49.915,CCW
28,09,2022,12,47,10,147.978,148.209,148.209,49.872,49.915,49.915,CCW
28,09,2022,12,47,10,147.978,148.012,148.012,49.872,49.915,49.915,CCW
28,09,2022,12,51,10,147.978,147.936,147.937,49.872,49.914,49.914,CCW
28,09,2022,12,51,11,147.978,147.936,147.937,49.872,49.914,49.914,CCW
28,09,2022,12,51,11,147.978,147.936,147.937,49.872,49.915,49.915,CCW
28,09,2022,12,51,11,147.978,147.936,147.937,49.872,49.915,49.915,CCW
28,09,2022,12,51,11,147.978,147.936,147.937,49.872,49.915,49.915,CCW
28,09,2022,12,51,12,147.978,147.936,147.937,49.872,49.915,49.915,CCW
28,09,2022,12,51,13,147.978,147.936,147.937,49.872,49.915,49.915,CCW
28,09,2022,12,51,13,147.978,147.936,147.937,49.872,49.915,49.915,CCW
28,09,2022,12,51,15,147.978,147.936,147.937,49.872,49.914,49.914,CCW
28,09,2022,12,51,15,147.978,147.936,147.937,49.872,49.915,49.915,CCW
28,09,2022,12,51,15,147.978,147.936,147.937,49.872,49.915,49.915,CCW
28,09,2022,12,51,15,147.978,147.936,147.937,49.872,49.915,49.915,CCW
28,09,2022,12,51,16,147.978,147.936,147.937,49.872,49.914,49.914,CCW
28,09,2022,12,51,40,147.978,147.973,147.974,49.872,49.915,49.915,CCW
28,09,2022,12,52,11,147.978,148.019,148.020,49.872,49.915,49.915,CCW
28,09,2022,12,52,17,147.978,148.055,148.054,49.872,49.915,49.915,CCW
28,09,2022,12,52,26,147.978,148.084,148.083,49.872,49.915,49.915,CCW
28,09,2022,12,52,29,147.978,148.084,148.083,49.872,49.915,49.915,CCW
28,09,2022,12,52,32,147.978,148.092,148.091,49.872,49.915,49.915,CCW
28,09,2022,12,52,37,147.978,148.092,148.091,49.872,49.915,49.915,CCW
28,09,2022,12,52,37,147.978,148.092,148.091,49.872,49.915,49.915,CCW
28,09,2022,12,52,38,147.978,148.092,148.091,49.872,49.915,49.915,CCW
28,09,2022,12,52,40,147.978,148.092,148.091,49.872,49.915,49.915,CCW
28,09,2022,12,52,40,147.978,148.092,148.091,49.872,49.915,49.915,CCW
28,09,2022,12,52,44,147.978,148.092,148.091,49.872,49.915,49.915,CCW
28,09,2022,12,52,45,147.978,148.092,148.091,49.872,49.915,49.915,CCW
28,09,2022,12,52,46,147.978,148.092,148.091,49.872,49.915,49.915,CCW
28,09,2022,12,52,48,147.978,148.092,148.091,49.872,49.915,49.915,CCW
28,09,2022,12,52,48,147.978,148.092,148.091,49.872,49.915,49.915,CCW
28,09,2022,12,52,49,147.978,148.092,148.091,49.872,49.915,49.915,CCW
28,09,2022,12,52,49,147.978,148.092,148.091,49.872,49.915,49.915,CCW
28,09,2022,12,52,49,147.978,148.092,148.091,49.872,49.915,49.915,CCW
28,09,2022,12,52,50,147.978,148.092,148.091,49.872,49.915,49.915,CCW
28,09,2022,12,53,35,147.978,148.069,148.068,49.872,49.915,49.915,CCW
28,09,2022,12,53,36,147.978,148.069,148.068,49.872,49.915,49.915,CCW
28,09,2022,12,53,36,147.978,148.069,148.068,49.872,49.915,49.915,CCW
28,09,2022,12,53,36,147.978,148.069,148.068,49.872,49.915,49.915,CCW
28,09,2022,12,53,36,147.978,148.069,148.068,49.872,49.915,49.915,CCW
28,09,2022,12,53,59,153.469,148.144,148.144,43.241,49.808,49.808,CCW
28,09,2022,12,53,59,153.469,149.107,149.107,43.241,49.572,49.572,CCW
28,09,2022,12,53,59,153.469,149.865,149.865,43.241,49.344,49.344,CCW
28,09,2022,12,53,59,153.469,149.917,149.917,43.241,49.112,49.112,CCW
28,09,2022,12,54,00,153.469,149.955,149.955,43.241,48.916,48.916,CCW
28,09,2022,12,54,00,153.469,149.978,149.978,43.241,48.733,48.733,CCW
28,09,2022,12,54,00,153.469,150.285,150.285,43.241,48.552,48.552,CCW
28,09,2022,12,54,00,153.469,150.644,150.644,43.241,48.365,48.365,CCW
28,09,2022,12,54,01,153.469,150.960,150.960,43.241,48.182,48.182,CCW
28,09,2022,12,54,01,153.469,151.246,151.246,43.241,48.028,48.028,CCW
28,09,2022,12,54,01,153.469,151.502,151.502,43.241,47.887,47.887,CCW
28,09,2022,12,54,01,153.469,151.729,151.729,43.241,47.749,47.749,CCW
28,09,2022,12,54,02,153.469,151.931,151.931,43.241,47.613,47.613,CCW
28,09,2022,12,54,02,153.469,152.102,152.102,43.241,47.474,47.474,CCW
28,09,2022,12,54,02,153.469,152.247,152.247,43.241,47.336,47.336,CCW
28,09,2022,12,54,02,153.469,152.367,152.367,43.241,47.195,47.195,CCW
28,09,2022,12,54,03,153.469,152.472,152.472,43.241,47.089,47.089,CCW
28,09,2022,12,54,03,153.469,152.596,152.596,43.241,46.906,46.906,CCW
28,09,2022,12,54,04,153.469,152.597,152.597,43.241,46.721,46.721,CCW
28,09,2022,12,54,04,153.469,152.589,152.589,43.241,46.537,46.537,CCW
28,09,2022,12,54,05,153.469,152.588,152.588,43.241,46.352,46.352,CCW
28,09,2022,12,54,05,153.469,152.742,152.742,43.241,46.170,46.170,CCW
28,09,2022,12,54,06,153.469,152.896,152.896,43.241,46.082,46.082,CCW
28,09,2022,12,54,06,153.469,153.043,153.043,43.241,46.016,46.016,CCW
28,09,2022,12,54,07,153.469,153.154,153.154,43.241,45.947,45.947,CCW
28,09,2022,12,54,07,153.469,153.259,153.259,43.241,45.880,45.880,CCW
28,09,2022,12,54,08,153.510,153.385,153.385,43.179,45.778,45.778,CCW
28,09,2022,12,54,09,153.510,153.470,153.470,43.179,45.677,45.677,CCW
28,09,2022,12,54,10,153.510,153.504,153.504,43.179,45.575,45.575,CCW
28,09,2022,12,54,10,153.510,153.510,153.510,43.179,45.472,45.472,CCW
28,09,2022,12,54,11,153.510,153.511,153.511,43.179,45.371,45.371,CCW
28,09,2022,12,54,12,153.510,153.511,153.511,43.179,45.267,45.267,CCW
28,09,2022,12,54,13,153.510,153.511,153.511,43.179,45.167,45.167,CCW
28,09,2022,12,54,14,153.510,153.511,153.511,43.179,45.061,45.061,CCW
28,09,2022,12,54,16,153.510,153.511,153.511,43.179,44.958,44.958,CCW
28,09,2022,12,54,17,153.510,153.511,153.511,43.179,44.857,44.857,CCW
28,09,2022,12,54,19,153.551,153.521,153.521,43.118,44.752,44.752,CCW
28,09,2022,12,54,20,153.551,153.555,153.555,43.118,44.651,44.651,CCW
28,09,2022,12,54,22,153.551,153.556,153.556,43.118,44.547,44.547,CCW
28,09,2022,12,54,24,153.551,153.557,153.557,43.118,44.429,44.429,CCW
28,09,2022,12,54,25,153.551,153.557,153.557,43.118,44.327,44.327,CCW
28,09,2022,12,54,27,153.551,153.557,153.557,43.118,44.222,44.222,CCW
28,09,2022,12,54,28,153.591,153.557,153.557,43.056,44.122,44.122,CCW
28,09,2022,12,54,30,153.591,153.589,153.589,43.056,44.019,44.019,CCW
28,09,2022,12,54,33,153.591,153.590,153.590,43.056,43.918,43.918,CCW
28,09,2022,12,54,35,153.591,153.591,153.591,43.056,43.817,43.817,CCW
28,09,2022,12,54,38,153.591,153.591,153.591,43.056,43.712,43.712,CCW
28,09,2022,12,54,40,153.632,153.633,153.633,42.995,43.609,43.609,CCW
28,09,2022,12,54,43,153.632,153.635,153.635,42.995,43.506,43.506,CCW
28,09,2022,12,54,44,153.632,153.636,153.635,42.995,43.481,43.481,CCW
28,09,2022,12,54,44,153.632,153.636,153.635,42.995,43.478,43.478,CCW
28,09,2022,12,54,51,153.672,153.669,153.669,42.934,43.378,43.378,CCW
28,09,2022,12,54,54,153.672,153.670,153.669,42.934,43.342,43.342,CCW
28,09,2022,12,54,54,153.672,153.670,153.669,42.934,43.339,43.339,CCW
28,09,2022,12,54,54,153.672,153.670,153.669,42.934,43.336,43.336,CCW
28,09,2022,12,55,02,153.713,153.717,153.717,42.872,43.234,43.234,CCW
28,09,2022,12,55,04,153.713,153.717,153.718,42.872,43.206,43.206,CCW
28,09,2022,12,55,12,153.753,153.748,153.748,42.811,43.106,43.106,CCW
28,09,2022,12,55,19,153.793,153.767,153.767,42.749,43.004,43.004,CCW
28,09,2022,12,55,27,153.793,153.794,153.794,42.749,42.902,42.902,CCW
28,09,2022,12,55,34,153.833,153.839,153.839,42.688,42.802,42.802,CCW
28,09,2022,12,55,42,153.872,153.874,153.875,42.626,42.704,42.704,CCW
28,09,2022,12,55,51,153.912,153.910,153.910,42.565,42.601,42.601,CCW
28,09,2022,12,56,09,153.990,153.983,153.983,42.442,42.498,42.498,CCW
28,09,2022,12,56,23,154.029,154.030,154.030,42.380,42.395,42.395,CCW
28,09,2022,12,56,31,154.068,154.064,154.065,42.318,42.347,42.347,CCW
28,09,2022,12,56,50,154.146,154.144,154.144,42.195,42.246,42.246,CCW
28,09,2022,12,57,03,154.184,154.183,154.182,42.134,42.144,42.144,CCW
28,09,2022,12,57,12,154.223,154.235,154.234,42.072,42.086,42.086,CCW
28,09,2022,12,57,13,154.223,154.235,154.234,42.072,42.083,42.083,CCW
28,09,2022,12,57,31,154.299,154.305,154.305,41.949,41.980,41.980,CCW
28,09,2022,12,57,50,154.375,154.370,154.370,41.826,41.879,41.879,CCW
28,09,2022,12,57,55,154.375,154.379,154.380,41.826,41.831,41.831,CCW
28,09,2022,12,57,55,154.375,154.379,154.380,41.826,41.831,41.831,CCW
28,09,2022,12,58,10,154.450,154.447,154.448,41.703,41.748,41.748,CCW
28,09,2022,12,58,23,154.488,154.487,154.487,41.641,41.646,41.646,CCW
28,09,2022,12,58,42,154.562,154.567,154.567,41.518,41.544,41.544,CCW
28,09,2022,12,58,59,154.636,154.621,154.620,41.394,41.453,41.453,CCW
28,09,2022,12,59,06,154.636,154.637,154.638,41.394,41.400,41.400,CCW
28,09,2022,12,59,06,154.636,154.637,154.638,41.394,41.400,41.400,CCW
28,09,2022,12,59,07,154.636,154.637,154.638,41.394,41.400,41.400,CCW
28,09,2022,12,59,21,154.709,154.712,154.712,41.271,41.300,41.300,CCW
28,09,2022,12,59,40,154.782,154.784,154.784,41.148,41.199,41.199,CCW
28,09,2022,12,59,53,154.818,154.822,154.822,41.086,41.098,41.098,CCW
28,09,2022,13,00,11,154.890,154.894,154.894,40.963,40.997,40.997,CCW
28,09,2022,13,00,29,154.961,154.958,154.958,40.840,40.895,40.895,CCW
28,09,2022,13,02,11,154.961,155.059,155.059,40.840,40.872,40.872,CCW
28,09,2022,13,02,12,154.961,155.255,155.255,40.840,40.872,40.872,CCW
28,09,2022,13,02,12,154.961,155.441,155.441,40.840,40.872,40.872,CCW
28,09,2022,13,02,12,154.961,155.658,155.658,40.840,40.872,40.872,CCW
28,09,2022,13,02,33,154.961,155.529,155.529,40.840,40.872,40.872,CCW
28,09,2022,13,02,34,154.961,155.403,155.403,40.840,40.872,40.872,CCW
28,09,2022,13,02,35,154.961,155.353,155.354,40.840,40.872,40.872,CCW
28,09,2022,13,03,15,154.961,155.360,155.359,40.840,40.872,40.872,CCW
28,09,2022,13,03,54,154.961,155.366,155.365,40.840,40.872,40.872,CCW
28,09,2022,13,04,35,154.961,155.231,155.231,40.840,40.872,40.872,CCW
28,09,2022,13,04,36,154.961,155.075,155.075,40.840,40.872,40.872,CCW
28,09,2022,13,53,25,163.865,155.263,155.263,27.697,40.739,40.739,CCW
28,09,2022,13,53,25,163.865,156.109,156.109,27.697,40.445,40.445,CCW
28,09,2022,13,53,25,163.865,156.850,156.850,27.697,40.156,40.156,CCW
28,09,2022,13,53,26,163.865,157.614,157.614,27.697,39.868,39.868,CCW
28,09,2022,13,53,26,163.865,158.340,158.340,27.697,39.576,39.576,CCW
28,09,2022,13,53,26,163.865,159.008,159.008,27.697,39.284,39.284,CCW
28,09,2022,13,53,26,163.865,159.628,159.628,27.697,38.995,38.995,CCW
28,09,2022,13,53,27,163.865,160.202,160.202,27.697,38.702,38.702,CCW
28,09,2022,13,53,27,163.865,160.591,160.591,27.697,38.407,38.407,CCW
28,09,2022,13,53,27,163.865,160.643,160.643,27.697,38.116,38.116,CCW
28,09,2022,13,53,27,163.865,160.664,160.664,27.697,37.822,37.822,CCW
28,09,2022,13,53,28,163.865,160.672,160.672,27.697,37.523,37.523,CCW
28,09,2022,13,53,28,163.865,161.061,161.061,27.697,37.229,37.229,CCW
28,09,2022,13,53,28,163.865,161.403,161.403,27.697,36.936,36.936,CCW
28,09,2022,13,53,28,163.865,161.689,161.689,27.697,36.638,36.638,CCW
28,09,2022,13,53,29,163.865,161.926,161.926,27.697,36.342,36.342,CCW
28,09,2022,13,53,29,163.865,162.113,162.113,27.697,36.045,36.045,CCW
28,09,2022,13,53,29,163.865,162.253,162.253,27.697,35.747,35.747,CCW
28,09,2022,13,53,29,163.865,162.351,162.351,27.697,35.446,35.446,CCW
28,09,2022,13,53,30,163.865,162.413,162.413,27.697,35.149,35.149,CCW
28,09,2022,13,53,30,163.865,162.440,162.440,27.697,34.848,34.848,CCW
28,09,2022,13,53,30,163.865,162.444,162.444,27.697,34.547,34.547,CCW
28,09,2022,13,53,30,163.865,162.652,162.652,27.697,34.280,34.280,CCW
28,09,2022,13,53,31,163.865,162.844,162.844,27.697,34.026,34.026,CCW
28,09,2022,13,53,31,163.865,162.986,162.986,27.697,33.775,33.775,CCW
28,09,2022,13,53,31,163.865,163.081,163.081,27.697,33.524,33.524,CCW
28,09,2022,13,53,32,163.865,163.135,163.135,27.697,33.304,33.304,CCW
28,09,2022,13,53,32,163.865,163.157,163.157,27.697,33.102,33.102,CCW
28,09,2022,13,53,32,163.865,163.246,163.246,27.697,32.898,32.898,CCW
28,09,2022,13,53,32,163.865,163.312,163.312,27.697,32.697,32.697,CCW
28,09,2022,13,53,33,163.865,163.385,163.385,27.697,32.493,32.493,CCW
28,09,2022,13,53,33,163.865,163.445,163.445,27.697,32.322,32.322,CCW
28,09,2022,13,53,33,163.865,163.501,163.501,27.697,32.169,32.169,CCW
28,09,2022,13,53,33,163.865,163.556,163.556,27.697,32.015,32.015,CCW
28,09,2022,13,53,34,163.865,163.609,163.609,27.697,31.863,31.863,CCW
28,09,2022,13,53,34,163.865,163.660,163.660,27.697,31.709,31.709,CCW
28,09,2022,13,53,34,163.865,163.710,163.710,27.697,31.554,31.554,CCW
28,09,2022,13,53,34,163.896,163.753,163.753,27.681,31.438,31.438,CCW
28,09,2022,13,53,34,163.896,163.789,163.789,27.681,31.334,31.334,CCW
28,09,2022,13,53,35,163.896,163.828,163.828,27.681,31.230,31.230,CCW
28,09,2022,13,53,35,163.896,163.858,163.858,27.681,31.130,31.130,CCW
28,09,2022,13,53,35,163.896,163.877,163.877,27.681,31.027,31.027,CCW
28,09,2022,13,53,36,163.896,163.884,163.885,27.681,30.926,30.926,CCW
28,09,2022,13,53,36,163.896,163.894,163.894,27.681,30.825,30.825,CCW
28,09,2022,13,53,36,163.896,163.900,163.900,27.681,30.723,30.723,CCW
28,09,2022,13,53,36,163.896,163.901,163.901,27.681,30.620,30.620,CCW
28,09,2022,13,53,37,163.896,163.902,163.902,27.681,30.520,30.520,CCW
28,09,2022,13,53,38,163.896,163.902,163.902,27.681,30.410,30.410,CCW
28,09,2022,13,53,38,163.896,163.902,163.902,27.681,30.298,30.298,CCW
28,09,2022,13,53,39,163.896,163.903,163.903,27.681,30.183,30.183,CCW
28,09,2022,13,53,40,163.896,163.903,163.903,27.681,30.072,30.072,CCW
28,09,2022,13,53,41,163.896,163.903,163.903,27.681,29.958,29.958,CCW
28,09,2022,13,53,41,163.896,163.903,163.903,27.681,29.846,29.846,CCW
28,09,2022,13,53,42,163.896,163.903,163.903,27.681,29.733,29.733,CCW
28,09,2022,13,53,43,163.896,163.903,163.903,27.681,29.631,29.631,CCW
28,09,2022,13,53,45,163.928,163.903,163.903,27.665,29.519,29.519,CCW
28,09,2022,13,53,46,163.928,163.927,163.927,27.665,29.406,29.406,CCW
28,09,2022,13,53,48,163.928,163.928,163.928,27.665,29.291,29.291,CCW
28,09,2022,13,53,49,163.928,163.928,163.928,27.665,29.178,29.178,CCW
28,09,2022,13,53,51,163.928,163.929,163.929,27.665,29.065,29.065,CCW
28,09,2022,13,53,52,163.928,163.929,163.929,27.665,28.951,28.951,CCW
28,09,2022,13,53,54,163.928,163.929,163.929,27.665,28.837,28.837,CCW
28,09,2022,13,53,55,163.959,163.949,163.949,27.649,28.724,28.724,CCW
28,09,2022,13,53,57,163.959,163.955,163.955,27.649,28.624,28.624,CCW
28,09,2022,13,53,59,163.959,163.955,163.955,27.649,28.519,28.519,CCW
28,09,2022,13,54,01,163.959,163.956,163.956,27.649,28.415,28.415,CCW
28,09,2022,13,54,04,163.959,163.956,163.956,27.649,28.313,28.313,CCW
28,09,2022,13,54,06,163.991,163.993,163.993,27.633,28.210,28.210,CCW
28,09,2022,13,54,09,163.991,163.994,163.994,27.633,28.109,28.109,CCW
28,09,2022,13,54,16,164.023,164.019,164.020,27.617,28.009,28.009,CCW
28,09,2022,13,54,23,164.023,164.022,164.022,27.617,27.906,27.906,CCW
28,09,2022,13,54,29,164.054,164.056,164.056,27.601,27.803,27.803,CCW
28,09,2022,13,54,32,164.054,164.056,164.057,27.601,27.757,27.757,CCW
28,09,2022,13,54,33,164.054,164.056,164.057,27.601,27.753,27.753,CCW
28,09,2022,13,54,33,164.054,164.056,164.057,27.601,27.749,27.749,CCW
28,09,2022,13,54,33,164.054,164.056,164.057,27.601,27.745,27.745,CCW
28,09,2022,13,54,40,164.086,164.082,164.082,27.585,27.645,27.645,CCW
28,09,2022,13,54,46,164.117,164.110,164.109,27.569,27.578,27.578,CCW
28,09,2022,13,55,16,164.212,164.211,164.211,27.520,27.525,27.525,CCW
28,09,2022,13,55,42,164.275,164.325,164.325,27.488,27.494,27.494,CCW
28,09,2022,13,55,43,164.275,164.506,164.506,27.488,27.494,27.494,CCW
28,09,2022,13,55,43,164.275,164.692,164.692,27.488,27.494,27.494,CCW
28,09,2022,13,55,43,164.275,164.913,164.913,27.488,27.494,27.494,CCW
28,09,2022,13,55,45,164.307,164.803,164.803,27.472,27.487,27.487,CCW
28,09,2022,13,55,46,164.307,164.674,164.674,27.472,27.481,27.481,CCW
28,09,2022,13,55,46,164.307,164.560,164.560,27.472,27.475,27.475,CCW
28,09,2022,13,55,47,164.307,164.458,164.458,27.472,27.472,27.472,CCW
28,09,2022,13,55,47,164.307,164.349,164.349,27.472,27.472,27.472,CCW
28,09,2022,13,56,02,164.338,164.524,164.524,27.456,27.456,27.456,CCW
28,09,2022,13,56,06,164.370,164.419,164.419,27.440,27.447,27.447,CCW
28,09,2022,13,56,06,164.370,164.376,164.375,27.440,27.445,27.445,CCW
28,09,2022,13,56,08,164.370,164.253,164.253,27.440,27.442,27.442,CCW
28,09,2022,13,56,09,164.370,164.038,164.038,27.440,27.441,27.441,CCW
28,09,2022,13,56,12,164.370,163.915,163.915,27.440,27.440,27.440,CCW
28,09,2022,13,56,12,164.370,163.729,163.729,27.440,27.440,27.440,CCW
28,09,2022,13,56,15,164.401,163.882,163.882,27.424,27.435,27.435,CCW
28,09,2022,13,56,16,164.401,164.017,164.017,27.424,27.430,27.430,CCW
28,09,2022,13,56,16,164.401,164.123,164.123,27.424,27.429,27.429,CCW
28,09,2022,13,56,17,164.401,164.260,164.260,27.424,27.427,27.427,CCW
28,09,2022,13,56,18,164.401,164.360,164.360,27.424,27.427,27.427,CCW
28,09,2022,13,56,18,164.401,164.376,164.375,27.424,27.426,27.426,CCW
28,09,2022,13,56,29,164.433,164.477,164.477,27.407,27.407,27.407,CCW
28,09,2022,13,56,30,164.433,164.597,164.597,27.407,27.407,27.407,CCW
28,09,2022,13,56,30,164.433,164.782,164.782,27.407,27.407,27.407,CCW
28,09,2022,13,56,31,164.433,164.961,164.961,27.407,27.407,27.407,CCW
28,09,2022,13,56,31,164.433,165.094,165.094,27.407,27.406,27.406,CCW
28,09,2022,13,56,35,164.465,164.963,164.963,27.391,27.402,27.402,CCW
28,09,2022,13,56,36,164.465,164.843,164.843,27.391,27.396,27.396,CCW
28,09,2022,13,56,36,164.465,164.728,164.728,27.391,27.393,27.393,CCW
28,09,2022,13,56,37,164.465,164.624,164.624,27.391,27.392,27.392,CCW
28,09,2022,13,56,37,164.465,164.546,164.547,27.391,27.392,27.392,CCW
28,09,2022,13,56,59,164.528,164.429,164.429,27.359,27.358,27.358,CCW
28,09,2022,13,57,03,164.528,164.531,164.531,27.359,27.358,27.358,CCW
28,09,2022,13,57,16,164.591,164.592,164.593,27.327,27.330,27.330,CCW
28,09,2022,13,57,29,164.622,164.628,164.627,27.311,27.311,27.311,CCW
28,09,2022,13,57,29,164.622,164.628,164.627,27.311,27.311,27.311,CCW
28,09,2022,13,57,44,164.654,164.654,164.653,27.295,27.296,27.296,CCW
28,09,2022,13,57,44,164.654,164.654,164.653,27.295,27.296,27.296,CCW
28,09,2022,13,57,44,164.654,164.654,164.653,27.295,27.295,27.295,CCW
28,09,2022,13,57,44,164.685,164.654,164.653,27.279,27.296,27.296,CCW
28,09,2022,13,58,15,164.780,164.758,164.758,27.230,27.247,27.247,CCW
28,09,2022,13,58,45,164.875,164.864,164.864,27.182,27.195,27.195,CCW
28,09,2022,13,58,47,164.875,164.873,164.874,27.182,27.185,27.185,CCW
28,09,2022,13,59,02,164.906,164.910,164.911,27.166,27.169,27.169,CCW
28,09,2022,13,59,02,164.906,164.910,164.911,27.166,27.169,27.169,CCW
28,09,2022,13,59,02,164.906,164.910,164.911,27.166,27.169,27.169,CCW
28,09,2022,13,59,03,164.906,164.910,164.911,27.166,27.169,27.169,CCW
28,09,2022,13,59,11,164.938,164.938,164.937,27.150,27.154,27.154,CCW
28,09,2022,13,59,11,164.938,164.938,164.937,27.150,27.154,27.154,CCW
28,09,2022,13,59,13,164.938,164.938,164.937,27.150,27.153,27.153,CCW
28,09,2022,13,59,13,164.938,164.938,164.937,27.150,27.153,27.153,CCW
28,09,2022,13,59,14,164.938,164.938,164.937,27.150,27.153,27.153,CCW
28,09,2022,13,59,14,164.938,164.938,164.937,27.150,27.153,27.153,CCW
28,09,2022,13,59,14,164.970,164.938,164.937,27.134,27.153,27.153,CCW
28,09,2022,13,59,15,164.970,164.938,164.937,27.134,27.153,27.153,CCW
28,09,2022,13,59,27,165.001,164.999,165.000,27.117,27.124,27.124,CCW
28,09,2022,13,59,47,165.064,165.104,165.104,27.085,27.093,27.093,CCW
28,09,2022,13,59,47,165.064,165.260,165.260,27.085,27.093,27.093,CCW
28,09,2022,13,59,47,165.064,165.598,165.598,27.085,27.093,27.093,CCW
28,09,2022,13,59,48,165.064,165.409,165.409,27.085,27.091,27.091,CCW
28,09,2022,13,59,50,165.064,165.553,165.553,27.085,27.091,27.091,CCW
28,09,2022,13,59,50,165.064,165.708,165.708,27.085,27.092,27.092,CCW
28,09,2022,13,59,55,165.096,165.545,165.545,27.069,27.083,27.083,CCW
28,09,2022,13,59,56,165.096,165.391,165.391,27.069,27.075,27.075,CCW
28,09,2022,13,59,56,165.096,165.347,165.346,27.069,27.073,27.073,CCW
28,09,2022,13,59,57,165.096,165.240,165.240,27.069,27.073,27.073,CCW
28,09,2022,13,59,57,165.096,164.995,164.995,27.069,27.073,27.073,CCW
28,09,2022,13,59,58,165.096,164.712,164.712,27.069,27.073,27.073,CCW
28,09,2022,13,59,58,165.096,164.530,164.530,27.069,27.071,27.071,CCW
28,09,2022,13,59,58,165.096,164.677,164.677,27.069,27.071,27.071,CCW
28,09,2022,13,59,59,165.096,164.524,164.524,27.069,27.071,27.071,CCW
28,09,2022,14,00,05,165.127,164.670,164.670,27.053,27.065,27.065,CCW
28,09,2022,14,00,06,165.127,164.788,164.788,27.053,27.059,27.059,CCW
28,09,2022,14,00,06,165.127,164.895,164.895,27.053,27.058,27.058,CCW
28,09,2022,14,00,07,165.127,165.018,165.018,27.053,27.058,27.058,CCW
28,09,2022,14,00,09,165.127,165.125,165.125,27.053,27.058,27.058,CCW
28,09,2022,14,00,26,165.191,165.189,165.188,27.021,27.026,27.026,CCW
28,09,2022,14,01,00,165.285,165.285,165.286,26.972,26.975,26.975,CCW
28,09,2022,14,01,01,165.285,165.285,165.286,26.972,26.975,26.975,CCW
28,09,2022,14,01,07,165.317,165.322,165.323,26.956,26.961,26.961,CCW
28,09,2022,14,01,18,165.348,165.348,165.349,26.940,26.946,26.946,CCW
28,09,2022,14,01,55,165.475,165.453,165.453,26.876,26.891,26.891,CCW
28,09,2022,14,02,21,165.538,165.542,165.541,26.844,26.845,26.845,CCW
28,09,2022,14,02,21,165.538,165.542,165.541,26.844,26.845,26.845,CCW
28,09,2022,14,02,31,165.569,165.569,165.570,26.827,26.833,26.833,CCW
28,09,2022,14,02,31,165.569,165.569,165.570,26.827,26.833,26.833,CCW
28,09,2022,14,02,31,165.569,165.569,165.570,26.827,26.833,26.833,CCW
28,09,2022,14,02,46,165.632,165.632,165.633,26.795,26.799,26.799,CCW
28,09,2022,14,03,25,165.759,165.738,165.738,26.731,26.748,26.748,CCW
28,09,2022,14,03,30,165.759,165.766,165.765,26.731,26.734,26.734,CCW
28,09,2022,14,03,30,165.759,165.766,165.765,26.731,26.734,26.734,CCW
28,09,2022,14,03,31,165.759,165.766,165.765,26.731,26.734,26.734,CCW
28,09,2022,14,04,05,165.885,165.870,165.870,26.666,26.676,26.676,CCW
28,09,2022,14,04,08,165.885,165.887,165.888,26.666,26.666,26.666,CCW
28,09,2022,14,04,15,165.917,165.897,165.896,26.650,26.665,26.665,CCW
28,09,2022,14,04,16,165.917,165.920,165.919,26.650,26.654,26.654,CCW
28,09,2022,14,04,17,165.917,165.921,165.922,26.650,26.650,26.650,CCW
28,09,2022,14,04,18,165.917,165.923,165.922,26.650,26.649,26.649,CCW
28,09,2022,14,04,55,166.043,166.030,166.030,26.586,26.595,26.595,CCW
28,09,2022,14,05,26,166.138,166.136,166.136,26.537,26.544,26.544,CCW
28,09,2022,14,05,33,166.138,166.139,166.140,26.537,26.542,26.542,CCW
28,09,2022,14,05,34,166.138,166.139,166.140,26.537,26.542,26.542,CCW
28,09,2022,14,05,34,166.138,166.139,166.140,26.537,26.542,26.542,CCW
28,09,2022,14,05,42,166.169,166.178,166.177,26.521,26.527,26.527,CCW
28,09,2022,14,06,15,166.295,166.281,166.281,26.457,26.474,26.474,CCW
28,09,2022,14,06,46,166.390,166.388,166.388,26.409,26.416,26.416,CCW
28,09,2022,14,07,09,166.453,166.456,166.455,26.376,26.383,26.383,CCW
28,09,2022,14,07,17,166.485,166.485,166.484,26.360,26.368,26.368,CCW
28,09,2022,14,07,41,166.548,166.553,166.552,26.328,26.333,26.333,CCW
28,09,2022,14,07,41,166.548,166.553,166.552,26.328,26.333,26.333,CCW
28,09,2022,14,08,15,166.674,166.661,166.661,26.264,26.279,26.279,CCW
28,09,2022,14,08,31,166.706,166.715,166.716,26.247,26.251,26.251,CCW
28,09,2022,14,08,48,166.769,166.817,166.817,26.215,26.220,26.220,CCW
28,09,2022,14,08,57,166.800,166.795,166.796,26.199,26.204,26.204,CCW
28,09,2022,14,09,26,166.895,166.900,166.900,26.151,26.155,26.155,CCW
28,09,2022,15,57,17,0.000,166.969,166.969,0.000,26.134,26.134,CCW
29,09,2022,11,17,24,86.178,166.472,166.472,67.656,26.609,26.609,CCW
29,09,2022,11,17,24,86.178,165.215,165.214,67.656,26.926,26.926,CCW
29,09,2022,11,17,24,86.178,164.664,164.664,67.656,27.251,27.251,CCW
29,09,2022,11,17,25,86.178,164.336,164.336,67.656,27.564,27.564,CCW
29,09,2022,11,17,25,86.178,163.346,163.346,67.656,27.881,27.881,CCW
29,09,2022,11,17,25,86.178,162.314,162.314,67.656,28.198,28.198,CCW
29,09,2022,11,17,26,86.178,160.735,160.735,67.656,28.828,28.828,CCW
29,09,2022,11,17,26,86.178,160.171,160.171,67.656,29.142,29.142,CCW
29,09,2022,11,17,26,86.178,159.705,159.705,67.656,29.453,29.453,CCW
29,09,2022,11,17,27,86.178,158.893,158.893,67.656,29.766,29.766,CCW
29,09,2022,11,17,27,86.178,157.960,157.960,67.656,30.080,30.080,CCW
29,09,2022,11,17,27,86.178,157.140,157.140,67.656,30.391,30.391,CCW
29,09,2022,11,17,27,86.178,156.429,156.429,67.656,30.700,30.700,CCW
29,09,2022,11,17,28,86.178,155.804,155.804,67.656,31.009,31.009,CCW
29,09,2022,11,17,28,86.178,155.237,155.237,67.656,31.317,31.317,CCW
29,09,2022,11,17,28,86.178,154.342,154.342,67.656,31.627,31.627,CCW
29,09,2022,11,17,28,86.178,153.543,153.543,67.656,31.930,31.930,CCW
29,09,2022,11,17,29,86.178,152.160,152.160,67.656,32.546,32.546,CCW
29,09,2022,11,17,29,86.178,151.351,151.351,67.656,32.852,32.852,CCW
29,09,2022,11,17,29,86.178,150.665,150.665,67.656,33.154,33.154,CCW
29,09,2022,11,17,30,86.178,149.866,149.866,67.656,33.457,33.457,CCW
29,09,2022,11,17,30,86.178,148.373,148.373,67.656,34.064,34.064,CCW
29,09,2022,11,17,31,86.178,146.855,146.855,67.656,34.666,34.666,CCW
29,09,2022,11,17,31,86.178,146.077,146.077,67.656,34.966,34.966,CCW
29,09,2022,11,17,31,86.178,144.548,144.548,67.656,35.566,35.566,CCW
29,09,2022,11,17,32,86.178,143.810,143.810,67.656,35.864,35.864,CCW
29,09,2022,11,17,32,86.178,143.045,143.045,67.656,36.160,36.160,CCW
29,09,2022,11,17,32,86.178,142.287,142.287,67.656,36.458,36.458,CCW
29,09,2022,11,17,32,86.178,141.524,141.524,67.656,36.757,36.757,CCW
29,09,2022,11,17,33,86.178,140.751,140.751,67.656,37.052,37.052,CCW
29,09,2022,11,17,33,86.178,140.004,140.004,67.656,37.346,37.346,CCW
29,09,2022,11,17,33,86.178,139.218,139.218,67.656,37.643,37.643,CCW
29,09,2022,11,17,33,86.372,138.454,138.454,67.656,37.938,37.938,CCW
29,09,2022,11,17,34,86.372,136.947,136.947,67.656,38.524,38.524,CCW
29,09,2022,11,17,34,86.372,135.434,135.434,67.656,39.109,39.109,CCW
29,09,2022,11,17,35,86.372,134.656,134.656,67.656,39.399,39.399,CCW
29,09,2022,11,17,35,86.372,133.878,133.878,67.656,39.691,39.691,CCW
29,09,2022,11,17,35,86.372,133.114,133.114,67.656,39.980,39.980,CCW
29,09,2022,11,17,36,86.372,132.352,132.352,67.656,40.272,40.272,CCW
29,09,2022,11,17,36,86.372,131.581,131.581,67.656,40.561,40.561,CCW
29,09,2022,11,17,36,86.372,130.821,130.821,67.656,40.849,40.849,CCW
29,09,2022,11,17,36,86.372,129.317,129.317,67.656,41.424,41.424,CCW
29,09,2022,11,17,37,86.372,128.549,128.549,67.656,41.713,41.713,CCW
29,09,2022,11,17,37,86.372,127.774,127.774,67.656,42.001,42.001,CCW
29,09,2022,11,17,37,86.372,127.000,127.000,67.656,42.284,42.284,CCW
29,09,2022,11,17,38,86.372,126.240,126.240,67.656,42.573,42.573,CCW
29,09,2022,11,17,38,86.372,125.491,125.491,67.656,42.858,42.858,CCW
29,09,2022,11,17,38,86.372,124.701,124.701,67.656,43.140,43.140,CCW
29,09,2022,11,17,38,86.372,123.946,123.946,67.656,43.425,43.425,CCW
29,09,2022,11,17,39,86.372,123.189,123.189,67.656,43.708,43.708,CCW
29,09,2022,11,17,39,86.372,122.435,122.435,67.656,43.993,43.993,CCW
29,09,2022,11,17,39,86.372,121.690,121.690,67.656,44.276,44.276,CCW
29,09,2022,11,17,39,86.372,120.916,120.916,67.656,44.557,44.557,CCW
29,09,2022,11,17,40,86.372,120.144,120.144,67.656,44.840,44.840,CCW
29,09,2022,11,17,40,86.372,119.378,119.378,67.656,45.120,45.120,CCW
29,09,2022,11,17,40,86.372,117.866,117.866,67.656,45.682,45.682,CCW
29,09,2022,11,17,41,86.372,117.108,117.109,67.656,45.960,45.960,CCW
29,09,2022,11,17,41,86.372,116.361,116.361,67.656,46.243,46.243,CCW
29,09,2022,11,17,41,86.372,115.600,115.600,67.656,46.521,46.521,CCW
29,09,2022,11,17,42,86.372,114.070,114.070,67.656,47.078,47.078,CCW
29,09,2022,11,17,42,86.372,112.537,112.537,67.656,47.633,47.633,CCW
29,09,2022,11,17,42,86.372,111.792,111.792,67.656,47.907,47.907,CCW
29,09,2022,11,17,43,86.372,110.267,110.267,67.656,48.461,48.461,CCW
29,09,2022,11,17,43,86.372,109.512,109.512,67.656,48.738,48.738,CCW
29,09,2022,11,17,43,86.567,108.742,108.742,67.657,49.014,49.014,CCW
29,09,2022,11,17,44,86.567,107.985,107.985,67.657,49.289,49.289,CCW
29,09,2022,11,17,44,86.567,107.242,107.242,67.657,49.564,49.564,CCW
29,09,2022,11,17,44,86.567,106.464,106.463,67.657,49.837,49.837,CCW
29,09,2022,11,17,44,86.567,105.702,105.702,67.657,50.112,50.112,CCW
29,09,2022,11,17,45,86.567,104.937,104.937,67.657,50.383,50.383,CCW
29,09,2022,11,17,45,86.567,104.182,104.182,67.657,50.656,50.656,CCW
29,09,2022,11,17,45,86.567,102.686,102.686,67.657,51.203,51.203,CCW
29,09,2022,11,17,46,86.567,101.912,101.912,67.657,51.475,51.475,CCW
29,09,2022,11,17,46,86.567,101.142,101.142,67.657,51.745,51.745,CCW
29,09,2022,11,17,46,86.567,100.395,100.395,67.657,52.017,52.017,CCW
29,09,2022,11,17,47,86.567,98.875,98.875,67.657,52.556,52.556,CCW
29,09,2022,11,17,47,86.567,98.108,98.108,67.657,52.826,52.826,CCW
29,09,2022,11,17,47,86.567,97.359,97.359,67.657,53.098,53.098,CCW
29,09,2022,11,17,48,86.567,96.630,96.630,67.657,53.364,53.364,CCW
29,09,2022,11,17,48,86.567,95.879,95.879,67.657,53.635,53.635,CCW
29,09,2022,11,17,48,86.567,94.340,94.340,67.657,54.172,54.172,CCW
29,09,2022,11,17,49,86.567,93.579,93.579,67.657,54.439,54.439,CCW
29,09,2022,11,17,49,86.567,92.841,92.841,67.657,54.706,54.706,CCW
29,09,2022,11,17,49,86.567,92.085,92.085,67.657,54.973,54.973,CCW
29,09,2022,11,17,49,86.567,91.486,91.486,67.657,55.242,55.242,CCW
29,09,2022,11,17,50,86.567,91.080,91.080,67.657,55.507,55.507,CCW
29,09,2022,11,17,50,86.567,90.798,90.798,67.657,55.769,55.769,CCW
29,09,2022,11,17,50,86.567,90.406,90.406,67.657,56.037,56.037,CCW
29,09,2022,11,17,50,86.567,89.828,89.828,67.657,56.569,56.569,CCW
29,09,2022,11,17,51,86.567,89.592,89.592,67.657,56.832,56.832,CCW
29,09,2022,11,17,51,86.567,89.379,89.379,67.657,57.098,57.098,CCW
29,09,2022,11,17,51,86.567,89.187,89.187,67.657,57.361,57.361,CCW
29,09,2022,11,17,52,86.567,88.816,88.816,67.657,57.889,57.889,CCW
29,09,2022,11,17,52,86.567,88.440,88.440,67.657,58.413,58.413,CCW
29,09,2022,11,17,53,86.567,88.281,88.281,67.657,58.678,58.678,CCW
29,09,2022,11,17,53,86.567,88.129,88.129,67.657,58.939,58.939,CCW
29,09,2022,11,17,53,86.567,87.982,87.982,67.657,59.203,59.203,CCW
29,09,2022,11,17,53,86.762,87.828,87.828,67.657,59.462,59.462,CCW
29,09,2022,11,17,54,86.762,87.674,87.674,67.657,59.722,59.722,CCW
29,09,2022,11,17,54,86.762,87.559,87.559,67.657,59.983,59.983,CCW
29,09,2022,11,17,54,86.762,87.490,87.490,67.657,60.243,60.243,CCW
29,09,2022,11,17,54,86.762,87.416,87.416,67.657,60.505,60.505,CCW
29,09,2022,11,17,55,86.762,87.339,87.339,67.657,60.763,60.763,CCW
29,09,2022,11,17,55,86.762,87.263,87.263,67.657,60.996,60.996,CCW
29,09,2022,11,17,55,86.762,87.186,87.186,67.657,61.210,61.210,CCW
29,09,2022,11,17,55,86.762,87.123,87.123,67.657,61.426,61.426,CCW
29,09,2022,11,17,56,86.762,87.067,87.067,67.657,61.642,61.642,CCW
29,09,2022,11,17,56,86.762,87.012,87.012,67.657,61.859,61.859,CCW
29,09,2022,11,17,56,86.762,86.958,86.958,67.657,62.046,62.046,CCW
29,09,2022,11,17,56,86.762,86.919,86.919,67.657,62.217,62.217,CCW
29,09,2022,11,17,57,86.762,86.880,86.880,67.657,62.390,62.390,CCW
29,09,2022,11,17,57,86.762,86.845,86.845,67.657,62.561,62.561,CCW
29,09,2022,11,17,57,86.762,86.813,86.813,67.657,62.733,62.733,CCW
29,09,2022,11,17,57,86.762,86.785,86.785,67.657,62.874,62.874,CCW
29,09,2022,11,17,58,86.762,86.770,86.770,67.657,63.004,63.004,CCW
29,09,2022,11,17,58,86.762,86.763,86.763,67.657,63.133,63.133,CCW
29,09,2022,11,17,58,86.762,86.763,86.763,67.657,63.261,63.261,CCW
29,09,2022,11,17,59,86.762,86.762,86.762,67.657,63.387,63.387,CCW
29,09,2022,11,17,59,86.762,86.762,86.762,67.657,63.646,63.646,CCW
29,09,2022,11,17,59,86.762,86.761,86.761,67.657,63.774,63.774,CCW
29,09,2022,11,18,00,86.762,86.761,86.761,67.657,64.043,64.043,CCW
29,09,2022,11,18,01,86.762,86.761,86.761,67.657,64.296,64.296,CCW
29,09,2022,11,18,01,86.762,86.761,86.761,67.657,64.463,64.463,CCW
29,09,2022,11,18,02,86.762,86.761,86.761,67.657,64.631,64.631,CCW
29,09,2022,11,18,02,86.762,86.760,86.760,67.657,64.768,64.768,CCW
29,09,2022,11,18,03,86.957,86.760,86.760,67.657,64.891,64.891,CCW
29,09,2022,11,18,04,86.957,86.824,86.824,67.657,65.015,65.015,CCW
29,09,2022,11,18,05,86.957,86.933,86.933,67.657,65.136,65.136,CCW
29,09,2022,11,18,07,86.957,86.956,86.956,67.657,65.261,65.261,CCW
29,09,2022,11,18,07,86.957,86.958,86.958,67.657,65.383,65.383,CCW
29,09,2022,11,18,09,86.957,86.959,86.959,67.657,65.505,65.505,CCW
29,09,2022,11,18,10,86.957,86.959,86.959,67.657,65.659,65.659,CCW
29,09,2022,11,18,12,86.957,86.960,86.960,67.657,65.773,65.773,CCW
29,09,2022,11,18,13,87.151,86.960,86.960,67.657,65.881,65.881,CCW
29,09,2022,11,18,14,87.151,87.084,87.084,67.657,65.942,65.942,CCW
29,09,2022,11,18,16,87.151,87.154,87.154,67.657,66.049,66.049,CCW
29,09,2022,11,18,18,87.151,87.159,87.159,67.657,66.158,66.158,CCW
29,09,2022,11,18,20,87.151,87.160,87.160,67.657,66.265,66.265,CCW
29,09,2022,11,18,21,87.151,87.162,87.162,67.657,66.370,66.370,CCW
29,09,2022,11,18,23,87.346,87.163,87.163,67.657,66.480,66.480,CCW
29,09,2022,11,18,25,87.346,87.309,87.309,67.657,66.570,66.570,CCW
29,09,2022,11,18,27,87.346,87.356,87.356,67.657,66.674,66.674,CCW
29,09,2022,11,18,30,87.346,87.360,87.360,67.657,66.784,66.784,CCW
29,09,2022,11,18,33,87.346,87.362,87.362,67.657,66.892,66.892,CCW
29,09,2022,11,18,35,87.541,87.477,87.477,67.656,66.960,66.960,CCW
29,09,2022,11,18,38,87.541,87.542,87.542,67.656,67.068,67.068,CCW
29,09,2022,11,18,40,87.541,87.543,87.543,67.656,67.168,67.168,CCW
29,09,2022,11,18,45,87.736,87.661,87.661,67.655,67.216,67.216,CCW
29,09,2022,11,18,53,87.736,87.754,87.754,67.655,67.317,67.317,CCW
29,09,2022,11,18,54,87.931,87.754,87.755,67.654,67.323,67.323,CCW
29,09,2022,11,18,55,87.931,87.873,87.873,67.654,67.335,67.335,CCW
29,09,2022,11,19,03,88.126,87.938,87.938,67.653,67.437,67.437,CCW
29,09,2022,11,19,05,88.126,88.083,88.083,67.653,67.457,67.457,CCW
29,09,2022,11,19,13,88.321,88.135,88.135,67.652,67.562,67.562,CCW
29,09,2022,11,19,15,88.321,88.277,88.277,67.652,67.576,67.576,CCW
29,09,2022,11,19,24,88.516,88.415,88.415,67.650,67.644,67.644,CCW
29,09,2022,11,19,26,88.516,88.518,88.518,67.650,67.644,67.644,CCW
29,09,2022,11,19,35,88.710,88.643,88.643,67.648,67.644,67.644,CCW
29,09,2022,11,19,39,88.710,88.714,88.713,67.648,67.645,67.645,CCW
29,09,2022,11,19,39,88.710,88.714,88.713,67.648,67.644,67.644,CCW
29,09,2022,11,19,44,88.905,88.839,88.839,67.646,67.645,67.645,CCW
29,09,2022,11,19,54,89.100,88.942,88.942,67.644,67.645,67.645,CCW
29,09,2022,11,19,55,89.100,89.067,89.067,67.644,67.645,67.645,CCW
29,09,2022,11,20,05,89.295,89.247,89.247,67.641,67.645,67.645,CCW
29,09,2022,11,20,15,89.490,89.369,89.369,67.639,67.645,67.645,CCW
29,09,2022,11,20,15,89.490,89.405,89.406,67.639,67.645,67.645,CCW
29,09,2022,11,20,24,89.685,89.506,89.506,67.636,67.645,67.645,CCW
29,09,2022,11,20,25,89.685,89.632,89.632,67.636,67.640,67.640,CCW
29,09,2022,11,20,34,89.879,89.767,89.767,67.633,67.640,67.640,CCW
29,09,2022,11,20,35,89.879,89.875,89.875,67.633,67.640,67.640,CCW
29,09,2022,11,20,44,90.074,89.915,89.916,67.629,67.636,67.636,CCW
29,09,2022,11,20,45,90.074,90.040,90.040,67.629,67.634,67.634,CCW
29,09,2022,11,20,55,90.269,90.201,90.201,67.626,67.634,67.634,CCW
29,09,2022,11,21,04,90.463,90.329,90.329,67.622,67.627,67.627,CCW
29,09,2022,11,21,05,90.463,90.448,90.448,67.622,67.627,67.627,CCW
29,09,2022,11,21,07,90.463,90.462,90.463,67.622,67.627,67.627,CCW
29,09,2022,11,21,08,90.463,90.464,90.463,67.622,67.627,67.627,CCW
29,09,2022,11,21,09,90.463,90.464,90.463,67.622,67.627,67.627,CCW
29,09,2022,11,26,00,90.463,90.333,90.333,67.622,67.623,67.623,CCW
29,09,2022,11,26,01,90.463,90.230,90.230,67.622,67.624,67.624,CCW
29,09,2022,11,26,05,90.463,90.331,90.331,67.622,67.624,67.624,CCW
29,09,2022,11,26,06,90.463,90.459,90.459,67.622,67.624,67.624,CCW
29,09,2022,11,26,12,96.440,91.353,91.353,67.398,67.622,67.622,CCW
29,09,2022,11,26,13,96.440,92.247,92.247,67.398,67.616,67.616,CCW
29,09,2022,11,26,13,96.440,92.599,92.599,67.398,67.616,67.616,CCW
29,09,2022,11,26,13,96.440,92.877,92.877,67.398,67.611,67.611,CCW
29,09,2022,11,26,14,96.440,93.173,93.173,67.398,67.608,67.608,CCW
29,09,2022,11,26,14,96.440,93.456,93.456,67.398,67.605,67.605,CCW
29,09,2022,11,26,14,96.440,93.823,93.823,67.398,67.600,67.600,CCW
29,09,2022,11,26,14,96.440,93.975,93.975,67.398,67.596,67.596,CCW
29,09,2022,11,26,15,96.440,94.218,94.218,67.398,67.590,67.590,CCW
29,09,2022,11,26,15,96.440,94.443,94.443,67.398,67.585,67.585,CCW
29,09,2022,11,26,16,96.440,94.617,94.617,67.398,67.579,67.579,CCW
29,09,2022,11,26,17,96.440,94.941,94.941,67.398,67.570,67.570,CCW
29,09,2022,11,26,17,96.440,95.087,95.087,67.398,67.567,67.567,CCW
29,09,2022,11,26,17,96.440,95.366,95.366,67.398,67.561,67.561,CCW
29,09,2022,11,26,18,96.440,95.521,95.521,67.398,67.559,67.559,CCW
29,09,2022,11,26,18,96.440,95.644,95.644,67.398,67.556,67.556,CCW
29,09,2022,11,26,19,96.440,95.824,95.824,67.398,67.547,67.547,CCW
29,09,2022,11,26,19,96.440,95.970,95.970,67.398,67.541,67.541,CCW
29,09,2022,11,26,20,96.440,96.106,96.106,67.398,67.534,67.534,CCW
29,09,2022,11,26,20,96.440,96.269,96.269,67.398,67.528,67.528,CCW
29,09,2022,11,26,21,96.440,96.380,96.380,67.398,67.525,67.525,CCW
29,09,2022,11,26,21,96.440,96.509,96.509,67.398,67.522,67.522,CCW
29,09,2022,11,26,21,96.440,96.654,96.654,67.398,67.519,67.519,CCW
29,09,2022,11,26,21,96.440,96.805,96.805,67.398,67.516,67.516,CCW
29,09,2022,11,26,22,96.631,96.947,96.947,67.387,67.514,67.514,CCW
29,09,2022,11,26,23,96.631,96.818,96.818,67.387,67.501,67.501,CCW
29,09,2022,11,26,23,96.631,96.708,96.708,67.387,67.492,67.492,CCW
29,09,2022,11,26,32,96.823,96.629,96.629,67.376,67.388,67.388,CCW
29,09,2022,11,26,38,96.823,96.781,96.781,67.376,67.384,67.384,CCW
29,09,2022,11,26,39,96.823,96.887,96.887,67.376,67.383,67.383,CCW
29,09,2022,11,26,40,96.823,97.020,97.020,67.376,67.383,67.383,CCW
29,09,2022,11,26,41,96.823,97.124,97.124,67.376,67.383,67.383,CCW
29,09,2022,11,26,41,96.823,97.234,97.234,67.376,67.383,67.383,CCW
29,09,2022,11,26,47,97.014,97.088,97.088,67.365,67.371,67.371,CCW
29,09,2022,11,26,48,97.014,96.949,96.949,67.365,67.371,67.371,CCW
29,09,2022,11,26,48,97.014,96.803,96.803,67.365,67.371,67.371,CCW
29,09,2022,11,26,49,97.014,96.663,96.663,67.365,67.371,67.371,CCW
29,09,2022,11,26,50,97.014,96.523,96.523,67.365,67.371,67.371,CCW
29,09,2022,11,26,51,97.014,96.381,96.381,67.365,67.371,67.371,CCW
29,09,2022,11,26,52,97.205,96.234,96.234,67.354,67.371,67.371,CCW
29,09,2022,11,26,54,97.205,96.514,96.514,67.354,67.360,67.360,CCW
29,09,2022,11,26,54,97.205,96.822,96.822,67.354,67.360,67.360,CCW
29,09,2022,11,26,55,97.205,96.985,96.985,67.354,67.359,67.359,CCW
29,09,2022,11,26,55,97.205,97.107,97.107,67.354,67.359,67.359,CCW
29,09,2022,11,26,56,97.205,97.234,97.234,67.354,67.360,67.360,CCW
29,09,2022,11,26,57,97.205,97.348,97.348,67.354,67.360,67.360,CCW
29,09,2022,11,26,59,97.205,97.449,97.449,67.354,67.360,67.360,CCW
29,09,2022,11,27,08,97.396,97.391,97.390,67.342,67.348,67.348,CCW
29,09,2022,11,27,08,97.396,97.391,97.390,67.342,67.347,67.347,CCW
29,09,2022,11,27,08,97.396,97.391,97.390,67.342,67.347,67.347,CCW
29,09,2022,11,27,08,97.396,97.391,97.390,67.342,67.348,67.348,CCW
29,09,2022,11,27,09,97.396,97.391,97.390,67.342,67.348,67.348,CCW
29,09,2022,11,27,18,97.586,97.513,97.513,67.330,67.335,67.335,CCW
29,09,2022,11,27,22,97.777,97.648,97.648,67.318,67.331,67.331,CCW
29,09,2022,11,27,23,97.777,97.763,97.763,67.318,67.323,67.323,CCW
29,09,2022,11,27,25,97.777,97.866,97.866,67.318,67.323,67.323,CCW
29,09,2022,11,27,25,97.777,97.992,97.992,67.318,67.324,67.324,CCW
29,09,2022,11,27,26,97.777,98.161,98.161,67.318,67.324,67.324,CCW
29,09,2022,11,27,26,97.777,98.266,98.266,67.318,67.323,67.323,CCW
29,09,2022,11,27,26,97.777,98.378,98.378,67.318,67.323,67.323,CCW
29,09,2022,11,27,27,97.777,98.481,98.481,67.318,67.324,67.324,CCW
29,09,2022,11,27,33,97.967,98.357,98.357,67.306,67.316,67.316,CCW
29,09,2022,11,27,33,97.967,98.244,98.244,67.306,67.311,67.311,CCW
29,09,2022,11,27,33,97.967,98.141,98.141,67.306,67.311,67.311,CCW
29,09,2022,11,27,34,97.967,98.029,98.029,67.306,67.311,67.311,CCW
29,09,2022,11,27,35,97.967,97.975,97.974,67.306,67.311,67.311,CCW
29,09,2022,11,27,43,98.158,98.128,98.128,67.294,67.299,67.299,CCW
29,09,2022,11,27,52,98.348,98.160,98.161,67.281,67.298,67.298,CCW
29,09,2022,11,27,53,98.348,98.301,98.301,67.281,67.286,67.286,CCW
29,09,2022,11,27,55,98.348,98.391,98.390,67.281,67.286,67.286,CCW
29,09,2022,11,28,09,98.537,98.499,98.499,67.268,67.272,67.272,CCW
29,09,2022,11,28,13,98.727,98.635,98.635,67.255,67.264,67.264,CCW
29,09,2022,11,28,22,98.917,98.740,98.740,67.242,67.259,67.259,CCW
29,09,2022,11,28,23,98.917,98.892,98.892,67.242,67.248,67.248,CCW
29,09,2022,11,28,24,98.917,99.026,99.026,67.242,67.247,67.247,CCW
29,09,2022,11,28,25,98.917,99.153,99.153,67.242,67.247,67.247,CCW
29,09,2022,11,28,25,98.917,99.375,99.375,67.242,67.247,67.247,CCW
29,09,2022,11,28,25,98.917,99.502,99.502,67.242,67.247,67.247,CCW
29,09,2022,11,28,26,98.917,99.607,99.607,67.242,67.247,67.247,CCW
29,09,2022,11,28,33,99.106,99.497,99.497,67.228,67.240,67.240,CCW
29,09,2022,11,28,33,99.106,99.379,99.379,67.228,67.234,67.234,CCW
29,09,2022,11,28,34,99.106,99.274,99.274,67.228,67.232,67.232,CCW
29,09,2022,11,28,34,99.106,99.164,99.164,67.228,67.232,67.232,CCW
29,09,2022,11,28,48,99.295,99.275,99.275,67.215,67.221,67.221,CCW
29,09,2022,11,28,53,99.484,99.392,99.392,67.201,67.213,67.213,CCW
29,09,2022,11,28,58,99.484,99.500,99.500,67.201,67.205,67.205,CCW
29,09,2022,11,29,02,99.672,99.602,99.602,67.187,67.205,67.205,CCW
29,09,2022,11,29,12,99.861,99.728,99.728,67.172,67.186,67.186,CCW
29,09,2022,11,29,13,99.861,99.847,99.847,67.172,67.178,67.178,CCW
29,09,2022,11,29,16,99.861,99.971,99.971,67.172,67.178,67.178,CCW
29,09,2022,11,29,34,100.237,100.091,100.091,67.143,67.150,67.150,CCW
29,09,2022,11,29,34,100.237,100.197,100.197,67.143,67.150,67.150,CCW
29,09,2022,11,29,43,100.425,100.330,100.330,67.128,67.143,67.143,CCW
29,09,2022,11,29,52,100.613,100.444,100.444,67.113,67.132,67.132,CCW
29,09,2022,11,29,53,100.613,100.582,100.582,67.113,67.119,67.119,CCW
29,09,2022,11,30,03,100.800,100.700,100.700,67.098,67.110,67.110,CCW
29,09,2022,11,30,05,100.800,100.801,100.801,67.098,67.104,67.104,CCW
29,09,2022,11,30,13,100.987,100.927,100.927,67.082,67.093,67.093,CCW
29,09,2022,11,30,22,101.174,101.077,101.077,67.066,67.081,67.081,CCW
29,09,2022,11,30,32,101.361,101.185,101.185,67.050,67.072,67.072,CCW
29,09,2022,11,30,33,101.361,101.297,101.297,67.050,67.063,67.063,CCW
29,09,2022,11,30,42,101.547,101.423,101.423,67.034,67.051,67.051,CCW
29,09,2022,11,30,43,101.547,101.544,101.544,67.034,67.040,67.040,CCW
29,09,2022,11,30,53,101.734,101.698,101.698,67.017,67.027,67.027,CCW
29,09,2022,11,31,03,101.920,101.833,101.833,67.001,67.015,67.015,CCW
29,09,2022,11,31,04,101.920,101.938,101.938,67.001,67.007,67.007,CCW
29,09,2022,11,31,13,102.105,102.065,102.065,66.984,66.994,66.994,CCW
29,09,2022,11,31,23,102.291,102.203,102.203,66.967,66.981,66.981,CCW
29,09,2022,11,31,24,102.291,102.308,102.308,66.967,66.973,66.973,CCW
29,09,2022,11,31,27,102.291,102.414,102.414,66.967,66.973,66.973,CCW
29,09,2022,11,31,42,102.661,102.526,102.526,66.932,66.950,66.950,CCW
29,09,2022,11,31,43,102.661,102.641,102.641,66.932,66.939,66.939,CCW
29,09,2022,11,31,52,102.846,102.668,102.667,66.914,66.937,66.937,CCW
29,09,2022,11,31,53,102.846,102.785,102.785,66.914,66.926,66.926,CCW
29,09,2022,11,32,02,103.030,102.904,102.904,66.897,66.917,66.917,CCW
29,09,2022,11,32,03,103.030,103.045,103.045,66.897,66.908,66.908,CCW
29,09,2022,11,32,03,103.030,103.172,103.172,66.897,66.905,66.905,CCW
29,09,2022,11,32,04,103.030,103.327,103.327,66.897,66.903,66.903,CCW
29,09,2022,11,32,04,103.030,103.460,103.460,66.897,66.903,66.903,CCW
29,09,2022,11,32,04,103.030,103.562,103.562,66.897,66.903,66.903,CCW
29,09,2022,11,32,05,103.030,103.707,103.707,66.897,66.903,66.903,CCW
29,09,2022,11,32,13,103.215,103.593,103.593,66.878,66.895,66.895,CCW
29,09,2022,11,32,13,103.215,103.477,103.477,66.878,66.889,66.889,CCW
29,09,2022,11,32,14,103.215,103.371,103.371,66.878,66.885,66.885,CCW
29,09,2022,11,32,14,103.215,103.256,103.256,66.878,66.885,66.885,CCW
29,09,2022,11,32,24,103.399,103.368,103.368,66.860,66.866,66.866,CCW
29,09,2022,11,32,33,103.582,103.473,103.473,66.842,66.856,66.856,CCW
29,09,2022,11,32,34,103.582,103.586,103.586,66.842,66.847,66.847,CCW
29,09,2022,11,32,42,103.766,103.636,103.635,66.823,66.843,66.843,CCW
29,09,2022,11,32,43,103.766,103.778,103.778,66.823,66.831,66.831,CCW
29,09,2022,11,32,53,103.949,103.918,103.918,66.804,66.818,66.818,CCW
29,09,2022,11,32,55,103.949,103.969,103.968,66.804,66.811,66.811,CCW
29,09,2022,11,33,08,104.132,104.075,104.075,66.785,66.789,66.789,CCW
29,09,2022,11,33,12,104.315,104.177,104.177,66.766,66.785,66.785,CCW
29,09,2022,11,33,13,104.315,104.303,104.303,66.766,66.773,66.773,CCW
29,09,2022,11,33,14,104.315,104.311,104.312,66.766,66.773,66.773,CCW
29,09,2022,11,33,14,104.315,104.311,104.312,66.766,66.773,66.773,CCW
29,09,2022,11,33,23,104.497,104.418,104.417,66.746,66.763,66.763,CCW
29,09,2022,11,33,32,104.679,104.523,104.523,66.726,66.750,66.750,CCW
29,09,2022,11,33,33,104.679,104.623,104.623,66.726,66.739,66.739,CCW
29,09,2022,11,33,33,104.679,104.747,104.747,66.726,66.730,66.730,CCW
29,09,2022,11,33,34,104.679,104.863,104.863,66.726,66.729,66.729,CCW
29,09,2022,11,33,34,104.679,105.008,105.008,66.726,66.729,66.729,CCW
29,09,2022,11,33,34,104.679,105.261,105.261,66.726,66.729,66.729,CCW
29,09,2022,11,33,35,104.679,105.396,105.396,66.726,66.730,66.730,CCW
29,09,2022,11,33,43,104.861,105.263,105.263,66.706,66.724,66.724,CCW
29,09,2022,11,33,43,104.861,105.146,105.146,66.706,66.718,66.718,CCW
29,09,2022,11,33,44,104.861,105.038,105.038,66.706,66.713,66.713,CCW
29,09,2022,11,33,44,104.861,104.922,104.922,66.706,66.713,66.713,CCW
29,09,2022,11,33,54,105.042,105.023,105.023,66.686,66.693,66.693,CCW
29,09,2022,11,34,07,105.224,105.128,105.128,66.666,66.671,66.671,CCW
29,09,2022,11,34,08,105.224,105.220,105.219,66.666,66.671,66.671,CCW
29,09,2022,11,34,13,105.405,105.352,105.351,66.645,66.661,66.661,CCW
29,09,2022,11,34,15,105.405,105.412,105.411,66.645,66.650,66.650,CCW
29,09,2022,11,34,23,105.585,105.520,105.520,66.625,66.639,66.639,CCW
29,09,2022,11,34,27,105.585,105.582,105.583,66.625,66.632,66.632,CCW
29,09,2022,11,34,31,105.585,105.584,105.583,66.625,66.632,66.632,CCW
29,09,2022,11,34,32,105.766,105.647,105.646,66.604,66.627,66.627,CCW
29,09,2022,11,34,33,105.766,105.763,105.763,66.604,66.616,66.616,CCW
29,09,2022,11,34,36,105.766,105.873,105.873,66.604,66.608,66.608,CCW
29,09,2022,11,34,37,105.766,105.976,105.976,66.604,66.608,66.608,CCW
29,09,2022,11,34,38,105.766,106.101,106.101,66.604,66.608,66.608,CCW
29,09,2022,11,34,39,105.766,106.257,106.257,66.604,66.608,66.608,CCW
29,09,2022,11,34,40,105.766,106.363,106.363,66.604,66.608,66.608,CCW
29,09,2022,11,34,43,105.946,106.240,106.240,66.583,66.594,66.594,CCW
29,09,2022,11,34,44,105.946,106.095,106.095,66.583,66.589,66.589,CCW
29,09,2022,11,34,45,105.946,105.990,105.990,66.583,66.589,66.589,CCW
29,09,2022,11,34,54,106.126,106.102,106.102,66.561,66.566,66.566,CCW
29,09,2022,11,35,07,106.305,106.229,106.229,66.540,66.547,66.547,CCW
29,09,2022,11,35,09,106.305,106.334,106.334,66.540,66.547,66.547,CCW
29,09,2022,11,35,11,106.305,106.436,106.436,66.540,66.547,66.547,CCW
29,09,2022,11,35,14,106.484,106.557,106.557,66.518,66.526,66.526,CCW
29,09,2022,11,35,15,106.484,106.662,106.662,66.518,66.526,66.526,CCW
29,09,2022,11,35,16,106.484,106.817,106.817,66.518,66.526,66.526,CCW
29,09,2022,11,35,21,106.484,106.917,106.917,66.518,66.525,66.525,CCW
29,09,2022,11,35,24,106.663,106.788,106.788,66.496,66.507,66.507,CCW
29,09,2022,11,35,25,106.663,106.677,106.677,66.496,66.503,66.503,CCW
29,09,2022,11,35,25,106.663,106.667,106.666,66.496,66.503,66.503,CCW
29,09,2022,11,35,38,106.842,106.796,106.796,66.474,66.481,66.481,CCW
29,09,2022,11,35,42,107.020,106.898,106.898,66.452,66.477,66.477,CCW
29,09,2022,11,35,43,107.020,107.012,107.012,66.452,66.465,66.465,CCW
29,09,2022,11,35,53,107.198,107.136,107.136,66.429,66.446,66.446,CCW
29,09,2022,11,36,02,107.375,107.251,107.251,66.406,66.431,66.431,CCW
29,09,2022,11,36,03,107.375,107.365,107.365,66.406,66.419,66.419,CCW
29,09,2022,11,36,07,107.375,107.373,107.374,66.406,66.411,66.411,CCW
29,09,2022,11,36,07,107.375,107.373,107.374,66.406,66.411,66.411,CCW
29,09,2022,11,36,13,107.553,107.497,107.497,66.383,66.399,66.399,CCW
29,09,2022,11,36,15,107.553,107.556,107.557,66.383,66.388,66.388,CCW
29,09,2022,11,36,17,107.553,107.558,107.557,66.383,66.389,66.389,CCW
29,09,2022,11,36,23,107.730,107.679,107.679,66.360,66.378,66.378,CCW
29,09,2022,11,36,25,107.730,107.727,107.726,66.360,66.365,66.365,CCW
29,09,2022,11,36,25,107.730,107.727,107.726,66.360,66.365,66.365,CCW
29,09,2022,11,36,33,107.906,107.845,107.845,66.337,66.354,66.354,CCW
29,09,2022,11,36,42,108.083,107.963,107.963,66.314,66.340,66.340,CCW
29,09,2022,11,36,44,108.083,108.073,108.073,66.314,66.325,66.325,CCW
29,09,2022,11,36,47,108.083,108.187,108.187,66.314,66.321,66.321,CCW
29,09,2022,11,37,02,108.435,108.314,108.314,66.266,66.292,66.292,CCW
29,09,2022,11,37,03,108.435,108.416,108.416,66.266,66.283,66.283,CCW
29,09,2022,11,37,05,108.435,108.516,108.516,66.266,66.272,66.272,CCW
29,09,2022,11,37,22,108.785,108.631,108.631,66.218,66.248,66.248,CCW
29,09,2022,11,37,23,108.785,108.737,108.737,66.218,66.237,66.237,CCW
29,09,2022,11,37,26,108.785,108.856,108.856,66.218,66.225,66.225,CCW
29,09,2022,11,37,29,108.785,108.961,108.961,66.218,66.225,66.225,CCW
29,09,2022,11,37,46,109.134,109.076,109.076,66.168,66.175,66.175,CCW
29,09,2022,11,37,52,109.308,109.187,109.187,66.144,66.171,66.171,CCW
29,09,2022,11,37,53,109.308,109.291,109.291,66.144,66.157,66.157,CCW
29,09,2022,11,38,03,109.482,109.405,109.405,66.119,66.142,66.142,CCW
29,09,2022,11,38,04,109.482,109.478,109.479,66.119,66.124,66.124,CCW
29,09,2022,11,38,13,109.655,109.579,109.579,66.093,66.116,66.116,CCW
29,09,2022,11,38,23,109.828,109.693,109.693,66.068,66.095,66.095,CCW
29,09,2022,11,38,24,109.828,109.814,109.814,66.068,66.080,66.080,CCW
29,09,2022,11,38,33,110.001,109.927,109.927,66.042,66.065,66.065,CCW
