30,09,2022,10,14,23,0.000,226.133,226.133,0.000,67.281,67.281,CCW
30,09,2022,11,21,11,0.000,226.704,226.704,0.000,67.281,67.281,CCW
30,09,2022,11,21,40,272.150,226.704,226.704,42.473,67.161,67.161,CCW
30,09,2022,11,21,40,272.150,228.569,228.569,42.473,66.656,66.656,CCW
30,09,2022,11,21,40,272.150,229.096,229.096,42.473,66.404,66.404,CCW
30,09,2022,11,21,41,272.150,229.450,229.450,42.473,66.147,66.147,CCW
30,09,2022,11,21,41,272.150,230.410,230.410,42.473,65.894,65.894,CCW
30,09,2022,11,21,41,272.150,231.392,231.392,42.473,65.636,65.636,CCW
30,09,2022,11,21,42,272.150,232.303,232.303,42.473,65.383,65.383,CCW
30,09,2022,11,21,42,272.150,233.821,233.821,42.473,64.872,64.872,CCW
30,09,2022,11,21,42,272.150,234.467,234.467,42.473,64.615,64.615,CCW
30,09,2022,11,21,42,272.150,235.055,235.055,42.473,64.361,64.361,CCW
30,09,2022,11,21,43,272.150,235.578,235.578,42.473,64.104,64.104,CCW
30,09,2022,11,21,43,272.150,236.387,236.387,42.473,63.847,63.847,CCW
30,09,2022,11,21,43,272.150,237.276,237.276,42.473,63.591,63.591,CCW
30,09,2022,11,21,44,272.150,238.093,238.093,42.473,63.334,63.334,CCW
30,09,2022,11,21,44,272.150,238.838,238.838,42.473,63.079,63.079,CCW
30,09,2022,11,21,44,272.150,239.529,239.529,42.473,62.818,62.818,CCW
30,09,2022,11,21,44,272.150,240.178,240.178,42.473,62.562,62.562,CCW
30,09,2022,11,21,45,272.150,240.876,240.876,42.473,62.302,62.302,CCW
30,09,2022,11,21,45,272.150,241.716,241.716,42.473,62.047,62.047,CCW
30,09,2022,11,21,45,272.150,242.485,242.485,42.473,61.785,61.785,CCW
30,09,2022,11,21,45,272.150,243.153,243.153,42.473,61.528,61.528,CCW
30,09,2022,11,21,46,272.150,243.931,243.931,42.473,61.268,61.268,CCW
30,09,2022,11,21,46,272.150,244.663,244.663,42.473,61.009,61.009,CCW
30,09,2022,11,21,46,272.150,245.410,245.410,42.473,60.750,60.750,CCW
30,09,2022,11,21,46,272.150,246.170,246.170,42.473,60.491,60.491,CCW
30,09,2022,11,21,47,272.150,246.920,246.920,42.473,60.229,60.229,CCW
30,09,2022,11,21,47,272.150,247.686,247.686,42.473,59.970,59.970,CCW
30,09,2022,11,21,47,272.150,248.461,248.461,42.473,59.707,59.707,CCW
30,09,2022,11,21,47,272.150,249.217,249.217,42.473,59.448,59.448,CCW
30,09,2022,11,21,48,272.150,249.958,249.958,42.473,59.187,59.187,CCW
30,09,2022,11,21,48,272.150,250.720,250.720,42.473,58.926,58.926,CCW
30,09,2022,11,21,48,272.150,251.479,251.479,42.473,58.665,58.665,CCW
30,09,2022,11,21,48,272.150,252.245,252.245,42.473,58.402,58.402,CCW
30,09,2022,11,21,49,272.150,252.997,252.997,42.473,58.139,58.139,CCW
30,09,2022,11,21,49,272.150,253.755,253.755,42.473,57.874,57.874,CCW
30,09,2022,11,21,49,272.015,254.527,254.527,42.496,57.614,57.614,CCW
30,09,2022,11,21,50,272.015,256.069,256.069,42.496,57.086,57.086,CCW
30,09,2022,11,21,50,272.015,256.817,256.817,42.496,56.821,56.821,CCW
30,09,2022,11,21,50,272.015,258.332,258.332,42.496,56.292,56.292,CCW
30,09,2022,11,21,51,272.015,259.092,259.092,42.496,56.028,56.028,CCW
30,09,2022,11,21,51,272.015,260.613,260.613,42.496,55.494,55.494,CCW
30,09,2022,11,21,52,272.015,261.373,261.373,42.496,55.231,55.231,CCW
30,09,2022,11,21,52,272.015,262.141,262.141,42.496,54.962,54.962,CCW
30,09,2022,11,21,52,272.015,262.917,262.917,42.496,54.696,54.696,CCW
30,09,2022,11,21,52,272.015,263.675,263.675,42.496,54.427,54.427,CCW
30,09,2022,11,21,53,272.015,264.410,264.410,42.496,54.162,54.162,CCW
30,09,2022,11,21,53,272.015,265.186,265.186,42.496,53.891,53.891,CCW
30,09,2022,11,21,53,272.015,265.931,265.931,42.496,53.625,53.625,CCW
30,09,2022,11,21,53,272.015,266.592,266.592,42.496,53.353,53.353,CCW
30,09,2022,11,21,54,272.015,267.647,267.647,42.496,52.816,52.816,CCW
30,09,2022,11,21,54,272.015,268.039,268.039,42.496,52.549,52.549,CCW
30,09,2022,11,21,54,272.015,268.342,268.342,42.496,52.276,52.276,CCW
30,09,2022,11,21,55,272.015,268.553,268.553,42.496,52.008,52.008,CCW
30,09,2022,11,21,55,272.015,268.680,268.680,42.496,51.736,51.736,CCW
30,09,2022,11,21,55,272.015,268.977,268.977,42.496,51.464,51.464,CCW
30,09,2022,11,21,55,272.015,269.247,269.247,42.496,51.193,51.193,CCW
30,09,2022,11,21,56,272.015,269.422,269.422,42.496,50.919,50.919,CCW
30,09,2022,11,21,56,272.015,269.620,269.620,42.496,50.648,50.648,CCW
30,09,2022,11,21,56,272.015,269.816,269.816,42.496,50.373,50.373,CCW
30,09,2022,11,21,56,272.015,270.008,270.008,42.496,50.101,50.101,CCW
30,09,2022,11,21,57,272.015,270.200,270.200,42.496,49.827,49.827,CCW
30,09,2022,11,21,57,272.015,270.371,270.371,42.496,49.555,49.555,CCW
30,09,2022,11,21,57,272.015,270.523,270.523,42.496,49.280,49.280,CCW
30,09,2022,11,21,57,272.015,270.675,270.675,42.496,49.034,49.034,CCW
30,09,2022,11,21,58,272.015,270.977,270.977,42.496,48.576,48.576,CCW
30,09,2022,11,21,58,272.015,271.125,271.125,42.496,48.346,48.346,CCW
30,09,2022,11,21,58,272.015,271.247,271.247,42.496,48.145,48.145,CCW
30,09,2022,11,21,59,272.015,271.303,271.303,42.496,47.961,47.961,CCW
30,09,2022,11,21,59,272.015,271.374,271.374,42.496,47.777,47.777,CCW
30,09,2022,11,21,59,271.879,271.452,271.452,42.520,47.592,47.592,CCW
30,09,2022,11,21,59,271.879,271.523,271.523,42.520,47.406,47.406,CCW
30,09,2022,11,22,00,271.879,271.583,271.583,42.520,47.253,47.253,CCW
30,09,2022,11,22,00,271.879,271.633,271.633,42.520,47.112,47.112,CCW
30,09,2022,11,22,00,271.879,271.682,271.682,42.520,46.974,46.974,CCW
30,09,2022,11,22,00,271.879,271.721,271.721,42.520,46.834,46.834,CCW
30,09,2022,11,22,01,271.879,271.759,271.759,42.520,46.694,46.694,CCW
30,09,2022,11,22,01,271.879,271.795,271.795,42.520,46.557,46.557,CCW
30,09,2022,11,22,01,271.879,271.826,271.826,42.520,46.417,46.417,CCW
30,09,2022,11,22,02,271.879,271.854,271.854,42.520,46.307,46.307,CCW
30,09,2022,11,22,02,271.879,271.873,271.873,42.520,46.125,46.125,CCW
30,09,2022,11,22,03,271.879,271.875,271.875,42.520,45.940,45.940,CCW
30,09,2022,11,22,03,271.879,271.875,271.875,42.520,45.756,45.756,CCW
30,09,2022,11,22,04,271.879,271.875,271.875,42.520,45.571,45.571,CCW
30,09,2022,11,22,04,271.879,271.876,271.876,42.520,45.389,45.389,CCW
30,09,2022,11,22,05,271.879,271.876,271.876,42.520,45.285,45.285,CCW
30,09,2022,11,22,06,271.879,271.876,271.876,42.520,45.152,45.152,CCW
30,09,2022,11,22,07,271.879,271.876,271.876,42.520,45.050,45.050,CCW
30,09,2022,11,22,08,271.879,271.876,271.876,42.520,44.946,44.946,CCW
30,09,2022,11,22,08,271.879,271.876,271.876,42.520,44.845,44.845,CCW
30,09,2022,11,22,09,271.743,271.876,271.876,42.543,44.741,44.741,CCW
30,09,2022,11,22,10,271.743,271.871,271.871,42.543,44.641,44.641,CCW
30,09,2022,11,22,11,271.743,271.801,271.801,42.543,44.539,44.539,CCW
30,09,2022,11,22,12,271.743,271.768,271.768,42.543,44.431,44.431,CCW
30,09,2022,11,22,14,271.743,271.675,271.675,42.543,44.328,44.328,CCW
30,09,2022,11,22,15,271.743,271.668,271.668,42.543,44.223,44.223,CCW
30,09,2022,11,22,17,271.743,271.664,271.664,42.543,44.122,44.122,CCW
30,09,2022,11,22,19,271.743,271.664,271.664,42.543,44.003,44.003,CCW
30,09,2022,11,22,20,271.608,271.615,271.615,42.566,43.899,43.899,CCW
30,09,2022,11,22,22,271.608,271.610,271.610,42.566,43.798,43.798,CCW
30,09,2022,11,22,23,271.608,271.609,271.609,42.566,43.694,43.694,CCW
30,09,2022,11,22,25,271.608,271.609,271.609,42.566,43.592,43.592,CCW
30,09,2022,11,22,27,271.608,271.609,271.609,42.566,43.484,43.484,CCW
30,09,2022,11,22,30,271.472,271.609,271.609,42.589,43.381,43.381,CCW
30,09,2022,11,22,32,271.472,271.606,271.606,42.589,43.278,43.278,CCW
30,09,2022,11,22,35,271.472,271.512,271.512,42.589,43.173,43.173,CCW
30,09,2022,11,22,38,271.472,271.473,271.473,42.589,43.072,43.072,CCW
30,09,2022,11,22,41,271.336,271.345,271.345,42.612,43.031,43.031,CCW
30,09,2022,11,22,46,271.336,271.245,271.245,42.612,42.958,42.958,CCW
30,09,2022,11,22,48,271.336,271.136,271.136,42.612,42.925,42.925,CCW
30,09,2022,11,22,56,271.199,271.195,271.195,42.634,42.822,42.822,CCW
30,09,2022,11,23,01,271.063,271.092,271.092,42.656,42.759,42.759,CCW
30,09,2022,11,23,08,271.063,271.054,271.054,42.656,42.659,42.659,CCW
30,09,2022,11,23,15,270.927,270.948,270.948,42.678,42.670,42.670,CCW
30,09,2022,11,23,20,270.791,270.844,270.844,42.700,42.678,42.678,CCW
30,09,2022,11,23,25,270.791,270.714,270.714,42.700,42.694,42.694,CCW
30,09,2022,11,23,25,270.791,270.551,270.551,42.700,42.694,42.694,CCW
30,09,2022,11,23,26,270.791,270.425,270.425,42.700,42.694,42.694,CCW
30,09,2022,11,23,26,270.791,270.299,270.299,42.700,42.694,42.694,CCW
30,09,2022,11,23,27,270.791,270.174,270.174,42.700,42.694,42.694,CCW
30,09,2022,11,23,31,270.654,270.305,270.305,42.722,42.705,42.705,CCW
30,09,2022,11,23,31,270.654,270.473,270.473,42.722,42.714,42.714,CCW
30,09,2022,11,23,32,270.654,270.587,270.587,42.722,42.714,42.714,CCW
30,09,2022,11,23,54,270.381,270.466,270.466,42.764,42.759,42.759,CCW
30,09,2022,11,24,00,270.245,270.358,270.358,42.785,42.759,42.759,CCW
30,09,2022,11,24,01,270.245,270.257,270.257,42.785,42.773,42.773,CCW
30,09,2022,11,24,10,270.108,270.147,270.147,42.805,42.786,42.786,CCW
30,09,2022,11,24,20,269.971,270.046,270.046,42.825,42.803,42.803,CCW
30,09,2022,11,24,30,269.834,269.914,269.914,42.845,42.823,42.823,CCW
30,09,2022,11,24,40,269.697,269.778,269.778,42.865,42.844,42.844,CCW
30,09,2022,11,24,50,269.560,269.669,269.669,42.885,42.859,42.859,CCW
30,09,2022,11,24,51,269.560,269.564,269.564,42.885,42.876,42.876,CCW
30,09,2022,11,25,00,269.423,269.445,269.445,42.904,42.890,42.890,CCW
30,09,2022,11,25,10,269.286,269.328,269.328,42.923,42.906,42.906,CCW
30,09,2022,11,25,20,269.149,269.224,269.224,42.942,42.921,42.921,CCW
30,09,2022,11,25,30,269.012,269.085,269.085,42.961,42.938,42.938,CCW
30,09,2022,11,25,31,269.012,268.973,268.973,42.961,42.949,42.949,CCW
30,09,2022,11,25,44,268.875,268.871,268.871,42.979,42.970,42.970,CCW
30,09,2022,11,25,51,268.737,268.750,268.750,42.998,42.981,42.981,CCW
30,09,2022,11,26,01,268.600,268.647,268.647,43.015,43.002,43.002,CCW
30,09,2022,11,26,10,268.462,268.530,268.530,43.033,43.012,43.012,CCW
30,09,2022,11,26,20,268.325,268.414,268.414,43.051,43.031,43.031,CCW
30,09,2022,11,26,30,268.187,268.299,268.299,43.068,43.044,43.044,CCW
30,09,2022,11,26,31,268.187,268.190,268.190,43.068,43.060,43.060,CCW
30,09,2022,11,26,40,268.050,268.069,268.069,43.085,43.071,43.071,CCW
30,09,2022,11,26,50,267.912,267.957,267.957,43.102,43.085,43.085,CCW
30,09,2022,11,27,00,267.775,267.819,267.819,43.118,43.103,43.103,CCW
30,09,2022,11,27,10,267.637,267.691,267.691,43.135,43.120,43.120,CCW
30,09,2022,11,27,20,267.499,267.584,267.584,43.151,43.133,43.133,CCW
30,09,2022,11,27,30,267.361,267.477,267.477,43.167,43.145,43.145,CCW
30,09,2022,11,27,31,267.361,267.365,267.365,43.167,43.158,43.158,CCW
30,09,2022,11,27,40,267.224,267.250,267.250,43.182,43.172,43.172,CCW
30,09,2022,11,27,50,267.086,267.137,267.137,43.198,43.183,43.183,CCW
30,09,2022,11,28,00,266.948,267.027,267.027,43.213,43.197,43.197,CCW
30,09,2022,11,28,10,266.810,266.921,266.921,43.228,43.208,43.208,CCW
30,09,2022,11,28,11,266.810,266.815,266.815,43.228,43.221,43.221,CCW
30,09,2022,11,28,20,266.672,266.695,266.695,43.242,43.232,43.232,CCW
30,09,2022,11,28,30,266.534,266.584,266.584,43.257,43.243,43.243,CCW
30,09,2022,11,28,40,266.396,266.478,266.478,43.271,43.253,43.253,CCW
30,09,2022,11,28,50,266.258,266.368,266.368,43.285,43.266,43.266,CCW
30,09,2022,11,28,51,266.258,266.262,266.262,43.285,43.279,43.279,CCW
30,09,2022,11,29,01,266.120,266.143,266.143,43.299,43.289,43.289,CCW
30,09,2022,11,29,10,265.982,266.030,266.030,43.312,43.298,43.298,CCW
30,09,2022,11,29,20,265.844,265.920,265.920,43.326,43.308,43.308,CCW
30,09,2022,11,29,30,265.705,265.816,265.816,43.339,43.320,43.320,CCW
30,09,2022,11,29,31,265.705,265.713,265.713,43.339,43.333,43.333,CCW
30,09,2022,11,29,41,265.567,265.591,265.591,43.352,43.343,43.343,CCW
30,09,2022,11,29,50,265.429,265.481,265.481,43.364,43.351,43.351,CCW
30,09,2022,11,30,00,265.291,265.371,265.371,43.377,43.361,43.361,CCW
30,09,2022,11,30,10,265.153,265.269,265.269,43.389,43.371,43.371,CCW
30,09,2022,11,30,11,265.153,265.166,265.166,43.389,43.382,43.382,CCW
30,09,2022,11,30,20,265.015,265.060,265.060,43.401,43.391,43.391,CCW
30,09,2022,11,30,30,264.876,264.929,264.929,43.412,43.401,43.401,CCW
30,09,2022,11,30,40,264.738,264.822,264.822,43.424,43.407,43.407,CCW
30,09,2022,11,30,50,264.600,264.717,264.717,43.435,43.417,43.417,CCW
30,09,2022,11,30,51,264.600,264.605,264.605,43.435,43.430,43.430,CCW
30,09,2022,11,31,01,264.462,264.487,264.487,43.446,43.437,43.437,CCW
30,09,2022,11,31,10,264.323,264.370,264.370,43.457,43.445,43.445,CCW
30,09,2022,11,31,20,264.185,264.267,264.267,43.467,43.455,43.455,CCW
30,09,2022,11,31,30,264.047,264.166,264.166,43.478,43.461,43.461,CCW
30,09,2022,11,31,31,264.047,264.058,264.058,43.478,43.472,43.472,CCW
30,09,2022,11,31,40,263.909,263.934,263.934,43.488,43.478,43.478,CCW
30,09,2022,11,31,50,263.770,263.797,263.797,43.498,43.489,43.489,CCW
30,09,2022,11,32,00,263.632,263.685,263.685,43.507,43.498,43.498,CCW
30,09,2022,11,32,10,263.494,263.579,263.579,43.517,43.502,43.502,CCW
30,09,2022,11,32,20,263.356,263.474,263.474,43.526,43.511,43.511,CCW
30,09,2022,11,32,21,263.356,263.363,263.363,43.526,43.521,43.521,CCW
30,09,2022,11,32,30,263.217,263.241,263.241,43.535,43.528,43.528,CCW
30,09,2022,11,32,40,263.079,263.102,263.102,43.544,43.535,43.535,CCW
30,09,2022,11,32,50,262.941,262.992,262.992,43.552,43.543,43.543,CCW
30,09,2022,11,33,00,262.803,262.884,262.884,43.560,43.551,43.551,CCW
30,09,2022,11,33,10,262.665,262.780,262.780,43.568,43.554,43.554,CCW
30,09,2022,11,33,11,262.665,262.674,262.674,43.568,43.560,43.560,CCW
30,09,2022,11,33,21,262.527,262.553,262.553,43.576,43.568,43.568,CCW
30,09,2022,11,33,30,262.388,262.443,262.443,43.584,43.576,43.576,CCW
30,09,2022,11,33,40,262.250,262.333,262.333,43.591,43.582,43.582,CCW
30,09,2022,11,33,50,262.112,262.226,262.226,43.598,43.585,43.585,CCW
30,09,2022,11,33,51,262.112,262.120,262.120,43.598,43.591,43.591,CCW
30,09,2022,11,34,01,261.974,261.996,261.996,43.605,43.598,43.598,CCW
30,09,2022,11,34,10,261.836,261.884,261.884,43.612,43.604,43.604,CCW
30,09,2022,11,34,20,261.698,261.773,261.773,43.618,43.609,43.609,CCW
30,09,2022,11,34,30,261.560,261.644,261.644,43.625,43.616,43.616,CCW
30,09,2022,11,34,40,261.422,261.538,261.538,43.631,43.618,43.618,CCW
30,09,2022,11,34,41,261.422,261.427,261.427,43.631,43.625,43.625,CCW
30,09,2022,11,34,50,261.284,261.320,261.320,43.637,43.633,43.633,CCW
30,09,2022,11,34,51,261.284,261.205,261.205,43.637,43.633,43.633,CCW
30,09,2022,11,34,51,261.284,261.099,261.099,43.637,43.633,43.633,CCW
30,09,2022,11,34,52,261.284,260.967,260.967,43.637,43.634,43.634,CCW
30,09,2022,11,34,55,261.284,260.817,260.817,43.637,43.633,43.633,CCW
30,09,2022,11,34,55,261.284,260.638,260.638,43.637,43.633,43.633,CCW
30,09,2022,11,35,00,261.146,260.775,260.775,43.642,43.633,43.633,CCW
30,09,2022,11,35,01,261.146,260.890,260.890,43.642,43.633,43.633,CCW
30,09,2022,11,35,01,261.146,260.994,260.994,43.642,43.633,43.633,CCW
30,09,2022,11,35,02,261.146,261.100,261.100,43.642,43.633,43.633,CCW
30,09,2022,11,35,20,260.870,260.979,260.979,43.653,43.640,43.640,CCW
30,09,2022,11,35,21,260.870,260.875,260.875,43.653,43.647,43.647,CCW
30,09,2022,11,35,30,260.733,260.760,260.760,43.658,43.650,43.650,CCW
30,09,2022,11,35,41,260.595,260.618,260.618,43.662,43.653,43.653,CCW
30,09,2022,11,35,50,260.457,260.509,260.509,43.667,43.660,43.660,CCW
30,09,2022,11,36,00,260.319,260.407,260.407,43.671,43.660,43.660,CCW
30,09,2022,11,36,10,260.182,260.297,260.297,43.675,43.660,43.660,CCW
30,09,2022,11,36,11,260.182,260.186,260.186,43.675,43.666,43.666,CCW
30,09,2022,11,36,21,260.044,260.048,260.048,43.679,43.673,43.673,CCW
30,09,2022,11,36,31,259.907,259.936,259.936,43.682,43.673,43.673,CCW
30,09,2022,11,36,40,259.769,259.813,259.813,43.686,43.679,43.679,CCW
30,09,2022,11,36,50,259.632,259.679,259.679,43.689,43.679,43.679,CCW
30,09,2022,11,37,00,259.494,259.542,259.542,43.692,43.686,43.686,CCW
30,09,2022,11,37,10,259.357,259.440,259.440,43.695,43.686,43.686,CCW
30,09,2022,11,37,20,259.219,259.336,259.336,43.697,43.686,43.686,CCW
30,09,2022,11,37,21,259.219,259.221,259.221,43.697,43.686,43.686,CCW
30,09,2022,11,37,31,259.082,259.105,259.105,43.699,43.693,43.693,CCW
30,09,2022,11,37,40,258.945,258.989,258.989,43.701,43.694,43.694,CCW
30,09,2022,11,37,50,258.808,258.860,258.860,43.703,43.694,43.694,CCW
30,09,2022,11,38,00,258.671,258.749,258.749,43.705,43.698,43.698,CCW
30,09,2022,11,38,04,258.671,258.647,258.647,43.705,43.700,43.700,CCW
30,09,2022,11,38,11,258.534,258.540,258.540,43.706,43.700,43.700,CCW
30,09,2022,11,38,21,258.397,258.420,258.420,43.708,43.701,43.701,CCW
30,09,2022,11,38,30,258.260,258.310,258.310,43.709,43.700,43.700,CCW
30,09,2022,11,38,40,258.123,258.199,258.199,43.709,43.700,43.700,CCW
30,09,2022,11,38,50,257.986,258.094,258.094,43.710,43.700,43.700,CCW
30,09,2022,11,38,51,257.986,257.992,257.992,43.710,43.700,43.700,CCW
30,09,2022,11,39,01,257.849,257.873,257.873,43.710,43.700,43.700,CCW
30,09,2022,11,39,10,257.713,257.736,257.736,43.710,43.700,43.700,CCW
30,09,2022,11,39,20,257.576,257.628,257.628,43.710,43.700,43.700,CCW
30,09,2022,11,39,30,257.439,257.497,257.497,43.710,43.700,43.700,CCW
30,09,2022,11,39,40,257.303,257.388,257.388,43.710,43.700,43.700,CCW
30,09,2022,11,39,50,257.167,257.283,257.283,43.709,43.699,43.699,CCW
30,09,2022,11,39,51,257.167,257.176,257.176,43.709,43.700,43.700,CCW
30,09,2022,11,40,01,257.030,257.067,257.067,43.708,43.700,43.700,CCW
30,09,2022,11,40,10,256.894,256.947,256.947,43.707,43.700,43.700,CCW
30,09,2022,11,40,20,256.758,256.812,256.812,43.706,43.700,43.700,CCW
30,09,2022,11,40,20,256.758,256.710,256.710,43.706,43.700,43.700,CCW
30,09,2022,11,40,22,256.758,256.596,256.596,43.706,43.700,43.700,CCW
30,09,2022,11,40,22,256.758,256.483,256.483,43.706,43.700,43.700,CCW
30,09,2022,11,40,24,256.758,256.328,256.328,43.706,43.700,43.700,CCW
30,09,2022,11,40,24,256.758,256.204,256.204,43.706,43.700,43.700,CCW
30,09,2022,11,40,24,256.758,256.085,256.085,43.706,43.699,43.699,CCW
30,09,2022,11,40,30,256.622,256.227,256.227,43.704,43.700,43.700,CCW
30,09,2022,11,40,30,256.622,256.360,256.360,43.704,43.700,43.700,CCW
30,09,2022,11,40,32,256.622,256.497,256.497,43.704,43.700,43.700,CCW
30,09,2022,11,40,33,256.622,256.611,256.611,43.704,43.700,43.700,CCW
30,09,2022,11,40,46,256.486,256.497,256.497,43.702,43.700,43.700,CCW
30,09,2022,11,40,50,256.350,256.383,256.383,43.700,43.700,43.700,CCW
30,09,2022,11,41,00,256.214,256.276,256.276,43.698,43.700,43.700,CCW
30,09,2022,11,41,10,256.078,256.152,256.152,43.696,43.700,43.700,CCW
30,09,2022,11,41,20,255.943,256.024,256.024,43.693,43.700,43.700,CCW
30,09,2022,11,41,25,255.943,255.941,255.940,43.693,43.700,43.700,CCW
30,09,2022,11,41,31,255.807,255.832,255.832,43.690,43.699,43.699,CCW
30,09,2022,11,41,33,255.807,255.673,255.673,43.690,43.694,43.694,CCW
30,09,2022,11,41,33,255.807,255.562,255.562,43.690,43.693,43.693,CCW
30,09,2022,11,41,34,255.807,255.455,255.455,43.690,43.694,43.694,CCW
30,09,2022,11,41,34,255.807,255.334,255.334,43.690,43.693,43.693,CCW
30,09,2022,11,41,39,255.807,255.476,255.476,43.690,43.693,43.693,CCW
30,09,2022,11,41,39,255.807,255.596,255.596,43.690,43.693,43.693,CCW
30,09,2022,11,41,39,255.807,255.742,255.742,43.690,43.693,43.693,CCW
30,09,2022,11,41,50,255.536,255.634,255.634,43.684,43.693,43.693,CCW
30,09,2022,11,41,50,255.536,255.479,255.479,43.684,43.687,43.687,CCW
30,09,2022,11,41,51,255.536,255.347,255.347,43.684,43.687,43.687,CCW
30,09,2022,11,41,51,255.536,255.202,255.202,43.684,43.687,43.687,CCW
30,09,2022,11,41,51,255.536,255.084,255.084,43.684,43.687,43.687,CCW
30,09,2022,11,41,52,255.536,254.924,254.924,43.684,43.687,43.687,CCW
30,09,2022,11,42,01,255.401,255.065,255.065,43.681,43.687,43.687,CCW
30,09,2022,11,42,01,255.401,255.177,255.177,43.681,43.687,43.687,CCW
30,09,2022,11,42,02,255.401,255.309,255.309,43.681,43.686,43.686,CCW
30,09,2022,11,42,25,255.130,255.204,255.204,43.673,43.679,43.679,CCW
30,09,2022,11,42,30,254.995,255.041,255.041,43.669,43.674,43.674,CCW
30,09,2022,11,42,40,254.860,254.911,254.911,43.665,43.673,43.673,CCW
30,09,2022,11,42,50,254.725,254.809,254.809,43.661,43.670,43.670,CCW
30,09,2022,11,43,00,254.591,254.708,254.708,43.656,43.667,43.667,CCW
30,09,2022,11,43,01,254.591,254.596,254.596,43.656,43.661,43.661,CCW
30,09,2022,11,43,11,254.456,254.475,254.475,43.651,43.660,43.660,CCW
30,09,2022,11,43,20,254.321,254.366,254.366,43.646,43.654,43.654,CCW
30,09,2022,11,43,30,254.187,254.259,254.259,43.641,43.647,43.647,CCW
30,09,2022,11,43,40,254.053,254.127,254.127,43.636,43.644,43.644,CCW
30,09,2022,11,43,50,253.918,253.994,253.994,43.630,43.641,43.641,CCW
30,09,2022,11,44,00,253.784,253.836,253.836,43.624,43.631,43.631,CCW
30,09,2022,11,44,10,253.650,253.727,253.727,43.618,43.626,43.626,CCW
30,09,2022,11,44,12,253.650,253.652,253.651,43.618,43.623,43.623,CCW
30,09,2022,11,44,21,253.516,253.535,253.535,43.612,43.617,43.617,CCW
30,09,2022,11,44,30,253.382,253.426,253.426,43.606,43.610,43.610,CCW
30,09,2022,11,44,40,253.249,253.320,253.320,43.599,43.606,43.606,CCW
30,09,2022,11,44,50,253.115,253.191,253.191,43.593,43.603,43.603,CCW
30,09,2022,11,44,54,253.115,253.084,253.084,43.593,43.602,43.602,CCW
30,09,2022,11,45,01,252.981,252.982,252.982,43.586,43.592,43.592,CCW
30,09,2022,11,45,11,252.848,252.876,252.876,43.578,43.583,43.583,CCW
30,09,2022,11,45,21,252.715,252.761,252.761,43.571,43.577,43.577,CCW
30,09,2022,11,45,25,252.715,252.705,252.706,43.571,43.576,43.576,CCW
30,09,2022,11,45,31,252.582,252.604,252.604,43.563,43.569,43.569,CCW
30,09,2022,11,45,40,252.449,252.491,252.491,43.556,43.561,43.561,CCW
30,09,2022,11,45,50,252.316,252.389,252.389,43.548,43.555,43.555,CCW
30,09,2022,11,45,59,252.316,252.311,252.310,43.548,43.554,43.554,CCW
30,09,2022,11,45,59,252.316,252.311,252.310,43.548,43.555,43.555,CCW
30,09,2022,11,46,01,252.183,252.208,252.208,43.540,43.544,43.544,CCW
30,09,2022,11,46,06,252.183,252.056,252.056,43.540,43.544,43.544,CCW
30,09,2022,11,46,07,252.183,251.815,251.815,43.540,43.544,43.544,CCW
30,09,2022,11,46,07,252.183,251.600,251.600,43.540,43.544,43.544,CCW
30,09,2022,11,46,11,252.050,251.726,251.726,43.531,43.537,43.537,CCW
30,09,2022,11,46,12,252.050,251.876,251.876,43.531,43.537,43.537,CCW
30,09,2022,11,46,12,252.050,251.995,251.995,43.531,43.536,43.536,CCW
30,09,2022,11,46,13,252.050,252.111,252.111,43.531,43.537,43.537,CCW
30,09,2022,11,46,13,252.050,252.221,252.221,43.531,43.537,43.537,CCW
30,09,2022,11,46,14,252.050,252.333,252.333,43.531,43.537,43.537,CCW
30,09,2022,11,46,14,252.050,252.443,252.443,43.531,43.536,43.536,CCW
30,09,2022,11,46,15,252.050,252.550,252.550,43.531,43.536,43.536,CCW
30,09,2022,11,46,15,252.050,252.658,252.658,43.531,43.536,43.536,CCW
30,09,2022,11,46,16,252.050,252.767,252.767,43.531,43.536,43.536,CCW
30,09,2022,11,46,16,252.050,252.875,252.875,43.531,43.536,43.536,CCW
30,09,2022,11,46,17,252.050,252.982,252.982,43.531,43.536,43.536,CCW
30,09,2022,11,46,17,252.050,253.087,253.087,43.531,43.536,43.536,CCW
30,09,2022,11,46,18,252.050,253.195,253.195,43.531,43.536,43.536,CCW
30,09,2022,11,46,18,252.050,253.303,253.303,43.531,43.536,43.536,CCW
30,09,2022,11,46,19,252.050,253.426,253.426,43.531,43.536,43.536,CCW
30,09,2022,11,46,20,251.917,253.576,253.576,43.523,43.536,43.536,CCW
30,09,2022,11,46,21,251.917,253.430,253.430,43.523,43.529,43.529,CCW
30,09,2022,11,46,22,251.917,253.321,253.321,43.523,43.530,43.530,CCW
30,09,2022,11,46,22,251.917,253.158,253.158,43.523,43.530,43.530,CCW
30,09,2022,11,46,22,251.917,253.019,253.019,43.523,43.529,43.529,CCW
30,09,2022,11,46,22,251.917,252.877,252.877,43.523,43.529,43.529,CCW
30,09,2022,11,46,23,251.917,252.756,252.756,43.523,43.529,43.529,CCW
30,09,2022,11,46,23,251.917,252.622,252.622,43.523,43.529,43.529,CCW
30,09,2022,11,46,24,251.917,252.470,252.470,43.523,43.529,43.529,CCW
30,09,2022,11,46,24,251.917,252.331,252.331,43.523,43.529,43.529,CCW
30,09,2022,11,46,25,251.917,252.217,252.217,43.523,43.529,43.529,CCW
30,09,2022,11,46,25,251.917,252.107,252.107,43.523,43.529,43.529,CCW
30,09,2022,11,46,26,251.917,251.990,251.990,43.523,43.529,43.529,CCW
30,09,2022,11,46,30,251.785,251.858,251.858,43.514,43.525,43.525,CCW
30,09,2022,11,46,40,251.653,251.731,251.731,43.505,43.515,43.515,CCW
30,09,2022,11,46,50,251.520,251.626,251.626,43.496,43.508,43.508,CCW
30,09,2022,11,46,51,251.520,251.524,251.524,43.496,43.503,43.503,CCW
30,09,2022,11,47,01,251.388,251.414,251.414,43.487,43.493,43.493,CCW
30,09,2022,11,47,10,251.256,251.301,251.301,43.478,43.485,43.485,CCW
30,09,2022,11,47,20,251.124,251.196,251.196,43.468,43.479,43.479,CCW
30,09,2022,11,47,30,250.993,251.066,251.066,43.458,43.469,43.469,CCW
30,09,2022,11,47,40,250.861,250.937,250.937,43.448,43.459,43.459,CCW
30,09,2022,11,47,50,250.730,250.806,250.806,43.438,43.448,43.448,CCW
30,09,2022,11,48,00,250.598,250.704,250.704,43.428,43.442,43.442,CCW
30,09,2022,11,48,01,250.598,250.602,250.602,43.428,43.432,43.432,CCW
30,09,2022,11,48,11,250.467,250.495,250.495,43.417,43.422,43.422,CCW
30,09,2022,11,48,21,250.336,250.385,250.385,43.406,43.414,43.414,CCW
30,09,2022,11,48,30,250.205,250.278,250.278,43.395,43.408,43.408,CCW
30,09,2022,11,48,40,250.074,250.147,250.147,43.384,43.394,43.394,CCW
30,09,2022,11,48,45,250.074,250.071,250.070,43.384,43.388,43.388,CCW
30,09,2022,11,48,45,250.074,250.071,250.070,43.384,43.389,43.389,CCW
30,09,2022,11,48,51,249.944,249.965,249.965,43.373,43.378,43.378,CCW
30,09,2022,11,49,00,249.813,249.856,249.856,43.362,43.369,43.369,CCW
30,09,2022,11,49,10,249.683,249.748,249.748,43.350,43.362,43.362,CCW
30,09,2022,11,49,14,249.683,249.674,249.675,43.350,43.357,43.357,CCW
30,09,2022,11,49,15,249.683,249.670,249.669,43.350,43.356,43.356,CCW
30,09,2022,11,49,21,249.552,249.567,249.567,43.338,43.342,43.342,CCW
30,09,2022,11,49,31,249.422,249.450,249.450,43.326,43.332,43.332,CCW
30,09,2022,11,49,40,249.292,249.332,249.332,43.314,43.325,43.325,CCW
30,09,2022,11,49,50,249.162,249.231,249.231,43.302,43.315,43.315,CCW
30,09,2022,11,50,00,249.033,249.108,249.108,43.289,43.302,43.302,CCW
30,09,2022,11,50,10,248.903,248.981,248.981,43.277,43.292,43.292,CCW
30,09,2022,11,50,13,248.903,248.895,248.896,43.277,43.282,43.282,CCW
30,09,2022,11,50,21,248.774,248.790,248.790,43.264,43.269,43.269,CCW
30,09,2022,11,50,31,248.644,248.669,248.669,43.251,43.257,43.257,CCW
30,09,2022,11,50,41,248.515,248.554,248.554,43.237,43.246,43.246,CCW
30,09,2022,11,50,50,248.386,248.422,248.422,43.224,43.237,43.237,CCW
30,09,2022,11,51,00,248.258,248.298,248.298,43.211,43.220,43.220,CCW
30,09,2022,11,51,10,248.129,248.195,248.195,43.197,43.210,43.210,CCW
30,09,2022,11,51,20,248.000,248.072,248.072,43.183,43.198,43.198,CCW
30,09,2022,11,51,30,247.872,247.941,247.941,43.169,43.184,43.184,CCW
30,09,2022,11,51,40,247.744,247.816,247.816,43.155,43.170,43.170,CCW
30,09,2022,11,51,50,247.615,247.685,247.685,43.140,43.157,43.157,CCW
30,09,2022,11,52,00,247.488,247.562,247.562,43.126,43.140,43.140,CCW
30,09,2022,11,52,10,247.360,247.429,247.429,43.111,43.127,43.127,CCW
30,09,2022,11,52,20,247.232,247.310,247.310,43.096,43.110,43.110,CCW
30,09,2022,11,52,30,247.105,247.202,247.202,43.081,43.099,43.099,CCW
30,09,2022,11,52,32,247.105,247.100,247.100,43.081,43.086,43.086,CCW
30,09,2022,11,52,41,246.977,246.995,246.995,43.066,43.075,43.075,CCW
30,09,2022,11,52,51,246.850,246.881,246.881,43.050,43.065,43.065,CCW
30,09,2022,11,53,01,246.723,246.771,246.771,43.035,43.045,43.045,CCW
30,09,2022,11,53,10,246.596,246.664,246.664,43.019,43.034,43.034,CCW
30,09,2022,11,53,20,246.469,246.540,246.540,43.003,43.020,43.020,CCW
30,09,2022,11,53,30,246.343,246.381,246.381,42.987,43.001,43.001,CCW
30,09,2022,11,53,31,246.343,246.347,246.346,42.987,42.993,42.993,CCW
30,09,2022,11,53,41,246.216,246.241,246.241,42.971,42.981,42.981,CCW
30,09,2022,11,53,45,246.216,246.099,246.099,42.971,42.976,42.976,CCW
30,09,2022,11,53,46,246.216,245.930,245.930,42.971,42.976,42.976,CCW
30,09,2022,11,53,46,246.216,245.815,245.815,42.971,42.976,42.976,CCW
30,09,2022,11,53,49,246.216,246.218,246.218,42.971,42.975,42.975,CCW
30,09,2022,11,53,51,246.090,246.107,246.107,42.955,42.962,42.962,CCW
30,09,2022,11,54,00,245.964,246.002,246.002,42.938,42.952,42.952,CCW
30,09,2022,11,54,10,245.838,245.902,245.902,42.921,42.939,42.939,CCW
30,09,2022,11,54,12,245.838,245.834,245.833,42.921,42.926,42.926,CCW
30,09,2022,11,54,21,245.712,245.730,245.730,42.905,42.914,42.914,CCW
30,09,2022,11,54,30,245.574,245.626,245.626,42.886,42.904,42.904,CCW
30,09,2022,11,54,36,245.574,245.475,245.475,42.886,42.891,42.891,CCW
30,09,2022,11,54,37,245.574,245.359,245.359,42.886,42.892,42.892,CCW
30,09,2022,11,54,38,245.574,245.517,245.517,42.886,42.891,42.891,CCW
30,09,2022,11,54,39,245.574,245.203,245.203,42.886,42.891,42.891,CCW
30,09,2022,11,54,39,245.574,244.915,244.915,42.886,42.890,42.890,CCW
30,09,2022,11,54,41,245.449,245.116,245.116,42.869,42.876,42.876,CCW
30,09,2022,11,54,41,245.449,245.333,245.333,42.869,42.875,42.875,CCW
30,09,2022,11,54,42,245.449,245.877,245.877,42.869,42.875,42.875,CCW
30,09,2022,11,54,43,245.449,245.980,245.980,42.869,42.877,42.877,CCW
30,09,2022,11,54,51,245.324,245.811,245.811,42.851,42.866,42.866,CCW
30,09,2022,11,54,51,245.324,245.691,245.691,42.851,42.860,42.860,CCW
30,09,2022,11,54,52,245.324,245.576,245.576,42.851,42.855,42.855,CCW
30,09,2022,11,54,52,245.324,245.437,245.437,42.851,42.854,42.854,CCW
30,09,2022,11,54,54,245.324,245.331,245.331,42.851,42.854,42.854,CCW
30,09,2022,11,54,54,245.324,245.325,245.326,42.851,42.854,42.854,CCW
30,09,2022,11,55,01,245.198,245.218,245.218,42.834,42.841,42.841,CCW
30,09,2022,11,55,11,245.073,245.114,245.114,42.816,42.829,42.829,CCW
30,09,2022,11,55,20,244.949,245.012,245.012,42.799,42.815,42.815,CCW
30,09,2022,11,55,21,244.949,244.909,244.909,42.799,42.804,42.804,CCW
30,09,2022,11,55,40,244.700,244.803,244.803,42.762,42.786,42.786,CCW
30,09,2022,11,55,42,244.700,244.701,244.701,42.762,42.768,42.768,CCW
30,09,2022,11,55,51,244.575,244.598,244.598,42.744,42.756,42.756,CCW
30,09,2022,11,56,00,244.451,244.487,244.487,42.726,42.742,42.742,CCW
30,09,2022,11,56,11,244.327,244.359,244.359,42.707,42.720,42.720,CCW
30,09,2022,11,56,21,244.204,244.248,244.248,42.689,42.705,42.705,CCW
30,09,2022,11,56,30,244.080,244.118,244.118,42.670,42.688,42.688,CCW
30,09,2022,11,56,41,243.956,243.991,243.991,42.651,42.666,42.666,CCW
30,09,2022,11,56,51,243.833,243.851,243.851,42.632,42.643,42.643,CCW
30,09,2022,11,56,52,243.833,243.837,243.836,42.632,42.636,42.636,CCW
30,09,2022,11,57,01,243.710,243.731,243.731,42.612,42.624,42.624,CCW
30,09,2022,11,57,10,243.587,243.628,243.628,42.593,42.611,42.611,CCW
30,09,2022,11,57,21,243.464,243.482,243.482,42.573,42.588,42.588,CCW
30,09,2022,11,57,31,243.342,243.381,243.381,42.554,42.570,42.570,CCW
30,09,2022,11,57,41,243.219,243.254,243.254,42.534,42.553,42.553,CCW
30,09,2022,11,57,51,243.097,243.121,243.121,42.514,42.526,42.526,CCW
30,09,2022,11,58,01,242.975,243.014,243.014,42.494,42.512,42.512,CCW
30,09,2022,11,58,11,242.853,242.888,242.888,42.473,42.490,42.490,CCW
30,09,2022,11,58,20,242.731,242.769,242.769,42.453,42.468,42.468,CCW
30,09,2022,11,58,31,242.610,242.654,242.654,42.432,42.452,42.452,CCW
30,09,2022,11,58,41,242.488,242.527,242.527,42.412,42.432,42.432,CCW
30,09,2022,11,58,51,242.367,242.399,242.399,42.391,42.408,42.408,CCW
30,09,2022,11,59,01,242.246,242.282,242.282,42.370,42.387,42.387,CCW
30,09,2022,11,59,10,242.125,242.163,242.163,42.349,42.366,42.366,CCW
30,09,2022,11,59,21,242.005,242.046,242.046,42.327,42.346,42.346,CCW
30,09,2022,11,59,31,241.884,241.918,241.918,42.306,42.321,42.321,CCW
30,09,2022,11,59,40,241.764,241.799,241.799,42.284,42.303,42.303,CCW
30,09,2022,11,59,51,241.644,241.682,241.682,42.263,42.282,42.282,CCW
30,09,2022,12,00,01,241.524,241.554,241.554,42.241,42.259,42.259,CCW
30,09,2022,12,00,11,241.404,241.438,241.438,42.219,42.240,42.240,CCW
30,09,2022,12,00,21,241.284,241.321,241.321,42.197,42.217,42.217,CCW
30,09,2022,12,00,31,241.165,241.198,241.198,42.175,42.193,42.193,CCW
30,09,2022,12,00,41,241.046,241.084,241.084,42.152,42.173,42.173,CCW
30,09,2022,12,00,51,240.927,240.960,240.960,42.130,42.149,42.149,CCW
30,09,2022,12,01,01,240.808,240.847,240.847,42.107,42.126,42.126,CCW
30,09,2022,12,01,10,240.689,240.724,240.724,42.085,42.103,42.103,CCW
30,09,2022,12,01,21,240.570,240.605,240.605,42.062,42.083,42.083,CCW
30,09,2022,12,01,31,240.452,240.487,240.487,42.039,42.059,42.059,CCW
30,09,2022,12,01,41,240.334,240.315,240.315,42.016,42.034,42.034,CCW
30,09,2022,12,01,41,240.334,240.175,240.175,42.016,42.030,42.030,CCW
30,09,2022,12,01,41,240.334,239.895,239.895,42.016,42.026,42.026,CCW
30,09,2022,12,01,41,240.334,239.635,239.635,42.016,42.022,42.022,CCW
30,09,2022,12,01,42,240.334,239.756,239.756,42.016,42.022,42.022,CCW
30,09,2022,12,01,51,240.216,239.908,239.908,41.992,42.007,42.007,CCW
30,09,2022,12,01,52,240.216,240.026,240.026,41.992,42.001,42.001,CCW
30,09,2022,12,01,52,240.216,240.153,240.153,41.992,41.995,41.995,CCW
30,09,2022,12,02,03,240.098,240.040,240.040,41.969,41.973,41.973,CCW
30,09,2022,12,02,21,239.863,239.920,239.920,41.922,41.946,41.946,CCW
30,09,2022,12,02,23,239.863,239.855,239.854,41.922,41.927,41.927,CCW
30,09,2022,12,02,31,239.746,239.753,239.753,41.898,41.916,41.916,CCW
30,09,2022,12,02,41,239.629,239.644,239.644,41.874,41.892,41.892,CCW
30,09,2022,12,02,47,239.629,239.627,239.628,41.874,41.880,41.880,CCW
30,09,2022,12,02,47,239.629,239.627,239.628,41.874,41.880,41.880,CCW
30,09,2022,12,02,49,239.629,239.627,239.628,41.874,41.880,41.880,CCW
30,09,2022,12,02,49,239.629,239.627,239.628,41.874,41.880,41.880,CCW
30,09,2022,12,02,49,239.629,239.627,239.628,41.874,41.880,41.880,CCW
30,09,2022,12,02,49,239.629,239.627,239.628,41.874,41.880,41.880,CCW
30,09,2022,12,02,50,239.512,239.627,239.628,41.850,41.880,41.880,CCW
30,09,2022,12,02,51,239.512,239.519,239.519,41.850,41.861,41.861,CCW
30,09,2022,12,03,01,239.395,239.417,239.417,41.826,41.845,41.845,CCW
30,09,2022,12,03,11,239.278,239.315,239.315,41.802,41.822,41.822,CCW
30,09,2022,12,03,21,239.162,239.198,239.198,41.778,41.798,41.798,CCW
30,09,2022,12,03,31,239.046,239.081,239.081,41.753,41.776,41.776,CCW
30,09,2022,12,03,41,238.930,238.971,238.971,41.729,41.748,41.748,CCW
30,09,2022,12,03,50,238.814,238.850,238.850,41.704,41.726,41.726,CCW
30,09,2022,12,04,01,238.699,238.732,238.732,41.679,41.702,41.702,CCW
30,09,2022,12,04,01,238.699,238.610,238.610,41.679,41.691,41.691,CCW
30,09,2022,12,04,02,238.699,238.457,238.457,41.679,41.687,41.687,CCW
30,09,2022,12,04,02,238.699,238.203,238.203,41.679,41.685,41.685,CCW
30,09,2022,12,04,02,238.699,238.013,238.013,41.679,41.686,41.686,CCW
30,09,2022,12,04,10,238.583,238.135,238.135,41.654,41.680,41.680,CCW
30,09,2022,12,04,11,238.583,238.248,238.248,41.654,41.677,41.677,CCW
30,09,2022,12,04,11,238.583,238.399,238.399,41.654,41.673,41.673,CCW
30,09,2022,12,04,11,238.583,238.586,238.586,41.654,41.670,41.670,CCW
30,09,2022,12,04,11,238.583,238.818,238.818,41.654,41.667,41.667,CCW
30,09,2022,12,04,12,238.583,238.981,238.981,41.654,41.665,41.665,CCW
30,09,2022,12,04,19,238.583,238.871,238.871,41.654,41.657,41.657,CCW
30,09,2022,12,04,20,238.468,238.679,238.679,41.629,41.657,41.657,CCW
30,09,2022,12,04,20,238.468,238.564,238.564,41.629,41.657,41.657,CCW
30,09,2022,12,04,20,238.468,238.405,238.405,41.629,41.656,41.656,CCW
30,09,2022,12,04,20,238.468,238.283,238.283,41.629,41.653,41.653,CCW
30,09,2022,12,04,44,238.238,238.387,238.387,41.578,41.583,41.583,CCW
30,09,2022,12,04,46,238.238,238.254,238.254,41.578,41.583,41.583,CCW
30,09,2022,12,04,51,238.123,238.136,238.136,41.553,41.572,41.572,CCW
30,09,2022,12,05,01,238.009,238.026,238.026,41.528,41.546,41.546,CCW
30,09,2022,12,05,11,237.894,237.915,237.915,41.502,41.521,41.521,CCW
30,09,2022,12,05,21,237.780,237.798,237.798,41.476,41.496,41.496,CCW
30,09,2022,12,05,31,237.666,237.672,237.672,41.450,41.466,41.466,CCW
30,09,2022,12,05,41,237.553,237.564,237.564,41.424,41.437,41.437,CCW
30,09,2022,12,05,51,237.439,237.451,237.451,41.398,41.416,41.416,CCW
30,09,2022,12,06,01,237.326,237.343,237.343,41.372,41.392,41.392,CCW
30,09,2022,12,06,11,237.212,237.231,237.231,41.346,41.366,41.366,CCW
30,09,2022,12,06,21,237.099,237.127,237.127,41.319,41.341,41.341,CCW
30,09,2022,12,06,31,236.987,236.999,236.999,41.293,41.313,41.313,CCW
30,09,2022,12,06,41,236.874,236.888,236.888,41.266,41.286,41.286,CCW
30,09,2022,12,06,51,236.761,236.780,236.780,41.240,41.256,41.256,CCW
30,09,2022,12,07,01,236.649,236.662,236.662,41.213,41.235,41.235,CCW
30,09,2022,12,07,02,236.649,236.645,236.646,41.213,41.219,41.219,CCW
30,09,2022,12,07,11,236.537,236.543,236.543,41.186,41.205,41.205,CCW
30,09,2022,12,07,21,236.425,236.434,236.434,41.159,41.174,41.174,CCW
30,09,2022,12,07,26,236.425,236.424,236.425,41.159,41.164,41.164,CCW
30,09,2022,12,07,31,236.313,236.315,236.315,41.132,41.145,41.145,CCW
30,09,2022,12,07,35,236.313,236.304,236.305,41.132,41.136,41.136,CCW
30,09,2022,12,07,36,236.313,236.304,236.305,41.132,41.136,41.136,CCW
30,09,2022,12,07,41,236.202,236.203,236.203,41.104,41.122,41.122,CCW
30,09,2022,12,07,51,236.091,236.101,236.101,41.077,41.097,41.097,CCW
30,09,2022,12,08,01,235.979,235.994,235.994,41.049,41.071,41.071,CCW
30,09,2022,12,08,11,235.868,235.884,235.884,41.022,41.044,41.044,CCW
30,09,2022,12,08,21,235.758,235.777,235.777,40.994,41.018,41.018,CCW
30,09,2022,12,08,31,235.647,235.652,235.652,40.967,40.983,40.983,CCW
30,09,2022,12,08,41,235.537,235.549,235.549,40.939,40.958,40.958,CCW
30,09,2022,12,08,45,235.537,235.532,235.531,40.939,40.946,40.946,CCW
30,09,2022,12,08,51,235.426,235.430,235.430,40.911,40.931,40.931,CCW
30,09,2022,12,08,54,235.426,235.423,235.422,40.911,40.917,40.917,CCW
30,09,2022,12,09,01,235.316,235.317,235.317,40.883,40.902,40.902,CCW
30,09,2022,12,09,11,235.207,235.216,235.216,40.855,40.876,40.876,CCW
30,09,2022,12,09,20,235.097,235.158,235.159,40.826,40.856,40.856,CCW
30,09,2022,12,09,30,234.987,235.047,235.047,40.798,40.826,40.826,CCW
30,09,2022,12,09,34,234.987,234.985,234.984,40.798,40.805,40.805,CCW
30,09,2022,12,09,41,234.878,234.883,234.883,40.769,40.790,40.790,CCW
30,09,2022,12,09,51,234.769,234.782,234.782,40.741,40.763,40.763,CCW
30,09,2022,12,10,01,234.660,234.668,234.668,40.712,40.733,40.733,CCW
30,09,2022,12,10,11,234.551,234.549,234.549,40.684,40.701,40.701,CCW
30,09,2022,12,10,22,234.443,234.445,234.445,40.655,40.671,40.671,CCW
30,09,2022,12,10,31,234.335,234.343,234.343,40.626,40.648,40.648,CCW
30,09,2022,12,10,38,234.335,234.177,234.177,40.626,40.631,40.631,CCW
30,09,2022,12,10,38,234.335,233.995,233.995,40.626,40.631,40.631,CCW
30,09,2022,12,10,41,234.226,234.136,234.136,40.597,40.623,40.623,CCW
30,09,2022,12,10,41,234.226,234.240,234.240,40.597,40.616,40.616,CCW
30,09,2022,12,10,42,234.226,234.367,234.367,40.597,40.609,40.609,CCW
30,09,2022,12,10,43,234.226,234.449,234.448,40.597,40.603,40.603,CCW
30,09,2022,12,10,51,234.118,234.339,234.339,40.568,40.595,40.595,CCW
30,09,2022,12,10,52,234.118,234.202,234.202,40.568,40.582,40.582,CCW
30,09,2022,12,11,00,234.011,234.097,234.097,40.539,40.571,40.571,CCW
30,09,2022,12,11,10,233.903,233.993,233.993,40.509,40.544,40.544,CCW
30,09,2022,12,11,20,233.796,233.884,233.884,40.480,40.513,40.513,CCW
30,09,2022,12,11,30,233.688,233.766,233.766,40.451,40.483,40.483,CCW
30,09,2022,12,11,40,233.581,233.661,233.661,40.421,40.453,40.453,CCW
30,09,2022,12,11,50,233.475,233.538,233.538,40.391,40.423,40.423,CCW
30,09,2022,12,11,55,233.475,233.475,233.474,40.391,40.397,40.397,CCW
30,09,2022,12,12,01,233.368,233.365,233.365,40.362,40.377,40.377,CCW
30,09,2022,12,12,11,233.261,233.262,233.262,40.332,40.351,40.351,CCW
30,09,2022,12,12,21,233.155,233.156,233.156,40.302,40.325,40.325,CCW
30,09,2022,12,12,31,233.049,233.051,233.051,40.272,40.290,40.290,CCW
30,09,2022,12,12,37,233.049,233.041,233.042,40.272,40.278,40.278,CCW
30,09,2022,12,12,50,232.837,232.924,232.924,40.212,40.248,40.248,CCW
30,09,2022,12,13,00,232.732,232.816,232.816,40.182,40.216,40.216,CCW
30,09,2022,12,13,10,232.626,232.709,232.709,40.151,40.185,40.185,CCW
30,09,2022,12,13,20,232.521,232.608,232.608,40.121,40.155,40.155,CCW
30,09,2022,12,13,30,232.416,232.503,232.503,40.091,40.124,40.124,CCW
30,09,2022,12,13,40,232.311,232.401,232.401,40.060,40.095,40.095,CCW
30,09,2022,12,13,50,232.207,232.293,232.293,40.029,40.064,40.064,CCW
30,09,2022,12,14,00,232.102,232.189,232.189,39.999,40.032,40.032,CCW
30,09,2022,12,14,10,231.998,232.081,232.081,39.968,40.006,40.006,CCW
30,09,2022,12,14,20,231.894,231.956,231.956,39.937,39.968,39.968,CCW
30,09,2022,12,14,30,231.790,231.853,231.853,39.906,39.937,39.937,CCW
30,09,2022,12,14,40,231.687,231.742,231.742,39.875,39.905,39.905,CCW
30,09,2022,12,14,51,231.583,231.640,231.640,39.844,39.879,39.879,CCW
30,09,2022,12,15,01,231.480,231.515,231.515,39.813,39.841,39.841,CCW
30,09,2022,12,15,08,231.480,231.467,231.466,39.813,39.818,39.818,CCW
30,09,2022,12,15,10,232.722,231.612,231.612,39.038,39.802,39.802,CCW
30,09,2022,12,15,11,232.722,231.839,231.839,39.038,39.792,39.792,CCW
30,09,2022,12,15,11,232.722,231.940,231.940,39.038,39.782,39.782,CCW
30,09,2022,12,15,12,232.722,232.099,232.099,39.038,39.761,39.761,CCW
30,09,2022,12,15,12,232.722,232.242,232.242,39.038,39.739,39.739,CCW
30,09,2022,12,15,13,232.722,232.346,232.346,39.038,39.719,39.719,CCW
30,09,2022,12,15,13,232.722,232.481,232.481,39.038,39.687,39.687,CCW
30,09,2022,12,15,14,232.722,232.582,232.582,39.038,39.665,39.665,CCW
30,09,2022,12,15,15,232.722,232.690,232.690,39.038,39.623,39.623,CCW
30,09,2022,12,15,18,232.722,232.734,232.734,39.038,39.520,39.520,CCW
30,09,2022,12,15,21,234.103,232.895,232.895,38.178,39.440,39.440,CCW
30,09,2022,12,15,21,234.103,233.005,233.005,38.178,39.423,39.423,CCW
30,09,2022,12,15,21,234.103,233.117,233.117,38.178,39.405,39.405,CCW
30,09,2022,12,15,22,234.103,233.222,233.222,38.178,39.387,39.387,CCW
30,09,2022,12,15,22,234.103,233.324,233.324,38.178,39.370,39.370,CCW
30,09,2022,12,15,22,234.103,233.546,233.546,38.178,39.335,39.335,CCW
30,09,2022,12,15,23,234.103,233.670,233.670,38.178,39.316,39.316,CCW
30,09,2022,12,15,23,234.103,233.775,233.775,38.178,39.299,39.299,CCW
30,09,2022,12,15,23,234.103,233.879,233.879,38.178,39.281,39.281,CCW
30,09,2022,12,15,24,234.103,234.050,234.050,38.178,39.247,39.247,CCW
30,09,2022,12,15,25,234.103,234.111,234.111,38.178,39.146,39.146,CCW
30,09,2022,12,15,28,234.103,234.139,234.139,38.178,39.040,39.040,CCW
30,09,2022,12,15,30,235.483,234.148,234.148,37.317,38.928,38.928,CCW
30,09,2022,12,15,31,235.483,234.259,234.259,37.317,38.894,38.894,CCW
30,09,2022,12,15,31,235.483,234.411,234.411,37.317,38.876,38.876,CCW
30,09,2022,12,15,31,235.483,234.692,234.692,37.317,38.858,38.858,CCW
30,09,2022,12,15,32,235.483,234.968,234.968,37.317,38.845,38.845,CCW
30,09,2022,12,15,32,235.483,235.124,235.124,37.317,38.804,38.804,CCW
30,09,2022,12,15,33,235.483,235.232,235.232,37.317,38.768,38.768,CCW
30,09,2022,12,15,33,235.483,235.356,235.356,37.317,38.716,38.716,CCW
30,09,2022,12,15,34,235.483,235.466,235.466,37.317,38.646,38.646,CCW
30,09,2022,12,15,36,235.483,235.491,235.491,37.317,38.540,38.540,CCW
30,09,2022,12,15,37,235.483,235.492,235.492,37.317,38.433,38.433,CCW
30,09,2022,12,15,39,235.483,235.492,235.492,37.317,38.311,38.311,CCW
30,09,2022,12,15,41,236.864,235.699,235.699,36.457,38.224,38.224,CCW
30,09,2022,12,15,41,236.864,236.128,236.128,36.457,38.186,38.186,CCW
30,09,2022,12,15,42,236.864,236.357,236.357,36.457,38.136,38.136,CCW
30,09,2022,12,15,43,236.864,236.495,236.495,36.457,38.100,38.100,CCW
30,09,2022,12,15,43,236.864,236.630,236.630,36.457,38.046,38.046,CCW
30,09,2022,12,15,44,236.864,236.753,236.753,36.457,37.994,37.994,CCW
30,09,2022,12,15,45,236.864,236.863,236.863,36.457,37.942,37.942,CCW
30,09,2022,12,15,46,236.864,236.872,236.872,36.457,37.836,37.836,CCW
30,09,2022,12,15,48,236.864,236.872,236.872,36.457,37.728,37.728,CCW
30,09,2022,12,15,50,236.864,236.872,236.872,36.457,37.623,37.623,CCW
30,09,2022,12,15,51,238.244,236.872,236.872,35.596,37.514,37.514,CCW
30,09,2022,12,15,51,238.244,237.114,237.114,35.596,37.479,37.479,CCW
30,09,2022,12,15,52,238.244,237.550,237.550,35.596,37.443,37.443,CCW
30,09,2022,12,15,52,238.244,237.773,237.773,35.596,37.426,37.426,CCW
30,09,2022,12,15,53,238.244,238.000,238.000,35.596,37.408,37.408,CCW
30,09,2022,12,15,53,238.244,238.194,238.194,35.596,37.390,37.390,CCW
30,09,2022,12,15,54,238.244,238.245,238.245,35.596,37.265,37.265,CCW
30,09,2022,12,15,56,238.244,238.267,238.267,35.596,37.158,37.158,CCW
30,09,2022,12,15,58,238.244,238.267,238.267,35.596,37.052,37.052,CCW
30,09,2022,12,15,59,238.244,238.268,238.268,35.596,36.943,36.943,CCW
30,09,2022,12,16,01,239.624,238.303,238.303,34.735,36.824,36.824,CCW
30,09,2022,12,16,01,239.624,238.492,238.492,34.735,36.753,36.753,CCW
30,09,2022,12,16,01,239.624,238.692,238.692,34.735,36.718,36.718,CCW
30,09,2022,12,16,02,239.624,238.990,238.990,34.735,36.692,36.692,CCW
30,09,2022,12,16,02,239.624,239.109,239.109,34.735,36.677,36.677,CCW
30,09,2022,12,16,02,239.624,239.287,239.287,34.735,36.638,36.638,CCW
30,09,2022,12,16,03,239.624,239.410,239.410,34.735,36.586,36.586,CCW
30,09,2022,12,16,04,239.624,239.527,239.527,34.735,36.533,36.533,CCW
30,09,2022,12,16,05,239.624,239.627,239.627,34.735,36.443,36.443,CCW
30,09,2022,12,16,07,239.624,239.633,239.633,34.735,36.333,36.333,CCW
30,09,2022,12,16,08,239.624,239.634,239.634,34.735,36.226,36.226,CCW
30,09,2022,12,16,10,239.624,239.634,239.634,34.735,36.117,36.117,CCW
30,09,2022,12,16,11,241.005,239.635,239.635,33.875,36.000,36.000,CCW
30,09,2022,12,16,11,241.005,239.889,239.889,33.875,35.891,35.891,CCW
30,09,2022,12,16,12,241.005,240.027,240.027,33.875,35.855,35.855,CCW
30,09,2022,12,16,12,241.005,240.170,240.170,33.875,35.812,35.812,CCW
30,09,2022,12,16,13,241.005,240.327,240.327,33.875,35.775,35.775,CCW
30,09,2022,12,16,13,241.005,240.486,240.486,33.875,35.740,35.740,CCW
30,09,2022,12,16,14,241.005,240.627,240.627,33.875,35.704,35.704,CCW
30,09,2022,12,16,14,241.005,240.739,240.739,33.875,35.669,35.669,CCW
30,09,2022,12,16,15,241.005,240.842,240.842,33.875,35.631,35.631,CCW
30,09,2022,12,16,16,241.005,240.949,240.949,33.875,35.576,35.576,CCW
30,09,2022,12,16,17,241.005,241.003,241.003,33.875,35.469,35.469,CCW
30,09,2022,12,16,19,241.005,241.004,241.004,33.875,35.361,35.361,CCW
30,09,2022,12,16,20,242.385,241.334,241.334,33.014,35.206,35.206,CCW
30,09,2022,12,16,21,242.385,241.496,241.496,33.014,35.169,35.169,CCW
30,09,2022,12,16,21,242.385,241.611,241.611,33.014,35.134,35.134,CCW
30,09,2022,12,16,22,242.385,241.752,241.752,33.014,35.025,35.025,CCW
30,09,2022,12,16,22,242.385,241.897,241.897,33.014,34.964,34.964,CCW
30,09,2022,12,16,23,242.385,242.014,242.014,33.014,34.926,34.926,CCW
30,09,2022,12,16,23,242.385,242.126,242.126,33.014,34.889,34.889,CCW
30,09,2022,12,16,24,242.385,242.228,242.228,33.014,34.855,34.855,CCW
30,09,2022,12,16,25,242.385,242.360,242.360,33.014,34.783,34.783,CCW
30,09,2022,12,16,26,242.385,242.383,242.383,33.014,34.673,34.673,CCW
30,09,2022,12,16,28,242.385,242.384,242.384,33.014,34.563,34.563,CCW
30,09,2022,12,16,29,242.385,242.384,242.384,33.014,34.455,34.455,CCW
30,09,2022,12,16,30,243.766,242.498,242.498,32.154,34.387,34.387,CCW
30,09,2022,12,16,30,243.766,242.668,242.668,32.154,34.352,34.352,CCW
30,09,2022,12,16,31,243.766,242.782,242.782,32.154,34.316,34.316,CCW
30,09,2022,12,16,31,243.766,242.957,242.957,32.154,34.279,34.279,CCW
30,09,2022,12,16,31,243.766,243.067,243.067,32.154,34.243,34.243,CCW
30,09,2022,12,16,32,243.766,243.208,243.208,32.154,34.170,34.170,CCW
30,09,2022,12,16,33,243.766,243.498,243.498,32.154,34.073,34.073,CCW
30,09,2022,12,16,33,243.766,243.956,243.956,32.154,34.035,34.035,CCW
30,09,2022,12,16,33,243.766,244.161,244.161,32.154,34.020,34.020,CCW
30,09,2022,12,16,34,243.766,244.051,244.051,32.154,33.983,33.983,CCW
30,09,2022,12,16,35,243.766,244.155,244.155,32.154,33.909,33.909,CCW
30,09,2022,12,16,37,243.766,244.156,244.156,32.154,33.800,33.800,CCW
30,09,2022,12,16,38,243.766,244.156,244.156,32.154,33.687,33.687,CCW
30,09,2022,12,16,40,243.766,244.156,244.156,32.154,33.580,33.580,CCW
30,09,2022,12,16,41,245.146,244.246,244.246,31.293,33.457,33.457,CCW
30,09,2022,12,16,41,245.146,244.401,244.401,31.293,33.385,33.385,CCW
30,09,2022,12,16,41,245.146,244.521,244.521,31.293,33.346,33.346,CCW
30,09,2022,12,16,42,245.146,244.655,244.655,31.293,33.310,33.310,CCW
30,09,2022,12,16,42,245.146,244.762,244.762,31.293,33.231,33.231,CCW
30,09,2022,12,16,43,245.146,244.882,244.882,31.293,33.195,33.195,CCW
30,09,2022,12,16,43,245.146,244.986,244.986,31.293,33.176,33.176,CCW
30,09,2022,12,16,44,245.146,245.102,245.102,31.293,33.103,33.103,CCW
30,09,2022,12,16,46,245.146,245.173,245.173,31.293,32.972,32.972,CCW
30,09,2022,12,16,48,245.146,245.176,245.176,31.293,32.847,32.847,CCW
30,09,2022,12,16,49,245.146,245.176,245.176,31.293,32.735,32.735,CCW
30,09,2022,12,16,51,246.526,245.587,245.587,30.432,32.595,32.595,CCW
30,09,2022,12,16,51,246.526,245.761,245.761,30.432,32.521,32.521,CCW
30,09,2022,12,16,52,246.526,245.915,245.915,30.432,32.445,32.445,CCW
30,09,2022,12,16,52,246.526,246.060,246.060,30.432,32.385,32.385,CCW
30,09,2022,12,16,53,246.526,246.179,246.179,30.432,32.347,32.347,CCW
30,09,2022,12,16,53,246.526,246.326,246.326,30.432,32.291,32.291,CCW
30,09,2022,12,16,54,246.526,246.434,246.434,30.432,32.237,32.237,CCW
30,09,2022,12,16,56,246.526,246.518,246.518,30.432,32.126,32.126,CCW
30,09,2022,12,16,57,246.526,246.533,246.533,30.432,32.015,32.015,CCW
30,09,2022,12,16,59,246.526,246.534,246.534,30.432,31.901,31.901,CCW
30,09,2022,12,17,00,247.907,246.545,246.545,29.572,31.760,31.760,CCW
30,09,2022,12,17,01,247.907,246.565,246.565,29.572,31.649,31.649,CCW
30,09,2022,12,17,02,247.907,246.874,246.874,29.572,31.574,31.574,CCW
30,09,2022,12,17,02,247.907,247.012,247.012,29.572,31.538,31.538,CCW
30,09,2022,12,17,02,247.907,247.159,247.159,29.572,31.514,31.514,CCW
30,09,2022,12,17,03,247.907,247.268,247.268,29.572,31.476,31.476,CCW
30,09,2022,12,17,03,247.907,247.770,247.770,29.572,31.421,31.421,CCW
30,09,2022,12,17,04,247.907,248.190,248.190,29.572,31.401,31.401,CCW
30,09,2022,12,17,05,247.907,248.261,248.261,29.572,31.289,31.289,CCW
30,09,2022,12,17,07,247.907,248.260,248.260,29.572,31.178,31.178,CCW
30,09,2022,12,17,08,247.907,248.260,248.260,29.572,31.066,31.066,CCW
30,09,2022,12,17,10,249.287,248.260,248.260,28.711,30.954,30.954,CCW
30,09,2022,12,17,11,249.287,248.260,248.260,28.711,30.848,30.848,CCW
30,09,2022,12,17,11,249.287,248.480,248.480,28.711,30.738,30.738,CCW
30,09,2022,12,17,12,249.287,248.674,248.674,28.711,30.699,30.699,CCW
30,09,2022,12,17,12,249.287,248.832,248.832,28.711,30.673,30.673,CCW
30,09,2022,12,17,12,249.287,248.963,248.963,28.711,30.656,30.656,CCW
30,09,2022,12,17,12,249.287,249.064,249.064,28.711,30.637,30.637,CCW
30,09,2022,12,17,13,249.287,249.199,249.199,28.711,30.599,30.599,CCW
30,09,2022,12,17,14,249.287,249.219,249.219,28.711,30.486,30.486,CCW
30,09,2022,12,17,15,249.287,249.388,249.388,28.711,30.412,30.412,CCW
30,09,2022,12,17,16,249.287,249.490,249.490,28.711,30.375,30.375,CCW
30,09,2022,12,17,16,249.287,249.592,249.592,28.711,30.355,30.355,CCW
30,09,2022,12,17,17,249.287,249.740,249.740,28.711,30.336,30.336,CCW
30,09,2022,12,17,18,249.287,249.736,249.736,28.711,30.225,30.225,CCW
30,09,2022,12,17,19,249.287,249.736,249.736,28.711,30.112,30.112,CCW
30,09,2022,12,17,21,250.667,249.737,249.737,27.850,30.005,30.005,CCW
30,09,2022,12,17,21,250.667,249.736,249.736,27.850,29.892,29.892,CCW
30,09,2022,12,17,22,250.667,249.733,249.733,27.850,29.791,29.791,CCW
30,09,2022,12,17,23,250.667,249.854,249.854,27.850,29.735,29.735,CCW
30,09,2022,12,17,24,250.667,249.982,249.982,27.850,29.698,29.698,CCW
30,09,2022,12,17,24,250.667,250.137,250.137,27.850,29.659,29.659,CCW
30,09,2022,12,17,24,250.667,250.278,250.278,27.850,29.621,29.621,CCW
30,09,2022,12,17,25,250.667,250.385,250.385,27.850,29.585,29.585,CCW
30,09,2022,12,17,26,250.667,250.485,250.485,27.850,29.547,29.547,CCW
30,09,2022,12,17,26,250.667,250.598,250.598,27.850,29.490,29.490,CCW
30,09,2022,12,17,28,250.667,250.672,250.672,27.850,29.358,29.358,CCW
30,09,2022,12,17,30,250.667,250.673,250.673,27.850,29.245,29.245,CCW
30,09,2022,12,17,30,252.048,250.786,250.786,26.990,29.175,29.175,CCW
30,09,2022,12,17,31,252.048,251.015,251.015,26.990,29.138,29.138,CCW
30,09,2022,12,17,31,252.048,251.216,251.216,26.990,29.099,29.099,CCW
30,09,2022,12,17,31,252.048,251.410,251.410,26.990,29.063,29.063,CCW
30,09,2022,12,17,31,252.048,251.589,251.589,26.990,29.025,29.025,CCW
30,09,2022,12,17,32,252.048,251.745,251.745,26.990,28.988,28.988,CCW
30,09,2022,12,17,32,252.048,251.878,251.878,26.990,28.961,28.961,CCW
30,09,2022,12,17,32,252.048,251.996,251.996,26.990,28.937,28.937,CCW
30,09,2022,12,17,32,252.048,252.101,252.101,26.990,28.918,28.918,CCW
30,09,2022,12,17,34,252.048,252.148,252.148,26.990,28.809,28.809,CCW
30,09,2022,12,17,35,252.048,252.153,252.153,26.990,28.696,28.696,CCW
30,09,2022,12,17,37,252.048,252.155,252.155,26.990,28.583,28.583,CCW
30,09,2022,12,17,38,252.048,252.154,252.154,26.990,28.468,28.468,CCW
30,09,2022,12,17,40,253.428,252.155,252.155,26.129,28.355,28.355,CCW
30,09,2022,12,17,40,253.428,252.394,252.394,26.129,28.288,28.288,CCW
30,09,2022,12,17,41,253.428,252.651,252.651,26.129,28.209,28.209,CCW
30,09,2022,12,17,42,253.428,252.888,252.888,26.129,28.094,28.094,CCW
30,09,2022,12,17,42,253.428,253.018,253.018,26.129,28.049,28.049,CCW
30,09,2022,12,17,43,253.428,253.121,253.121,26.129,28.010,28.010,CCW
30,09,2022,12,17,44,253.428,253.266,253.266,26.129,27.953,27.953,CCW
30,09,2022,12,17,44,253.428,253.383,253.383,26.129,27.896,27.896,CCW
30,09,2022,12,17,46,253.428,253.400,253.400,26.129,27.779,27.779,CCW
30,09,2022,12,17,47,253.428,253.459,253.459,26.129,27.661,27.661,CCW
30,09,2022,12,17,49,253.428,253.487,253.487,26.129,27.546,27.546,CCW
30,09,2022,12,17,50,254.809,253.589,253.589,25.269,27.405,27.405,CCW
30,09,2022,12,17,51,254.809,253.752,253.752,25.269,27.366,27.366,CCW
30,09,2022,12,17,51,254.809,253.970,253.970,25.269,27.327,27.327,CCW
30,09,2022,12,17,51,254.809,254.142,254.142,25.269,27.289,27.289,CCW
30,09,2022,12,17,52,254.809,254.159,254.159,25.269,27.185,27.185,CCW
30,09,2022,12,17,53,254.809,254.304,254.304,25.269,27.148,27.148,CCW
30,09,2022,12,17,53,254.809,254.553,254.553,25.269,27.129,27.129,CCW
30,09,2022,12,17,53,254.809,254.723,254.723,25.269,27.110,27.110,CCW
30,09,2022,12,17,55,254.809,254.809,254.809,25.269,26.992,26.992,CCW
30,09,2022,12,17,56,254.809,254.810,254.810,25.269,26.880,26.880,CCW
30,09,2022,12,17,58,254.809,254.810,254.810,25.269,26.763,26.763,CCW
30,09,2022,12,18,00,254.809,254.810,254.810,25.269,26.646,26.646,CCW
30,09,2022,12,18,01,256.051,254.834,254.834,24.494,26.538,26.538,CCW
30,09,2022,12,18,01,256.051,255.035,255.035,24.494,26.459,26.459,CCW
30,09,2022,12,18,01,256.051,255.248,255.248,24.494,26.431,26.431,CCW
30,09,2022,12,18,02,256.051,255.435,255.435,24.494,26.410,26.410,CCW
30,09,2022,12,18,02,256.051,255.572,255.572,24.494,26.390,26.390,CCW
30,09,2022,12,18,03,256.051,255.559,255.559,24.494,26.273,26.273,CCW
30,09,2022,12,18,05,256.051,255.681,255.681,24.494,26.160,26.160,CCW
30,09,2022,12,18,05,256.051,255.790,255.790,24.494,26.119,26.119,CCW
30,09,2022,12,18,06,256.051,255.893,255.893,24.494,26.081,26.081,CCW
30,09,2022,12,18,07,256.051,256.001,256.001,24.494,26.024,26.024,CCW
30,09,2022,12,18,08,256.051,256.049,256.049,24.494,25.891,25.891,CCW
30,09,2022,12,18,10,256.120,256.050,256.050,24.514,25.772,25.772,CCW
30,09,2022,12,18,11,256.120,256.120,256.120,24.514,25.658,25.658,CCW
30,09,2022,12,18,13,256.120,256.121,256.121,24.514,25.541,25.541,CCW
30,09,2022,12,18,15,256.120,256.123,256.123,24.514,25.440,25.440,CCW
30,09,2022,12,18,17,256.120,256.125,256.125,24.514,25.335,25.335,CCW
30,09,2022,12,18,19,256.120,256.271,256.271,24.514,25.252,25.252,CCW
30,09,2022,12,18,19,256.120,256.461,256.461,24.514,25.238,25.238,CCW
30,09,2022,12,18,20,256.120,256.759,256.759,24.514,25.224,25.224,CCW
30,09,2022,12,18,21,256.188,256.628,256.628,24.533,25.167,25.167,CCW
30,09,2022,12,18,22,256.188,256.478,256.478,24.533,25.132,25.132,CCW
30,09,2022,12,18,22,256.188,256.373,256.373,24.533,25.109,25.109,CCW
30,09,2022,12,18,23,256.188,256.259,256.259,24.533,25.072,25.072,CCW
30,09,2022,12,18,27,256.188,256.188,256.188,24.533,24.969,24.969,CCW
30,09,2022,12,18,33,256.257,256.312,256.312,24.552,24.881,24.881,CCW
30,09,2022,12,18,33,256.257,256.436,256.436,24.552,24.877,24.877,CCW
30,09,2022,12,18,40,256.325,256.444,256.444,24.572,24.774,24.774,CCW
30,09,2022,12,18,41,256.325,256.339,256.339,24.572,24.759,24.759,CCW
30,09,2022,12,18,48,256.325,256.322,256.322,24.572,24.659,24.659,CCW
30,09,2022,12,18,57,256.394,256.437,256.437,24.591,24.597,24.597,CCW
30,09,2022,12,18,59,256.394,256.562,256.562,24.591,24.597,24.597,CCW
30,09,2022,12,19,00,256.462,256.670,256.670,24.610,24.598,24.598,CCW
30,09,2022,12,19,04,256.462,256.516,256.516,24.610,24.602,24.602,CCW
30,09,2022,12,19,18,256.531,256.242,256.242,24.629,24.625,24.625,CCW
30,09,2022,12,19,18,256.531,256.347,256.347,24.629,24.625,24.625,CCW
30,09,2022,12,19,19,256.531,256.456,256.456,24.629,24.625,24.625,CCW
30,09,2022,12,19,21,256.600,256.574,256.574,24.648,24.635,24.635,CCW
30,09,2022,12,19,40,256.737,256.682,256.682,24.686,24.661,24.661,CCW
30,09,2022,12,19,51,256.806,256.788,256.788,24.705,24.692,24.692,CCW
30,09,2022,12,20,09,256.875,256.959,256.959,24.724,24.719,24.719,CCW
30,09,2022,12,20,09,256.875,257.157,257.157,24.724,24.719,24.719,CCW
30,09,2022,12,20,10,256.944,257.296,257.296,24.743,24.719,24.719,CCW
30,09,2022,12,20,10,256.944,257.416,257.416,24.743,24.718,24.718,CCW
30,09,2022,12,20,11,256.944,257.294,257.294,24.743,24.734,24.734,CCW
30,09,2022,12,20,12,256.944,257.192,257.192,24.743,24.735,24.735,CCW
30,09,2022,12,20,13,256.944,257.055,257.055,24.743,24.735,24.735,CCW
30,09,2022,12,20,14,256.944,256.953,256.953,24.743,24.734,24.734,CCW
30,09,2022,12,20,31,257.082,257.057,257.057,24.781,24.761,24.761,CCW
30,09,2022,12,20,31,257.082,257.205,257.205,24.781,24.773,24.773,CCW
30,09,2022,12,20,32,257.082,257.340,257.340,24.781,24.775,24.775,CCW
30,09,2022,12,20,32,257.082,257.519,257.519,24.781,24.775,24.775,CCW
30,09,2022,12,20,32,257.082,257.716,257.716,24.781,24.775,24.775,CCW
30,09,2022,12,20,41,257.151,257.588,257.588,24.800,24.785,24.785,CCW
30,09,2022,12,20,41,257.151,257.475,257.475,24.800,24.792,24.792,CCW
30,09,2022,12,20,42,257.151,257.325,257.325,24.800,24.795,24.795,CCW
30,09,2022,12,20,43,257.151,257.217,257.217,24.800,24.795,24.795,CCW
30,09,2022,12,20,53,257.220,257.322,257.322,24.818,24.814,24.814,CCW
30,09,2022,12,21,26,257.427,257.425,257.425,24.874,24.866,24.866,CCW
30,09,2022,12,21,40,257.565,257.532,257.532,24.911,24.891,24.891,CCW
30,09,2022,12,21,52,257.634,257.632,257.632,24.929,24.922,24.922,CCW
30,09,2022,12,22,10,257.773,257.744,257.744,24.966,24.948,24.948,CCW
30,09,2022,12,22,30,257.911,257.854,257.854,25.003,24.977,24.977,CCW
30,09,2022,12,22,41,257.981,257.966,257.966,25.021,25.005,25.005,CCW
30,09,2022,12,22,59,258.050,258.071,258.071,25.039,25.031,25.031,CCW
30,09,2022,12,23,00,258.050,258.203,258.203,25.039,25.031,25.031,CCW
30,09,2022,12,23,00,258.120,258.332,258.332,25.057,25.032,25.032,CCW
30,09,2022,12,23,03,258.120,258.219,258.219,25.057,25.049,25.049,CCW
30,09,2022,12,23,05,258.120,258.117,258.117,25.057,25.049,25.049,CCW
30,09,2022,12,23,08,258.120,257.926,257.926,25.057,25.050,25.050,CCW
30,09,2022,12,23,08,258.120,257.588,257.588,25.057,25.050,25.050,CCW
30,09,2022,12,23,09,258.120,257.471,257.471,25.057,25.050,25.050,CCW
30,09,2022,12,23,11,258.189,257.620,257.620,25.075,25.059,25.059,CCW
30,09,2022,12,23,11,258.189,257.758,257.758,25.075,25.066,25.066,CCW
30,09,2022,12,23,12,258.189,257.868,257.868,25.075,25.069,25.069,CCW
30,09,2022,12,23,12,258.189,257.974,257.974,25.075,25.069,25.069,CCW
30,09,2022,12,23,13,258.189,258.101,258.101,25.075,25.069,25.069,CCW
30,09,2022,12,23,20,258.258,258.211,258.211,25.093,25.070,25.070,CCW
30,09,2022,12,23,31,258.328,258.313,258.313,25.111,25.096,25.096,CCW
30,09,2022,12,23,45,258.398,258.422,258.422,25.129,25.123,25.123,CCW
30,09,2022,12,23,46,258.398,258.537,258.537,25.129,25.123,25.123,CCW
30,09,2022,12,23,47,258.398,258.707,258.707,25.129,25.123,25.123,CCW
30,09,2022,12,23,47,258.398,258.850,258.850,25.129,25.123,25.123,CCW
30,09,2022,12,23,47,258.398,259.050,259.050,25.129,25.123,25.123,CCW
30,09,2022,12,23,51,258.467,258.909,258.909,25.147,25.131,25.131,CCW
30,09,2022,12,23,51,258.467,258.804,258.804,25.147,25.139,25.139,CCW
30,09,2022,12,23,52,258.467,258.694,258.694,25.147,25.141,25.141,CCW
30,09,2022,12,23,53,258.467,258.534,258.534,25.147,25.141,25.141,CCW
30,09,2022,12,24,05,258.537,258.425,258.425,25.165,25.155,25.155,CCW
30,09,2022,12,24,08,258.537,258.533,258.533,25.165,25.156,25.156,CCW
30,09,2022,12,24,09,258.537,258.694,258.694,25.165,25.156,25.156,CCW
30,09,2022,12,24,09,258.537,258.860,258.860,25.165,25.156,25.156,CCW
30,09,2022,12,24,10,258.606,259.033,259.033,25.183,25.156,25.156,CCW
30,09,2022,12,24,10,258.606,259.200,259.200,25.183,25.157,25.157,CCW
30,09,2022,12,24,11,258.606,259.053,259.053,25.183,25.165,25.165,CCW
30,09,2022,12,24,11,258.606,258.875,258.875,25.183,25.175,25.175,CCW
30,09,2022,12,24,12,258.606,258.770,258.770,25.183,25.175,25.175,CCW
30,09,2022,12,24,13,258.606,258.659,258.659,25.183,25.176,25.176,CCW
