12,09,2022,14,10,49,0,0,489,31
12,09,2022,14,10,50,-75,-107,489,31
12,09,2022,14,10,51,-66,-120,494,30
12,09,2022,14,10,54,-70,-109,493,30
12,09,2022,14,10,59,-72,-97,495,29
12,09,2022,14,11,01,-112,-103,494,30
12,09,2022,14,11,01,-112,-103,356,17
12,09,2022,14,11,02,115,-99,356,17
12,09,2022,14,11,03,115,-99,-73,17
12,09,2022,14,11,04,94,-110,-73,17
12,09,2022,14,11,04,94,-110,-106,17
12,09,2022,14,11,05,80,-115,-106,17
12,09,2022,14,11,06,80,-115,73,17
12,09,2022,14,11,07,77,-117,53,18
12,09,2022,14,11,10,62,-116,53,17
12,09,2022,14,11,13,51,-111,50,17
12,09,2022,14,11,14,51,-111,10,6
12,09,2022,14,11,14,32,-120,10,6
12,09,2022,14,11,18,24,125,0,5
12,09,2022,14,11,19,61,-127,0,5
12,09,2022,14,11,20,61,-127,52,5
12,09,2022,14,11,20,57,121,52,5
12,09,2022,14,11,22,57,121,9,5
12,09,2022,14,11,22,41,111,9,5
12,09,2022,14,11,25,23,125,0,5
12,09,2022,14,11,37,23,111,0,6
12,09,2022,14,11,39,61,125,0,5
12,09,2022,14,11,40,61,125,56,5
12,09,2022,14,11,41,54,117,28,4
12,09,2022,14,11,43,47,111,8,5
12,09,2022,14,11,48,39,119,30,5
12,09,2022,14,11,48,55,113,30,5
12,09,2022,14,11,49,55,113,66,5
12,09,2022,14,11,51,63,112,37,6
12,09,2022,14,11,52,54,118,19,5
12,09,2022,14,11,53,33,121,19,5
12,09,2022,14,11,53,33,121,0,5
12,09,2022,14,11,59,64,125,0,5
12,09,2022,14,12,00,64,125,51,5
12,09,2022,14,12,00,53,120,51,5
12,09,2022,14,12,01,53,120,9,5
12,09,2022,14,12,02,29,118,9,5
12,09,2022,14,12,05,28,-128,0,6
12,09,2022,14,12,07,28,122,0,5
12,09,2022,14,12,09,28,117,54,6
12,09,2022,14,12,10,59,123,54,6
12,09,2022,14,12,10,59,123,38,5
12,09,2022,14,12,12,49,127,0,5
12,09,2022,14,12,13,37,-128,0,5
12,09,2022,14,12,14,37,120,0,4
12,09,2022,14,12,16,37,-127,0,5
12,09,2022,14,12,17,37,127,0,5
12,09,2022,14,12,19,67,124,0,5
12,09,2022,14,12,20,67,124,43,5
12,09,2022,14,12,20,25,122,43,5
12,09,2022,14,12,21,25,122,0,5
12,09,2022,14,12,23,22,-123,0,5
12,09,2022,14,12,28,22,125,0,5
12,09,2022,14,12,29,22,125,36,6
12,09,2022,14,12,30,49,122,36,6
12,09,2022,14,12,31,20,-126,30,6
12,09,2022,14,12,32,20,-126,0,6
12,09,2022,14,12,33,20,122,0,6
12,09,2022,14,12,39,65,111,0,5
12,09,2022,14,12,39,65,111,50,4
12,09,2022,14,12,40,52,107,50,4
12,09,2022,14,12,42,7,116,50,5
12,09,2022,14,12,43,7,116,0,6
12,09,2022,14,12,49,5,116,53,5
12,09,2022,14,12,50,54,118,53,5
12,09,2022,14,12,50,54,118,29,5
12,09,2022,14,12,51,43,117,29,5
12,09,2022,14,12,53,22,116,28,5
12,09,2022,14,12,53,22,116,0,4
12,09,2022,14,12,58,19,119,0,0
12,09,2022,14,12,59,61,118,0,0
12,09,2022,14,13,00,61,118,53,5
12,09,2022,14,13,02,57,107,49,5
12,09,2022,14,13,03,57,107,9,5
12,09,2022,14,13,03,44,116,9,5
12,09,2022,14,13,06,41,91,0,4
12,09,2022,14,13,07,41,91,0,0
12,09,2022,14,13,09,41,88,0,5
12,09,2022,14,13,10,41,104,0,5
12,09,2022,14,13,10,41,104,37,5
12,09,2022,14,13,12,41,114,0,5
12,09,2022,14,13,16,50,101,0,5
12,09,2022,14,13,17,50,101,0,0
12,09,2022,14,13,17,50,87,0,0
12,09,2022,14,13,19,65,112,0,0
12,09,2022,14,13,20,65,112,55,5
12,09,2022,14,13,21,58,112,22,5
12,09,2022,14,13,22,29,112,22,5
12,09,2022,14,13,23,29,112,0,5
12,09,2022,14,13,27,28,114,0,0
12,09,2022,14,13,28,28,103,0,0
12,09,2022,14,13,29,28,103,55,5
12,09,2022,14,13,29,55,116,55,5
12,09,2022,14,13,30,55,116,38,5
12,09,2022,14,13,31,56,-124,38,5
12,09,2022,14,13,32,56,-124,1,5
12,09,2022,14,13,33,31,-127,1,5
12,09,2022,14,13,34,30,118,0,5
12,09,2022,14,13,36,30,125,0,0
12,09,2022,14,13,37,30,106,0,0
12,09,2022,14,13,39,61,-126,0,0
12,09,2022,14,13,39,61,-126,56,5
12,09,2022,14,13,40,56,120,56,5
12,09,2022,14,13,41,56,120,26,5
12,09,2022,14,13,43,56,114,0,5
12,09,2022,14,13,43,29,121,0,5
12,09,2022,14,13,47,28,124,0,0
12,09,2022,14,13,48,29,102,0,0
12,09,2022,14,13,49,29,102,53,6
12,09,2022,14,13,50,61,126,53,6
12,09,2022,14,13,50,61,126,37,4
12,09,2022,14,13,51,38,120,37,4
12,09,2022,14,13,52,38,120,5,5
12,09,2022,14,13,53,17,111,5,5
12,09,2022,14,13,56,16,121,0,0
12,09,2022,14,13,57,15,105,0,0
12,09,2022,14,13,59,59,122,0,0
12,09,2022,14,13,59,59,122,53,5
12,09,2022,14,14,01,59,115,29,5
12,09,2022,14,14,03,59,119,0,5
12,09,2022,14,14,03,28,124,0,5
12,09,2022,14,14,07,27,119,0,0
12,09,2022,14,14,08,28,97,0,0
12,09,2022,14,14,09,28,97,51,5
12,09,2022,14,14,09,56,116,51,5
12,09,2022,14,14,11,44,118,45,5
12,09,2022,14,14,12,44,118,1,5
12,09,2022,14,14,12,20,118,1,5
12,09,2022,14,14,16,20,116,0,0
12,09,2022,14,14,17,20,97,0,0
12,09,2022,14,14,19,48,126,0,0
12,09,2022,14,14,19,48,126,38,5
12,09,2022,14,14,22,51,124,11,5
12,09,2022,14,14,23,36,117,11,5
12,09,2022,14,14,24,36,117,0,6
12,09,2022,14,14,27,36,110,0,0
12,09,2022,14,14,28,0,94,0,0
12,09,2022,14,14,29,0,94,55,5
12,09,2022,14,14,29,66,118,55,5
12,09,2022,14,14,30,66,118,36,5
12,09,2022,14,14,31,46,110,36,5
12,09,2022,14,14,33,56,110,0,4
12,09,2022,14,14,36,53,110,0,0
12,09,2022,14,14,37,52,93,0,0
12,09,2022,14,14,39,61,116,0,0
12,09,2022,14,14,39,61,116,57,4
12,09,2022,14,14,41,54,110,25,5
12,09,2022,14,14,42,54,121,25,5
12,09,2022,14,14,42,54,121,0,6
12,09,2022,14,14,43,19,121,0,6
12,09,2022,14,14,47,18,113,0,0
12,09,2022,14,14,48,18,92,0,0
12,09,2022,14,14,49,18,92,0,4
12,09,2022,14,14,49,60,114,0,4
12,09,2022,14,14,50,60,114,38,5
12,09,2022,14,14,51,60,103,38,5
12,09,2022,14,14,52,60,103,0,6
12,09,2022,14,14,52,34,107,0,6
12,09,2022,14,14,54,34,118,0,5
12,09,2022,14,14,57,33,96,0,4
12,09,2022,14,14,58,33,96,0,0
12,09,2022,14,14,59,63,109,0,0
12,09,2022,14,14,59,63,109,52,5
12,09,2022,14,15,00,50,107,52,5
12,09,2022,14,15,01,50,107,23,6
12,09,2022,14,15,02,34,109,23,6
12,09,2022,14,15,02,34,109,0,6
12,09,2022,14,15,03,29,-127,0,6
12,09,2022,14,15,05,27,111,0,5
12,09,2022,14,15,07,21,105,0,0
12,09,2022,14,15,08,22,90,0,0
12,09,2022,14,15,09,22,90,0,4
12,09,2022,14,15,09,22,110,0,4
12,09,2022,14,15,18,22,102,0,0
12,09,2022,14,15,19,74,117,0,0
12,09,2022,14,15,19,74,117,74,5
12,09,2022,14,15,21,70,108,54,6
12,09,2022,14,15,22,59,108,54,6
12,09,2022,14,15,22,59,108,28,5
12,09,2022,14,15,23,55,120,28,5
12,09,2022,14,15,24,55,120,0,5
12,09,2022,14,15,25,27,121,0,5
12,09,2022,14,15,27,26,121,0,0
12,09,2022,14,15,28,25,96,0,0
12,09,2022,14,15,29,25,96,52,4
12,09,2022,14,15,29,25,114,52,4
12,09,2022,14,15,30,25,114,36,5
12,09,2022,14,15,31,63,109,36,5
12,09,2022,14,15,32,56,120,36,6
12,09,2022,14,15,33,56,120,0,6
12,09,2022,14,15,34,52,-127,0,6
12,09,2022,14,15,35,52,119,0,5
12,09,2022,14,15,38,51,119,0,0
12,09,2022,14,15,39,76,119,0,0
12,09,2022,14,15,39,76,119,55,5
12,09,2022,14,15,41,68,118,23,4
12,09,2022,14,15,42,49,109,23,4
12,09,2022,14,15,42,49,109,0,5
12,09,2022,14,15,43,39,120,0,5
12,09,2022,14,15,46,38,102,0,4
12,09,2022,14,15,47,38,102,0,0
12,09,2022,14,15,49,63,108,10,0
12,09,2022,14,15,50,63,108,46,5
12,09,2022,14,15,51,54,118,5,5
12,09,2022,14,15,52,36,118,5,5
12,09,2022,14,15,57,34,96,0,5
12,09,2022,14,15,58,34,96,0,0
12,09,2022,14,15,59,17,95,0,0
12,09,2022,14,15,59,17,95,0,5
12,09,2022,14,16,00,13,124,0,5
12,09,2022,14,16,03,13,-124,0,5
12,09,2022,14,16,05,13,124,0,5
12,09,2022,14,16,08,13,98,0,6
12,09,2022,14,16,08,13,98,26,0
12,09,2022,14,16,09,81,123,26,0
12,09,2022,14,16,10,81,123,74,5
12,09,2022,14,16,11,63,117,74,5
12,09,2022,14,16,11,63,117,49,4
12,09,2022,14,16,12,44,119,49,4
12,09,2022,14,16,13,44,119,0,5
12,09,2022,14,16,14,6,117,0,5
12,09,2022,14,16,17,60,110,0,5
12,09,2022,14,16,18,60,110,27,0
12,09,2022,14,16,19,59,105,51,5
12,09,2022,14,16,20,61,127,51,5
12,09,2022,14,16,21,61,127,26,5
12,09,2022,14,16,21,36,109,26,5
12,09,2022,14,16,22,36,109,0,5
12,09,2022,14,16,27,33,106,0,0
12,09,2022,14,16,28,32,100,15,0
12,09,2022,14,16,29,65,117,15,0
12,09,2022,14,16,30,65,117,50,5
12,09,2022,14,16,31,57,117,11,5
12,09,2022,14,16,32,23,115,11,5
12,09,2022,14,16,33,23,115,0,5
12,09,2022,14,16,35,19,104,0,5
12,09,2022,14,16,38,19,95,0,0
12,09,2022,14,16,39,26,93,55,5
12,09,2022,14,16,40,60,115,55,5
12,09,2022,14,16,41,60,115,35,6
12,09,2022,14,16,41,51,126,35,6
12,09,2022,14,16,42,51,126,0,5
12,09,2022,14,16,43,39,117,0,5
12,09,2022,14,16,48,39,95,0,4
12,09,2022,14,16,48,39,95,0,0
12,09,2022,14,16,49,70,121,0,0
12,09,2022,14,16,50,70,121,49,5
12,09,2022,14,16,51,65,-127,49,5
12,09,2022,14,16,51,65,-127,11,4
12,09,2022,14,16,52,35,116,11,4
12,09,2022,14,16,53,35,116,0,5
12,09,2022,14,16,57,33,103,0,4
12,09,2022,14,16,58,33,103,0,0
12,09,2022,14,16,58,50,103,0,0
12,09,2022,14,16,59,50,103,56,5
12,09,2022,14,17,00,70,116,56,5
12,09,2022,14,17,01,70,116,29,5
12,09,2022,14,17,01,62,105,29,5
12,09,2022,14,17,02,62,105,0,5
12,09,2022,14,17,07,60,108,0,0
12,09,2022,14,17,08,59,82,0,0
12,09,2022,14,17,08,59,82,11,0
12,09,2022,14,17,09,73,105,11,0
12,09,2022,14,17,10,73,105,49,4
12,09,2022,14,17,11,63,118,49,4
12,09,2022,14,17,11,63,118,8,5
12,09,2022,14,17,12,37,114,8,5
12,09,2022,14,17,18,37,113,0,0
12,09,2022,14,17,18,52,91,0,0
12,09,2022,14,17,19,52,91,56,5
12,09,2022,14,17,20,54,105,56,5
12,09,2022,14,17,21,54,105,26,5
12,09,2022,14,17,21,32,111,26,5
12,09,2022,14,17,22,32,111,0,5
12,09,2022,14,17,27,28,111,0,0
12,09,2022,14,17,28,27,101,12,0
12,09,2022,14,17,29,60,117,12,0
12,09,2022,14,17,30,60,117,33,4
12,09,2022,14,17,31,39,111,33,4
12,09,2022,14,17,31,39,111,0,5
12,09,2022,14,17,37,38,90,0,5
12,09,2022,14,17,37,38,90,0,0
12,09,2022,14,17,39,38,86,54,5
12,09,2022,14,17,40,64,86,54,5
12,09,2022,14,17,41,65,113,48,5
12,09,2022,14,17,42,65,113,11,6
12,09,2022,14,17,43,21,118,11,6
12,09,2022,14,17,44,21,118,0,5
12,09,2022,14,17,48,20,109,5,0
12,09,2022,14,17,49,64,113,5,0
12,09,2022,14,17,50,64,113,49,5
12,09,2022,14,17,51,62,121,7,4
12,09,2022,14,17,52,47,117,7,4
12,09,2022,14,17,57,45,101,0,5
12,09,2022,14,17,57,45,101,0,0
12,09,2022,14,17,58,56,98,0,0
12,09,2022,14,17,59,56,98,55,5
12,09,2022,14,18,00,66,117,55,5
12,09,2022,14,18,01,66,117,34,5
12,09,2022,14,18,01,48,113,34,5
12,09,2022,14,18,02,48,113,0,4
12,09,2022,14,18,07,47,97,0,5
12,09,2022,14,18,08,47,97,5,0
12,09,2022,14,18,09,65,115,5,0
12,09,2022,14,18,10,65,115,50,5
12,09,2022,14,18,11,51,109,50,5
12,09,2022,14,18,11,51,109,9,5
12,09,2022,14,18,12,30,107,9,5
12,09,2022,14,18,14,30,123,0,5
12,09,2022,14,18,17,30,107,0,4
12,09,2022,14,18,17,30,107,0,0
12,09,2022,14,18,19,30,97,54,5
12,09,2022,14,18,20,30,114,54,5
12,09,2022,14,18,20,30,114,34,5
12,09,2022,14,18,21,43,118,34,5
12,09,2022,14,18,22,43,118,0,5
12,09,2022,14,18,24,50,100,0,4
12,09,2022,14,18,27,50,105,0,0
12,09,2022,14,18,27,49,93,0,0
12,09,2022,14,18,29,62,108,0,0
12,09,2022,14,18,30,62,108,48,5
12,09,2022,14,18,31,55,115,11,6
12,09,2022,14,18,32,24,112,11,6
12,09,2022,14,18,33,24,112,0,5
12,09,2022,14,18,35,22,97,0,4
12,09,2022,14,18,37,22,97,0,0
12,09,2022,14,18,39,22,89,57,6
12,09,2022,14,18,40,22,89,32,5
12,09,2022,14,18,41,22,105,32,5
12,09,2022,14,18,42,22,105,0,4
12,09,2022,14,18,47,28,88,0,5
12,09,2022,14,18,48,28,88,0,0
12,09,2022,14,18,49,62,102,0,0
12,09,2022,14,18,50,62,102,54,5
12,09,2022,14,18,51,57,97,24,5
12,09,2022,14,18,52,19,101,24,5
12,09,2022,14,18,53,19,101,0,5
12,09,2022,14,18,57,19,99,0,0
12,09,2022,14,18,58,19,79,0,0
12,09,2022,14,18,59,19,79,56,5
12,09,2022,14,19,00,60,99,56,5
12,09,2022,14,19,00,60,99,38,5
12,09,2022,14,19,01,45,106,38,5
12,09,2022,14,19,02,45,106,0,5
12,09,2022,14,19,03,30,108,0,5
12,09,2022,14,19,07,30,122,0,5
12,09,2022,14,19,08,30,122,0,0
12,09,2022,14,19,09,68,121,0,0
12,09,2022,14,19,10,68,121,53,4
12,09,2022,14,19,10,61,109,53,4
12,09,2022,14,19,11,61,109,11,5
12,09,2022,14,19,12,31,106,11,5
12,09,2022,14,19,13,31,106,0,5
12,09,2022,14,19,14,30,121,0,5
12,09,2022,14,19,15,29,105,0,5
12,09,2022,14,19,17,29,107,0,0
12,09,2022,14,19,18,29,83,0,0
12,09,2022,14,19,19,29,83,53,5
12,09,2022,14,19,20,78,111,53,5
12,09,2022,14,19,20,78,111,33,6
12,09,2022,14,19,21,48,112,33,6
12,09,2022,14,19,22,48,112,0,5
12,09,2022,14,19,23,34,107,0,5
12,09,2022,14,19,28,33,98,0,0
12,09,2022,14,19,29,72,115,0,0
12,09,2022,14,19,30,72,115,53,5
12,09,2022,14,19,30,61,111,53,5
12,09,2022,14,19,31,61,111,10,5
12,09,2022,14,19,32,32,101,10,5
12,09,2022,14,19,37,30,118,0,5
12,09,2022,14,19,37,30,118,0,0
12,09,2022,14,19,38,29,97,0,0
12,09,2022,14,19,39,29,97,0,5
12,09,2022,14,19,40,65,101,0,5
12,09,2022,14,19,40,65,101,37,5
12,09,2022,14,19,41,45,110,37,5
12,09,2022,14,19,42,45,110,0,6
12,09,2022,14,19,47,41,93,0,4
12,09,2022,14,19,48,41,93,0,0
12,09,2022,14,19,49,67,109,0,0
12,09,2022,14,19,50,67,109,0,5
12,09,2022,14,19,50,55,106,0,5
12,09,2022,14,19,51,55,106,11,6
12,09,2022,14,19,52,29,110,11,6
12,09,2022,14,19,53,29,110,0,5
12,09,2022,14,19,55,28,94,0,5
12,09,2022,14,19,57,28,100,0,0
12,09,2022,14,19,58,28,80,0,0
12,09,2022,14,19,59,28,80,56,5
12,09,2022,14,20,00,28,102,56,5
12,09,2022,14,20,00,28,102,37,5
12,09,2022,14,20,01,44,100,37,5
12,09,2022,14,20,02,44,100,1,5
12,09,2022,14,20,06,32,100,0,5
12,09,2022,14,20,08,32,100,0,0
12,09,2022,14,20,09,52,100,0,0
12,09,2022,14,20,10,16,101,0,0
12,09,2022,14,20,11,16,101,54,6
12,09,2022,14,20,12,58,110,54,6
12,09,2022,14,20,13,58,110,29,5
12,09,2022,14,20,14,50,106,0,5
12,09,2022,14,20,18,47,85,0,5
12,09,2022,14,20,19,47,85,53,5
12,09,2022,14,20,20,68,104,53,5
12,09,2022,14,20,20,68,104,37,5
12,09,2022,14,20,21,57,105,37,5
12,09,2022,14,20,22,57,105,0,5
12,09,2022,14,20,23,28,111,0,5
12,09,2022,14,20,26,24,95,0,5
12,09,2022,14,20,27,24,109,0,4
12,09,2022,14,20,28,24,109,0,0
12,09,2022,14,20,29,79,109,0,0
12,09,2022,14,20,30,79,109,53,5
12,09,2022,14,20,30,63,103,53,5
12,09,2022,14,20,31,63,103,11,4
12,09,2022,14,20,33,53,97,0,5
12,09,2022,14,20,37,44,103,0,0
12,09,2022,14,20,39,44,103,56,5
12,09,2022,14,20,40,68,111,56,5
12,09,2022,14,20,40,68,111,38,5
12,09,2022,14,20,41,53,109,38,5
12,09,2022,14,20,42,53,109,1,5
12,09,2022,14,20,43,37,109,1,5
12,09,2022,14,20,47,36,90,0,5
12,09,2022,14,20,48,36,90,0,0
12,09,2022,14,20,49,73,106,0,0
12,09,2022,14,20,49,73,106,54,5
12,09,2022,14,20,50,56,104,54,5
12,09,2022,14,20,51,56,104,10,4
12,09,2022,14,20,52,37,102,10,4
12,09,2022,14,20,56,33,113,0,5
12,09,2022,14,20,57,33,113,0,0
12,09,2022,14,20,58,33,83,0,0
12,09,2022,14,20,59,33,83,54,0
12,09,2022,14,21,00,63,105,54,0
12,09,2022,14,21,00,63,105,37,4
12,09,2022,14,21,01,45,96,37,4
12,09,2022,14,21,02,45,96,1,5
12,09,2022,14,21,09,62,101,0,5
12,09,2022,14,21,09,62,101,53,5
12,09,2022,14,21,12,30,112,53,5
12,09,2022,14,21,13,30,112,0,5
12,09,2022,14,21,18,25,98,0,5
12,09,2022,14,21,19,25,98,54,4
12,09,2022,14,21,20,64,108,54,4
12,09,2022,14,21,22,59,110,7,6
12,09,2022,14,21,23,35,108,7,6
12,09,2022,14,21,27,31,79,0,5
12,09,2022,14,21,28,31,79,0,0
12,09,2022,14,21,29,66,100,0,0
12,09,2022,14,21,29,66,100,55,5
12,09,2022,14,21,31,58,100,26,5
12,09,2022,14,21,32,43,115,26,5
12,09,2022,14,21,32,43,115,0,5
12,09,2022,14,21,35,15,104,4,5
12,09,2022,14,21,38,15,76,0,5
12,09,2022,14,21,39,15,76,27,4
12,09,2022,14,21,39,48,101,27,4
12,09,2022,14,21,40,48,101,0,4
12,09,2022,14,21,41,18,96,0,4
12,09,2022,14,21,43,15,107,0,5
12,09,2022,14,21,49,103,120,0,5
12,09,2022,14,21,49,103,120,78,5
12,09,2022,14,21,50,76,99,78,5
12,09,2022,14,21,51,76,99,53,6
12,09,2022,14,21,52,57,105,53,6
12,09,2022,14,21,52,57,105,24,5
12,09,2022,14,21,53,32,114,24,5
12,09,2022,14,21,54,32,114,0,4
12,09,2022,14,21,59,30,109,53,6
12,09,2022,14,21,59,77,115,53,6
12,09,2022,14,22,01,58,105,46,5
12,09,2022,14,22,02,58,105,6,5
12,09,2022,14,22,02,34,97,6,5
12,09,2022,14,22,07,33,84,0,4
12,09,2022,14,22,08,33,84,0,0
12,09,2022,14,22,09,65,98,0,0
12,09,2022,14,22,09,65,98,0,4
12,09,2022,14,22,10,54,92,0,4
12,09,2022,14,22,11,54,92,23,4
12,09,2022,14,22,12,26,97,23,4
12,09,2022,14,22,12,26,97,0,6
12,09,2022,14,22,18,24,86,0,5
12,09,2022,14,22,19,24,86,52,5
12,09,2022,14,22,19,62,99,52,5
12,09,2022,14,22,20,62,99,37,5
12,09,2022,14,22,21,49,97,37,5
12,09,2022,14,22,22,49,97,6,5
12,09,2022,14,22,28,40,103,0,0
12,09,2022,14,22,29,59,102,0,0
12,09,2022,14,22,29,59,102,47,6
12,09,2022,14,22,30,40,107,47,6
12,09,2022,14,22,31,40,107,36,5
12,09,2022,14,22,32,40,104,10,5
12,09,2022,14,22,38,33,79,0,4
12,09,2022,14,22,39,33,79,51,4
12,09,2022,14,22,39,66,104,51,4
12,09,2022,14,22,41,50,97,45,5
12,09,2022,14,22,42,50,97,5,6
12,09,2022,14,22,44,41,109,0,6
12,09,2022,14,22,48,41,99,0,0
12,09,2022,14,22,49,65,102,0,0
12,09,2022,14,22,49,65,102,0,5
12,09,2022,14,22,51,60,106,22,5
12,09,2022,14,22,52,54,101,0,5
12,09,2022,14,22,58,50,90,0,3
12,09,2022,14,22,59,50,90,51,4
12,09,2022,14,22,59,67,105,51,4
12,09,2022,14,23,00,67,105,39,5
12,09,2022,14,23,01,43,109,39,5
12,09,2022,14,23,02,23,110,39,6
12,09,2022,14,23,03,23,110,0,5
12,09,2022,14,23,08,23,104,0,0
12,09,2022,14,23,09,65,106,0,0
12,09,2022,14,23,09,65,106,0,5
12,09,2022,14,23,11,56,100,24,5
12,09,2022,14,23,12,48,106,0,5
12,09,2022,14,23,16,40,87,0,5
12,09,2022,14,23,18,40,76,0,4
12,09,2022,14,23,18,40,76,1,0
12,09,2022,14,23,19,65,97,1,0
12,09,2022,14,23,20,65,97,46,6
12,09,2022,14,23,21,51,99,46,6
12,09,2022,14,23,22,51,99,8,5
12,09,2022,14,23,22,28,97,8,5
12,09,2022,14,23,29,24,87,55,5
12,09,2022,14,23,30,57,98,55,5
12,09,2022,14,23,31,57,98,32,6
12,09,2022,14,23,32,32,104,32,6
12,09,2022,14,23,32,32,104,0,5
12,09,2022,14,23,33,20,106,0,5
12,09,2022,14,23,39,20,102,9,0
12,09,2022,14,23,39,62,95,9,0
12,09,2022,14,23,40,62,95,50,5
12,09,2022,14,23,41,49,99,50,5
12,09,2022,14,23,42,49,99,10,5
12,09,2022,14,23,42,31,103,10,5
12,09,2022,14,23,48,28,101,0,0
12,09,2022,14,23,49,43,87,0,0
12,09,2022,14,23,49,43,87,55,5
12,09,2022,14,23,51,50,97,0,5
12,09,2022,14,23,52,28,102,0,5
12,09,2022,14,23,53,60,104,9,5
12,09,2022,14,23,55,30,101,11,5
12,09,2022,14,23,55,30,101,0,5
12,09,2022,14,23,58,27,88,0,5
12,09,2022,14,23,59,27,88,12,0
12,09,2022,14,23,59,62,97,12,0
12,09,2022,14,24,00,62,97,47,4
12,09,2022,14,24,02,56,88,8,6
12,09,2022,14,24,02,31,95,8,6
12,09,2022,14,24,08,28,93,0,0
12,09,2022,14,24,09,48,89,0,0
12,09,2022,14,24,09,48,89,55,6
12,09,2022,14,24,10,69,99,55,6
12,09,2022,14,24,11,69,99,35,5
12,09,2022,14,24,13,41,101,35,4
12,09,2022,14,24,14,41,101,0,4
12,09,2022,14,24,18,41,104,13,0
12,09,2022,14,24,19,72,104,13,0
12,09,2022,14,24,20,72,104,48,6
12,09,2022,14,24,22,62,98,8,5
12,09,2022,14,24,22,33,102,8,5
12,09,2022,14,24,28,32,106,0,0
12,09,2022,14,24,29,48,89,0,0
12,09,2022,14,24,29,48,89,0,5
12,09,2022,14,24,30,73,100,0,5
12,09,2022,14,24,31,73,100,33,5
12,09,2022,14,24,32,41,110,33,5
12,09,2022,14,24,32,41,110,0,5
12,09,2022,14,24,33,30,108,0,5
12,09,2022,14,24,38,31,101,13,0
12,09,2022,14,24,39,69,102,13,0
12,09,2022,14,24,40,69,102,47,6
12,09,2022,14,24,41,55,100,47,6
12,09,2022,14,24,42,55,100,1,6
12,09,2022,14,24,42,30,100,1,6
12,09,2022,14,24,48,28,98,0,3
12,09,2022,14,24,49,39,80,0,3
12,09,2022,14,24,49,39,80,56,4
12,09,2022,14,24,50,59,99,56,4
12,09,2022,14,24,51,59,99,28,6
12,09,2022,14,24,52,42,100,28,6
12,09,2022,14,24,52,42,100,0,6
12,09,2022,14,24,53,28,101,0,6
12,09,2022,14,24,58,27,83,0,6
12,09,2022,14,24,58,27,83,7,0
12,09,2022,14,24,59,68,107,7,0
12,09,2022,14,25,00,68,107,48,5
12,09,2022,14,25,01,58,101,10,5
12,09,2022,14,25,02,38,106,10,5
12,09,2022,14,25,09,34,101,54,5
12,09,2022,14,25,10,64,118,54,5
12,09,2022,14,25,11,64,118,36,5
12,09,2022,14,25,12,47,109,36,5
12,09,2022,14,25,14,45,107,0,5
12,09,2022,14,25,18,44,96,0,5
12,09,2022,14,25,18,44,96,9,0
12,09,2022,14,25,19,66,104,9,0
12,09,2022,14,25,20,66,104,9,5
12,09,2022,14,25,22,38,92,7,5
12,09,2022,14,25,28,37,102,0,0
12,09,2022,14,25,28,58,82,0,0
12,09,2022,14,25,29,58,82,56,6
12,09,2022,14,25,30,64,93,56,6
12,09,2022,14,25,31,64,93,34,6
12,09,2022,14,25,34,59,102,0,4
12,09,2022,14,25,38,59,95,8,0
12,09,2022,14,25,40,65,98,47,0
12,09,2022,14,25,42,59,100,11,5
12,09,2022,14,25,44,30,94,3,4
12,09,2022,14,25,48,30,100,0,0
12,09,2022,14,25,49,30,72,0,0
12,09,2022,14,25,49,30,72,54,5
12,09,2022,14,25,50,66,89,54,5
12,09,2022,14,25,51,66,89,28,5
12,09,2022,14,25,52,37,99,28,5
12,09,2022,14,25,52,37,99,0,6
12,09,2022,14,25,54,36,99,50,5
12,09,2022,14,25,54,13,103,50,5
12,09,2022,14,25,55,13,103,0,5
12,09,2022,14,25,58,12,100,0,0
12,09,2022,14,26,00,12,95,48,5
12,09,2022,14,26,01,51,100,48,5
12,09,2022,14,26,01,51,100,8,5
12,09,2022,14,26,02,21,99,8,5
12,09,2022,14,26,08,20,75,0,5
12,09,2022,14,26,09,20,75,55,5
12,09,2022,14,26,10,60,95,55,5
12,09,2022,14,26,11,60,95,38,5
12,09,2022,14,26,11,37,102,38,5
12,09,2022,14,26,12,37,102,0,5
12,09,2022,14,26,13,25,102,0,5
12,09,2022,14,26,18,24,95,0,0
12,09,2022,14,26,19,68,111,0,0
12,09,2022,14,26,20,68,111,52,5
12,09,2022,14,26,21,63,98,52,5
12,09,2022,14,26,21,63,98,26,4
12,09,2022,14,26,22,43,100,26,4
12,09,2022,14,26,23,43,100,0,6
12,09,2022,14,26,28,40,87,0,5
12,09,2022,14,26,29,40,87,54,5
12,09,2022,14,26,30,67,98,54,5
12,09,2022,14,26,30,67,98,38,5
12,09,2022,14,26,31,42,94,38,5
12,09,2022,14,26,32,42,94,1,6
12,09,2022,14,26,38,34,88,0,0
12,09,2022,14,26,39,77,101,0,0
12,09,2022,14,26,40,77,101,53,5
12,09,2022,14,26,41,59,104,53,5
12,09,2022,14,26,41,59,104,11,5
12,09,2022,14,26,42,47,96,11,5
12,09,2022,14,26,43,47,96,0,4
12,09,2022,14,26,47,46,107,0,5
12,09,2022,14,26,49,46,100,55,5
12,09,2022,14,26,50,67,109,55,5
12,09,2022,14,26,50,67,109,36,5
12,09,2022,14,26,52,67,111,1,5
12,09,2022,14,26,53,51,97,1,5
12,09,2022,14,26,58,48,92,0,0
12,09,2022,14,26,59,67,104,0,0
12,09,2022,14,27,00,67,104,48,5
12,09,2022,14,27,00,56,104,48,5
12,09,2022,14,27,01,56,104,9,5
12,09,2022,14,27,02,35,97,9,5
12,09,2022,14,27,08,34,83,0,5
12,09,2022,14,27,09,34,83,55,6
12,09,2022,14,27,10,61,93,55,6
12,09,2022,14,27,10,61,93,37,5
12,09,2022,14,27,11,50,96,37,5
12,09,2022,14,27,12,50,96,0,5
12,09,2022,14,27,13,28,86,0,5
12,09,2022,14,27,16,26,98,0,5
12,09,2022,14,27,18,26,95,0,0
12,09,2022,14,27,19,64,93,0,0
12,09,2022,14,27,20,64,93,53,5
12,09,2022,14,27,21,57,94,10,5
12,09,2022,14,27,22,27,90,10,5
12,09,2022,14,27,29,23,90,55,5
12,09,2022,14,27,30,66,99,55,5
12,09,2022,14,27,30,66,99,39,5
12,09,2022,14,27,31,51,99,39,5
12,09,2022,14,27,32,51,99,1,4
12,09,2022,14,27,33,37,99,1,4
12,09,2022,14,27,38,36,100,0,0
12,09,2022,14,27,39,70,97,0,0
12,09,2022,14,27,40,70,97,56,6
12,09,2022,14,27,41,66,105,10,5
12,09,2022,14,27,42,41,101,10,5
12,09,2022,14,27,47,63,104,0,5
12,09,2022,14,27,48,26,86,0,5
12,09,2022,14,27,49,26,86,56,5
12,09,2022,14,27,50,69,94,56,5
12,09,2022,14,27,50,69,94,19,5
12,09,2022,14,27,51,46,103,19,5
12,09,2022,14,27,52,46,103,0,5
12,09,2022,14,27,53,21,99,0,5
12,09,2022,14,27,58,19,104,0,0
12,09,2022,14,27,59,70,100,0,0
12,09,2022,14,28,00,70,100,55,5
12,09,2022,14,28,01,78,103,26,6
12,09,2022,14,28,02,53,104,26,6
12,09,2022,14,28,03,53,104,0,4
12,09,2022,14,28,04,40,104,0,4
12,09,2022,14,28,07,38,90,0,5
12,09,2022,14,28,09,37,92,54,5
12,09,2022,14,28,10,37,95,37,6
12,09,2022,14,28,11,54,93,37,6
12,09,2022,14,28,12,54,93,0,5
12,09,2022,14,28,13,33,92,0,5
12,09,2022,14,28,18,30,92,0,0
12,09,2022,14,28,19,65,90,0,0
12,09,2022,14,28,20,65,90,51,4
12,09,2022,14,28,21,55,89,23,6
12,09,2022,14,28,22,24,90,23,6
12,09,2022,14,28,23,24,90,0,6
12,09,2022,14,28,25,21,104,0,5
12,09,2022,14,28,28,21,91,0,4
12,09,2022,14,28,30,63,93,0,4
12,09,2022,14,28,30,63,93,35,5
12,09,2022,14,28,32,60,101,7,5
12,09,2022,14,28,33,34,103,7,5
12,09,2022,14,28,36,33,92,0,5
12,09,2022,14,28,39,67,104,0,6
12,09,2022,14,28,40,67,104,57,5
12,09,2022,14,28,40,55,91,57,5
12,09,2022,14,28,41,55,91,29,5
12,09,2022,14,28,42,38,97,29,5
12,09,2022,14,28,43,38,97,0,5
12,09,2022,14,28,47,35,86,0,5
12,09,2022,14,28,49,35,81,50,4
12,09,2022,14,28,50,63,84,50,4
12,09,2022,14,28,52,55,87,6,5
12,09,2022,14,28,53,35,97,6,5
12,09,2022,14,28,56,34,85,0,5
12,09,2022,14,28,59,71,89,0,5
12,09,2022,14,28,59,71,89,55,5
12,09,2022,14,29,01,64,89,24,5
12,09,2022,14,29,02,42,93,24,5
12,09,2022,14,29,03,42,93,0,5
12,09,2022,14,29,03,27,88,0,5
12,09,2022,14,29,08,26,75,0,6
12,09,2022,14,29,09,26,75,52,5
12,09,2022,14,29,10,69,84,52,5
12,09,2022,14,29,10,69,84,38,5
12,09,2022,14,29,12,64,90,6,6
12,09,2022,14,29,13,50,91,6,6
12,09,2022,14,29,19,73,95,0,5
12,09,2022,14,29,19,73,95,56,5
12,09,2022,14,29,20,60,100,56,5
12,09,2022,14,29,21,60,100,25,6
12,09,2022,14,29,22,45,97,25,6
12,09,2022,14,29,23,45,97,0,5
12,09,2022,14,29,26,27,97,0,6
12,09,2022,14,29,28,27,84,0,6
12,09,2022,14,29,29,27,84,52,5
12,09,2022,14,29,29,72,91,52,5
12,09,2022,14,29,30,72,91,36,5
12,09,2022,14,29,31,44,94,36,5
12,09,2022,14,29,32,44,94,0,5
12,09,2022,14,29,38,38,91,0,0
12,09,2022,14,29,39,69,86,0,0
12,09,2022,14,29,39,69,86,54,5
12,09,2022,14,29,40,55,88,54,5
12,09,2022,14,29,41,55,88,23,5
12,09,2022,14,29,42,32,92,23,5
12,09,2022,14,29,42,32,92,0,5
12,09,2022,14,29,48,26,75,0,6
12,09,2022,14,29,49,26,75,54,4
12,09,2022,14,29,49,65,87,54,4
12,09,2022,14,29,51,47,86,44,5
12,09,2022,14,29,52,47,86,6,5
12,09,2022,14,29,58,37,91,0,0
12,09,2022,14,29,59,64,93,0,0
12,09,2022,14,29,59,64,93,54,4
12,09,2022,14,30,01,61,94,25,5
12,09,2022,14,30,02,39,97,25,5
12,09,2022,14,30,02,39,97,0,5
12,09,2022,14,30,09,38,93,52,5
12,09,2022,14,30,09,65,92,52,5
12,09,2022,14,30,11,45,92,47,6
12,09,2022,14,30,12,45,92,1,5
12,09,2022,14,30,13,29,92,1,5
12,09,2022,14,30,18,29,95,0,0
12,09,2022,14,30,19,69,86,0,0
12,09,2022,14,30,20,69,86,56,5
12,09,2022,14,30,21,69,88,20,5
12,09,2022,14,30,22,55,91,20,5
12,09,2022,14,30,22,55,91,0,5
12,09,2022,14,30,29,54,90,20,0
12,09,2022,14,30,30,54,86,50,5
12,09,2022,14,30,32,55,86,10,5
12,09,2022,14,30,32,32,90,10,5
12,09,2022,14,30,39,46,62,0,5
12,09,2022,14,30,39,46,62,57,5
12,09,2022,14,30,40,62,88,57,5
12,09,2022,14,30,41,62,88,36,5
12,09,2022,14,30,42,50,91,36,5
12,09,2022,14,30,42,50,91,0,5
12,09,2022,14,30,45,32,91,9,5
12,09,2022,14,30,49,30,87,10,0
12,09,2022,14,30,50,66,89,10,0
12,09,2022,14,30,50,66,89,45,5
12,09,2022,14,30,51,45,87,45,5
12,09,2022,14,30,52,45,87,1,6
12,09,2022,14,30,53,25,89,1,6
12,09,2022,14,30,59,42,79,0,5
12,09,2022,14,30,59,42,79,54,4
12,09,2022,14,31,00,62,94,54,4
12,09,2022,14,31,01,62,94,35,5
12,09,2022,14,31,02,47,91,35,5
12,09,2022,14,31,02,47,91,0,6
12,09,2022,14,31,03,25,98,0,6
12,09,2022,14,31,09,24,90,9,0
12,09,2022,14,31,09,69,88,9,0
12,09,2022,14,31,10,69,88,52,5
12,09,2022,14,31,11,53,92,52,5
12,09,2022,14,31,12,53,92,9,5
12,09,2022,14,31,12,39,94,9,5
12,09,2022,14,31,18,38,86,0,0
12,09,2022,14,31,19,54,80,0,0
12,09,2022,14,31,19,54,80,55,5
12,09,2022,14,31,21,54,85,35,4
12,09,2022,14,31,22,51,86,0,6
12,09,2022,14,31,29,46,81,14,0
12,09,2022,14,31,30,68,90,14,0
12,09,2022,14,31,30,68,90,49,5
12,09,2022,14,31,32,60,85,8,5
12,09,2022,14,31,32,48,80,8,5
12,09,2022,14,31,35,48,93,0,6
12,09,2022,14,31,38,65,83,0,4
12,09,2022,14,31,39,65,83,57,5
12,09,2022,14,31,40,65,100,57,5
12,09,2022,14,31,41,65,100,34,5
12,09,2022,14,31,42,45,93,34,5
12,09,2022,14,31,42,45,93,1,5
12,09,2022,14,31,43,31,87,1,5
12,09,2022,14,31,45,30,102,0,5
12,09,2022,14,31,48,30,101,14,0
12,09,2022,14,31,49,71,99,14,0
12,09,2022,14,31,50,71,99,30,6
12,09,2022,14,31,51,58,99,30,6
12,09,2022,14,31,52,58,99,10,5
12,09,2022,14,31,52,34,91,10,5
12,09,2022,14,31,55,32,94,119,5
12,09,2022,14,31,56,23,100,0,5
12,09,2022,14,31,58,34,79,0,4
12,09,2022,14,31,59,34,79,49,5
12,09,2022,14,32,00,60,92,49,5
12,09,2022,14,32,01,60,92,6,5
12,09,2022,14,32,02,45,84,6,5
12,09,2022,14,32,09,43,85,15,0
12,09,2022,14,32,09,64,90,15,0
12,09,2022,14,32,10,64,90,15,5
12,09,2022,14,32,12,45,81,9,5
12,09,2022,14,32,18,65,86,0,4
12,09,2022,14,32,19,65,86,54,5
12,09,2022,14,32,21,55,86,1,4
12,09,2022,14,32,22,15,83,1,4
12,09,2022,14,32,25,24,91,29,5
12,09,2022,14,32,26,53,89,29,5
12,09,2022,14,32,27,53,89,0,5
12,09,2022,14,32,28,34,77,0,5
12,09,2022,14,32,28,34,77,11,0
12,09,2022,14,32,29,34,88,11,0
12,09,2022,14,32,30,34,88,46,5
12,09,2022,14,32,31,54,99,46,5
12,09,2022,14,32,32,54,99,5,5
12,09,2022,14,32,32,30,91,5,5
12,09,2022,14,32,38,30,78,0,5
12,09,2022,14,32,39,30,78,56,5
12,09,2022,14,32,40,69,95,56,5
12,09,2022,14,32,41,69,95,38,6
12,09,2022,14,32,42,56,105,38,6
12,09,2022,14,32,42,56,105,5,5
12,09,2022,14,32,45,51,89,0,5
12,09,2022,14,32,49,49,89,0,0
12,09,2022,14,32,49,66,87,0,0
12,09,2022,14,32,50,66,87,54,6
12,09,2022,14,32,52,64,91,10,5
12,09,2022,14,32,52,53,91,10,5
12,09,2022,14,32,55,51,80,0,5
12,09,2022,14,32,58,51,67,0,6
12,09,2022,14,32,59,51,67,55,6
12,09,2022,14,33,00,62,81,55,6
12,09,2022,14,33,01,62,81,37,6
12,09,2022,14,33,01,44,90,37,6
12,09,2022,14,33,02,44,90,0,6
12,09,2022,14,33,03,24,90,0,6
12,09,2022,14,33,08,24,91,0,0
12,09,2022,14,33,09,70,90,0,0
12,09,2022,14,33,10,70,90,51,5
12,09,2022,14,33,11,61,96,8,5
12,09,2022,14,33,12,26,91,8,5
12,09,2022,14,33,19,25,88,55,5
12,09,2022,14,33,20,63,100,55,5
12,09,2022,14,33,21,63,100,35,5
12,09,2022,14,33,21,33,100,35,5
12,09,2022,14,33,22,33,100,10,5
12,09,2022,14,33,23,21,88,10,5
12,09,2022,14,33,29,70,90,0,5
12,09,2022,14,33,30,70,90,52,6
12,09,2022,14,33,31,70,97,24,5
12,09,2022,14,33,32,85,89,24,5
12,09,2022,14,33,33,85,89,0,4
12,09,2022,14,33,39,76,79,54,6
12,09,2022,14,33,41,70,85,39,6
12,09,2022,14,33,41,43,97,39,6
12,09,2022,14,33,42,43,97,1,6
12,09,2022,14,33,44,36,80,0,4
12,09,2022,14,33,48,33,91,0,5
12,09,2022,14,33,48,33,91,0,0
12,09,2022,14,33,49,75,82,0,0
12,09,2022,14,33,50,75,82,56,5
12,09,2022,14,33,51,63,88,56,5
12,09,2022,14,33,51,63,88,11,6
12,09,2022,14,33,52,49,96,11,6
12,09,2022,14,33,53,49,96,0,5
12,09,2022,14,33,58,49,73,0,5
12,09,2022,14,33,59,49,73,55,5
12,09,2022,14,34,00,75,90,55,5
12,09,2022,14,34,01,75,90,38,5
12,09,2022,14,34,01,52,88,38,5
12,09,2022,14,34,02,52,88,0,5
12,09,2022,14,34,06,41,88,0,5
12,09,2022,14,34,08,41,88,0,0
12,09,2022,14,34,09,69,97,0,0
12,09,2022,14,34,10,69,97,52,5
12,09,2022,14,34,11,58,92,52,5
12,09,2022,14,34,11,58,92,10,5
12,09,2022,14,34,12,34,92,10,5
12,09,2022,14,34,19,31,85,56,6
12,09,2022,14,34,20,68,85,56,6
12,09,2022,14,34,21,41,85,56,5
12,09,2022,14,34,22,41,85,0,5
12,09,2022,14,34,28,33,82,0,0
12,09,2022,14,34,29,63,81,0,0
12,09,2022,14,34,30,63,81,53,6
12,09,2022,14,34,31,55,96,53,6
12,09,2022,14,34,31,55,96,10,5
12,09,2022,14,34,32,42,96,10,5
12,09,2022,14,34,34,40,79,0,5
12,09,2022,14,34,38,40,64,0,3
12,09,2022,14,34,39,40,64,56,5
12,09,2022,14,34,40,67,80,56,5
12,09,2022,14,34,40,67,80,36,5
12,09,2022,14,34,41,55,87,36,5
12,09,2022,14,34,43,24,86,36,5
12,09,2022,14,34,44,24,86,0,5
12,09,2022,14,34,48,21,80,0,0
12,09,2022,14,34,49,70,95,0,0
12,09,2022,14,34,50,70,95,53,5
12,09,2022,14,34,51,60,90,9,5
12,09,2022,14,34,52,28,90,9,5
12,09,2022,14,34,54,55,95,0,5
12,09,2022,14,40,33,0,0,0,0
