29,09,2022,14,17,41,182,341,0,0
29,09,2022,14,17,42,182,341,750,500
29,09,2022,14,17,45,177,331,750,497
29,09,2022,14,17,46,177,304,750,497
29,09,2022,14,17,47,180,266,749,497
29,09,2022,14,17,48,180,266,749,246
29,09,2022,14,17,49,175,227,749,246
29,09,2022,14,17,50,175,227,749,164
29,09,2022,14,17,52,171,164,748,165
29,09,2022,14,17,53,171,164,749,59
29,09,2022,14,17,58,169,153,748,59
29,09,2022,14,17,59,169,153,748,30
29,09,2022,14,18,03,165,137,749,30
29,09,2022,14,18,13,163,140,748,16
29,09,2022,14,18,25,166,134,748,6
29,09,2022,14,18,27,154,128,748,4
29,09,2022,14,18,40,139,130,749,5
29,09,2022,14,18,40,139,130,380,5
29,09,2022,14,18,41,99,119,380,5
29,09,2022,14,18,42,99,119,185,5
29,09,2022,14,18,43,89,122,151,5
29,09,2022,14,18,44,81,140,151,5
29,09,2022,14,18,45,81,140,75,5
29,09,2022,14,18,46,68,122,75,5
29,09,2022,14,18,47,68,122,52,5
29,09,2022,14,18,48,58,118,25,5
29,09,2022,14,18,49,40,119,25,5
29,09,2022,14,18,50,40,119,0,6
29,09,2022,14,18,50,29,121,0,6
29,09,2022,14,18,51,29,121,23,4
29,09,2022,14,18,52,46,130,23,4
29,09,2022,14,18,53,48,117,30,5
29,09,2022,14,18,57,53,113,9,5
29,09,2022,14,18,58,40,124,9,5
29,09,2022,14,19,01,45,107,0,5
29,09,2022,14,19,03,36,122,8,5
29,09,2022,14,19,06,34,110,0,5
29,09,2022,14,19,06,34,110,0,0
29,09,2022,14,19,07,34,93,0,0
29,09,2022,14,19,12,45,115,9,0
29,09,2022,14,19,13,45,115,0,5
29,09,2022,14,19,13,58,111,0,5
29,09,2022,14,19,14,58,111,0,0
29,09,2022,14,19,15,56,91,0,0
29,09,2022,14,19,23,43,107,9,0
29,09,2022,14,19,23,43,107,0,4
29,09,2022,14,19,24,40,92,0,4
29,09,2022,14,19,27,40,92,0,0
29,09,2022,14,19,32,46,112,0,0
29,09,2022,14,19,33,46,112,1,6
29,09,2022,14,19,33,32,128,1,6
29,09,2022,14,19,34,32,128,0,0
29,09,2022,14,19,35,31,111,0,0
29,09,2022,14,19,42,39,110,0,5
29,09,2022,14,19,43,41,126,0,5
29,09,2022,14,19,43,41,126,0,0
29,09,2022,14,19,44,38,103,0,0
29,09,2022,14,19,52,37,116,4,0
29,09,2022,14,19,53,37,116,4,5
29,09,2022,14,19,53,26,104,4,5
29,09,2022,14,19,54,26,104,0,0
29,09,2022,14,19,58,24,93,0,0
29,09,2022,14,20,03,33,118,0,0
29,09,2022,14,20,06,30,106,0,0
29,09,2022,14,20,12,50,115,2,0
29,09,2022,14,20,13,50,115,1,5
29,09,2022,14,20,13,36,115,1,5
29,09,2022,14,20,14,36,115,0,0
29,09,2022,14,20,15,36,101,0,0
29,09,2022,14,20,22,46,100,10,6
29,09,2022,14,20,23,52,127,10,6
29,09,2022,14,20,23,52,127,0,0
29,09,2022,14,20,24,50,98,0,0
29,09,2022,14,20,32,36,128,6,0
29,09,2022,14,20,33,36,128,1,5
29,09,2022,14,20,33,33,113,1,5
29,09,2022,14,20,34,33,113,0,0
29,09,2022,14,20,35,32,94,0,0
29,09,2022,14,20,42,36,89,9,4
29,09,2022,14,20,43,36,116,9,4
29,09,2022,14,20,43,36,116,0,0
29,09,2022,14,20,47,32,104,0,0
29,09,2022,14,20,52,48,115,2,0
29,09,2022,14,20,53,48,115,8,5
29,09,2022,14,20,53,36,88,8,5
29,09,2022,14,20,54,36,88,0,0
29,09,2022,14,21,02,39,82,9,5
29,09,2022,14,21,02,17,120,9,5
29,09,2022,14,21,04,17,105,0,4
29,09,2022,14,21,05,17,105,0,0
29,09,2022,14,21,05,15,0,0,0
29,09,2022,14,21,07,16,99,0,0
29,09,2022,14,21,12,61,120,0,0
29,09,2022,14,21,12,61,120,53,5
29,09,2022,14,21,14,52,125,26,0
29,09,2022,14,21,15,58,109,26,0
29,09,2022,14,21,19,52,0,25,0
29,09,2022,14,21,21,54,103,28,0
29,09,2022,14,21,22,54,103,76,5
29,09,2022,14,21,22,54,122,76,5
29,09,2022,14,21,24,67,101,73,5
29,09,2022,14,21,25,67,101,57,0
29,09,2022,14,21,26,57,98,34,0
29,09,2022,14,21,27,34,97,34,0
29,09,2022,14,21,28,34,97,0,0
29,09,2022,14,21,32,29,128,0,0
29,09,2022,14,21,32,29,128,49,5
29,09,2022,14,21,33,54,120,49,5
29,09,2022,14,21,34,54,120,10,0
29,09,2022,14,21,35,34,100,10,0
29,09,2022,14,21,36,19,100,0,0
29,09,2022,14,21,42,18,95,27,5
29,09,2022,14,21,42,41,119,27,5
29,09,2022,14,21,43,41,119,10,5
29,09,2022,14,21,44,23,104,10,5
29,09,2022,14,21,45,23,104,0,0
29,09,2022,14,21,52,50,125,0,0
29,09,2022,14,21,52,50,125,30,5
29,09,2022,14,21,55,38,110,21,5
29,09,2022,14,21,55,38,110,8,0
29,09,2022,14,22,01,41,107,22,6
29,09,2022,14,22,02,29,121,22,6
29,09,2022,14,22,03,29,121,0,4
29,09,2022,14,22,04,27,100,0,4
29,09,2022,14,22,05,27,100,0,0
29,09,2022,14,22,12,26,128,0,0
29,09,2022,14,22,12,26,128,0,5
29,09,2022,14,22,13,25,116,0,5
29,09,2022,14,22,14,25,116,0,0
29,09,2022,14,22,15,24,96,0,0
29,09,2022,14,22,21,22,91,8,5
29,09,2022,14,22,22,39,113,8,5
29,09,2022,14,22,24,29,100,7,3
29,09,2022,14,22,25,29,100,0,0
29,09,2022,14,22,32,42,120,0,0
29,09,2022,14,22,32,42,120,9,4
29,09,2022,14,22,33,48,107,9,4
29,09,2022,14,22,34,48,107,0,0
29,09,2022,14,22,35,46,90,0,0
29,09,2022,14,22,42,43,86,18,5
29,09,2022,14,22,42,43,113,18,5
29,09,2022,14,22,43,43,113,0,5
29,09,2022,14,22,44,29,97,0,5
29,09,2022,14,22,45,29,97,0,0
29,09,2022,14,22,51,38,112,0,0
29,09,2022,14,22,52,38,112,1,6
29,09,2022,14,22,53,27,112,1,6
29,09,2022,14,22,54,27,112,0,0
29,09,2022,14,22,55,25,93,0,0
29,09,2022,14,23,01,24,87,8,6
29,09,2022,14,23,02,42,114,8,6
29,09,2022,14,23,04,23,90,1,4
29,09,2022,14,23,05,23,90,0,0
29,09,2022,14,23,11,45,115,0,0
29,09,2022,14,23,12,45,115,6,5
29,09,2022,14,23,14,45,111,0,0
29,09,2022,14,23,15,37,83,0,0
29,09,2022,14,23,21,37,76,22,4
29,09,2022,14,23,22,29,110,22,4
29,09,2022,14,23,23,29,110,0,5
29,09,2022,14,23,24,27,97,0,5
29,09,2022,14,23,25,27,97,0,0
29,09,2022,14,23,32,46,116,0,0
29,09,2022,14,23,32,46,116,7,5
29,09,2022,14,23,34,44,109,7,0
29,09,2022,14,23,35,40,92,7,0
29,09,2022,14,23,41,40,86,6,5
29,09,2022,14,23,42,32,106,6,5
29,09,2022,14,23,44,34,91,9,6
29,09,2022,14,23,44,34,91,9,0
29,09,2022,14,23,48,45,85,10,0
29,09,2022,14,23,51,43,111,8,0
29,09,2022,14,23,52,43,111,8,5
29,09,2022,14,23,54,52,108,9,0
29,09,2022,14,23,54,36,97,9,0
29,09,2022,14,24,01,34,91,25,6
29,09,2022,14,24,02,36,106,25,6
29,09,2022,14,24,03,36,106,0,6
29,09,2022,14,24,04,31,88,0,6
29,09,2022,14,24,05,31,88,0,0
29,09,2022,14,24,11,49,111,0,0
29,09,2022,14,24,13,38,112,10,0
29,09,2022,14,24,14,37,97,10,0
29,09,2022,14,24,21,37,93,0,6
29,09,2022,14,24,22,38,123,0,6
29,09,2022,14,24,24,42,102,0,6
29,09,2022,14,24,24,42,102,0,0
29,09,2022,14,24,31,45,116,0,0
29,09,2022,14,24,33,33,105,7,0
29,09,2022,14,24,34,33,83,0,0
29,09,2022,14,24,41,32,78,25,6
29,09,2022,14,24,42,48,113,25,6
29,09,2022,14,24,43,48,113,0,4
29,09,2022,14,24,44,46,97,0,4
29,09,2022,14,24,44,46,97,0,0
29,09,2022,14,24,51,59,116,0,0
29,09,2022,14,24,52,59,116,7,5
29,09,2022,14,24,53,33,99,7,5
29,09,2022,14,24,54,33,99,0,0
29,09,2022,14,24,54,32,84,0,0
29,09,2022,14,25,01,30,80,8,5
29,09,2022,14,25,02,51,106,8,5
29,09,2022,14,25,04,37,100,7,5
29,09,2022,14,25,04,37,100,0,0
29,09,2022,14,25,11,48,120,0,0
29,09,2022,14,25,12,48,120,9,6
29,09,2022,14,25,13,43,108,9,6
29,09,2022,14,25,14,43,108,0,0
29,09,2022,14,25,14,42,96,0,0
29,09,2022,14,25,21,42,91,20,5
29,09,2022,14,25,22,45,118,20,5
29,09,2022,14,25,23,45,118,0,5
29,09,2022,14,25,24,45,90,0,5
29,09,2022,14,25,24,45,90,0,0
29,09,2022,14,25,32,51,89,6,5
29,09,2022,14,25,33,45,112,6,5
29,09,2022,14,25,34,45,112,0,0
29,09,2022,14,25,34,43,89,0,0
29,09,2022,14,25,42,52,107,4,0
29,09,2022,14,25,43,52,107,1,6
29,09,2022,14,25,43,70,100,1,6
29,09,2022,14,25,44,70,100,0,0
29,09,2022,14,25,52,74,95,10,5
29,09,2022,14,25,53,74,114,10,5
29,09,2022,14,25,53,74,114,0,0
29,09,2022,14,25,54,29,91,0,0
29,09,2022,14,26,02,36,117,0,0
29,09,2022,14,26,03,36,117,7,5
29,09,2022,14,26,03,24,99,7,5
29,09,2022,14,26,04,24,99,0,0
29,09,2022,14,26,12,30,93,10,5
29,09,2022,14,26,13,39,109,10,5
29,09,2022,14,26,14,39,109,0,0
29,09,2022,14,26,14,38,89,0,0
29,09,2022,14,26,22,38,107,2,0
29,09,2022,14,26,23,38,107,1,5
29,09,2022,14,26,23,39,95,1,5
29,09,2022,14,26,24,39,95,0,0
29,09,2022,14,26,32,45,86,9,5
29,09,2022,14,26,33,43,101,9,5
29,09,2022,14,26,33,43,101,0,0
29,09,2022,14,26,37,39,89,0,0
29,09,2022,14,26,42,30,103,5,0
29,09,2022,14,26,43,30,103,5,5
29,09,2022,14,26,43,20,92,5,5
29,09,2022,14,26,44,20,92,0,0
29,09,2022,14,26,51,35,87,0,0
29,09,2022,14,26,52,35,87,9,4
29,09,2022,14,26,53,45,108,9,4
29,09,2022,14,26,53,45,108,0,0
29,09,2022,14,26,56,43,97,0,0
29,09,2022,14,27,02,31,106,5,0
29,09,2022,14,27,03,31,106,1,6
29,09,2022,14,27,03,33,87,1,6
29,09,2022,14,27,04,33,87,0,0
29,09,2022,14,27,11,46,84,0,0
29,09,2022,14,27,12,46,84,9,5
29,09,2022,14,27,13,42,110,9,5
29,09,2022,14,27,13,42,110,0,0
29,09,2022,14,27,17,39,99,0,0
29,09,2022,14,27,22,50,112,8,0
29,09,2022,14,27,23,50,112,0,6
29,09,2022,14,27,23,33,97,0,6
29,09,2022,14,27,24,33,97,0,0
29,09,2022,14,27,32,36,89,10,5
29,09,2022,14,27,33,34,118,10,5
29,09,2022,14,27,33,34,118,0,0
29,09,2022,14,27,34,32,101,0,0
29,09,2022,14,27,42,51,117,4,0
29,09,2022,14,27,42,51,117,0,5
29,09,2022,14,27,43,43,96,0,5
29,09,2022,14,27,44,43,96,0,0
29,09,2022,14,27,52,58,114,10,0
29,09,2022,14,27,53,58,114,0,5
29,09,2022,14,27,54,55,93,0,5
29,09,2022,14,27,55,55,93,0,0
29,09,2022,14,28,02,50,114,0,0
29,09,2022,14,28,03,50,114,0,5
29,09,2022,14,28,03,28,113,0,5
29,09,2022,14,28,04,28,113,0,0
29,09,2022,14,28,05,27,100,0,0
29,09,2022,14,28,12,27,96,9,5
29,09,2022,14,28,12,35,108,9,5
29,09,2022,14,28,13,35,108,0,0
29,09,2022,14,28,14,30,91,0,0
29,09,2022,14,28,22,44,114,0,0
29,09,2022,14,28,22,44,114,5,6
29,09,2022,14,28,24,42,112,0,0
29,09,2022,14,28,25,42,99,0,0
29,09,2022,14,28,32,42,95,11,6
29,09,2022,14,28,32,47,121,11,6
29,09,2022,14,28,33,47,121,0,4
29,09,2022,14,28,34,35,95,0,4
29,09,2022,14,28,35,35,95,0,0
29,09,2022,14,28,43,26,110,7,0
29,09,2022,14,28,46,24,98,0,0
29,09,2022,14,28,52,24,95,8,5
29,09,2022,14,28,52,38,119,8,5
29,09,2022,14,28,53,38,119,1,0
29,09,2022,14,28,54,22,85,1,0
29,09,2022,14,29,02,47,117,0,0
29,09,2022,14,29,02,47,117,9,5
29,09,2022,14,29,03,47,106,9,5
29,09,2022,14,29,04,47,106,0,0
29,09,2022,14,29,05,31,99,0,0
29,09,2022,14,29,12,29,95,0,6
29,09,2022,14,29,12,39,119,0,6
29,09,2022,14,29,14,38,94,0,4
29,09,2022,14,29,15,38,94,0,0
29,09,2022,14,29,21,42,116,0,0
29,09,2022,14,29,22,42,116,10,5
29,09,2022,14,29,24,39,110,0,0
29,09,2022,14,29,29,37,99,0,0
29,09,2022,14,29,32,37,99,9,6
29,09,2022,14,29,32,32,117,9,6
29,09,2022,14,29,34,32,95,0,4
29,09,2022,14,29,35,32,95,0,0
29,09,2022,14,29,42,41,122,0,0
29,09,2022,14,29,43,41,122,1,5
29,09,2022,14,29,43,19,100,1,5
29,09,2022,14,29,44,19,100,0,0
29,09,2022,14,29,48,16,89,0,0
29,09,2022,14,29,52,16,87,8,5
29,09,2022,14,29,52,41,115,8,5
29,09,2022,14,29,53,41,115,1,0
29,09,2022,14,29,54,20,89,1,0
29,09,2022,14,30,01,0,3,0,0
29,09,2022,15,17,31,172,298,0,0
29,09,2022,15,17,31,172,298,748,501
29,09,2022,15,17,32,173,287,748,501
29,09,2022,15,17,35,173,274,749,501
29,09,2022,15,17,40,172,272,749,498
29,09,2022,15,17,44,166,258,749,499
29,09,2022,15,17,50,169,254,749,502
29,09,2022,15,17,56,165,245,749,499
29,09,2022,15,18,04,178,245,750,498
29,09,2022,15,18,07,179,239,749,501
29,09,2022,15,18,17,186,225,748,500
29,09,2022,15,18,17,186,225,748,423
29,09,2022,15,18,18,175,225,748,423
29,09,2022,15,18,19,175,225,748,332
29,09,2022,15,18,20,174,143,748,332
29,09,2022,15,18,21,175,108,749,332
29,09,2022,15,18,22,175,108,749,164
29,09,2022,15,18,23,181,91,749,164
29,09,2022,15,18,23,181,91,748,60
29,09,2022,15,18,24,181,69,748,60
29,09,2022,15,18,28,179,64,751,53
29,09,2022,15,18,29,182,53,751,53
29,09,2022,15,18,30,182,53,750,32
29,09,2022,15,18,33,181,45,748,29
29,09,2022,15,18,42,183,49,749,18
29,09,2022,15,18,45,179,43,506,19
29,09,2022,15,18,46,179,38,249,19
29,09,2022,15,18,47,105,38,249,19
29,09,2022,15,18,48,105,38,170,18
29,09,2022,15,18,50,95,41,115,17
29,09,2022,15,18,50,81,40,115,17
29,09,2022,15,18,51,81,40,67,19
29,09,2022,15,18,52,67,37,67,19
29,09,2022,15,18,53,67,37,35,6
29,09,2022,15,18,53,56,37,35,6
29,09,2022,15,18,54,56,37,0,6
29,09,2022,15,19,01,59,49,0,7
29,09,2022,15,19,06,50,34,8,6
29,09,2022,15,19,09,45,45,9,6
29,09,2022,15,19,11,46,44,29,7
29,09,2022,15,19,14,50,42,0,6
29,09,2022,15,19,15,36,43,0,6
29,09,2022,15,19,21,62,43,2,7
29,09,2022,15,19,23,29,50,10,7
29,09,2022,15,19,26,26,39,0,6
29,09,2022,15,19,26,26,39,0,0
29,09,2022,15,19,29,26,28,0,0
29,09,2022,15,19,31,32,28,9,6
29,09,2022,15,19,32,32,51,9,6
29,09,2022,15,19,33,32,51,0,0
29,09,2022,15,19,33,32,29,0,0
29,09,2022,15,19,41,47,45,0,0
29,09,2022,15,19,42,47,45,6,7
29,09,2022,15,19,43,43,37,0,0
29,09,2022,15,19,51,46,36,8,7
29,09,2022,15,19,52,25,45,8,7
29,09,2022,15,19,53,23,26,0,7
29,09,2022,15,19,54,23,26,0,0
29,09,2022,15,20,01,37,45,0,0
29,09,2022,15,20,02,37,45,1,6
29,09,2022,15,20,03,36,35,0,0
29,09,2022,15,20,09,35,24,0,0
29,09,2022,15,20,11,41,26,10,6
29,09,2022,15,20,12,32,39,10,6
29,09,2022,15,20,13,32,39,0,0
29,09,2022,15,20,13,30,20,0,0
29,09,2022,15,20,21,33,44,0,0
29,09,2022,15,20,22,33,44,1,5
29,09,2022,15,20,23,28,39,0,0
29,09,2022,15,20,30,26,28,0,0
29,09,2022,15,20,31,26,28,8,6
29,09,2022,15,20,32,26,44,8,6
29,09,2022,15,20,32,26,44,0,1
29,09,2022,15,20,33,23,19,0,1
29,09,2022,15,20,41,44,45,0,0
29,09,2022,15,20,42,44,45,0,6
29,09,2022,15,20,43,42,36,0,0
29,09,2022,15,20,44,41,19,0,0
29,09,2022,15,20,51,39,15,9,6
29,09,2022,15,20,52,37,37,9,6
29,09,2022,15,20,52,37,37,0,1
29,09,2022,15,20,53,40,26,0,1
29,09,2022,15,21,01,34,41,0,0
29,09,2022,15,21,02,34,41,9,5
29,09,2022,15,21,03,28,31,0,0
29,09,2022,15,21,09,25,20,0,0
29,09,2022,15,21,11,25,18,10,6
29,09,2022,15,21,12,25,37,10,6
29,09,2022,15,21,12,25,37,0,3
29,09,2022,15,21,13,42,27,0,3
29,09,2022,15,21,14,42,27,0,0
29,09,2022,15,21,21,40,41,0,0
29,09,2022,15,21,22,40,41,6,6
29,09,2022,15,21,22,27,27,6,6
29,09,2022,15,21,23,27,27,0,0
29,09,2022,15,21,28,24,16,0,0
29,09,2022,15,21,31,24,16,10,6
29,09,2022,15,21,32,24,37,10,6
29,09,2022,15,21,33,39,23,0,6
29,09,2022,15,21,34,39,23,0,0
29,09,2022,15,21,41,46,36,0,0
29,09,2022,15,21,42,46,36,9,6
29,09,2022,15,21,42,44,21,9,6
29,09,2022,15,21,43,44,21,0,0
29,09,2022,15,21,51,42,12,0,6
29,09,2022,15,21,52,36,32,0,6
29,09,2022,15,21,52,36,32,0,1
29,09,2022,15,21,55,30,19,0,0
29,09,2022,15,22,01,46,37,0,0
29,09,2022,15,22,02,46,37,11,6
29,09,2022,15,22,02,26,33,11,6
29,09,2022,15,22,03,26,33,11,0
29,09,2022,15,22,04,24,13,11,0
29,09,2022,15,22,05,24,13,0,0
29,09,2022,15,22,11,22,6,10,6
29,09,2022,15,22,12,50,35,10,6
29,09,2022,15,22,14,47,29,0,0
29,09,2022,15,22,22,45,33,7,7
29,09,2022,15,22,22,34,33,7,7
29,09,2022,15,22,23,34,33,0,0
29,09,2022,15,22,25,33,20,0,0
29,09,2022,15,22,31,32,16,10,7
29,09,2022,15,22,32,50,34,10,7
29,09,2022,15,22,32,50,34,0,1
29,09,2022,15,22,33,24,13,0,1
29,09,2022,15,22,41,49,28,0,0
29,09,2022,15,22,41,49,28,6,7
29,09,2022,15,22,43,43,19,0,0
29,09,2022,15,22,51,42,10,9,6
29,09,2022,15,22,51,43,29,9,6
29,09,2022,15,22,54,36,29,0,0
29,09,2022,15,22,55,34,15,0,0
29,09,2022,15,23,01,51,33,0,0
29,09,2022,15,23,01,51,33,8,6
29,09,2022,15,23,03,46,39,0,0
29,09,2022,15,23,04,44,22,0,0
29,09,2022,15,23,11,42,18,10,6
29,09,2022,15,23,11,44,37,10,6
29,09,2022,15,23,13,44,19,1,5
29,09,2022,15,23,14,44,19,0,0
29,09,2022,15,23,21,45,31,0,0
29,09,2022,15,23,24,35,16,0,0
29,09,2022,15,23,31,31,12,7,5
29,09,2022,15,23,31,43,32,7,5
29,09,2022,15,23,33,41,8,0,6
29,09,2022,15,23,34,41,8,0,0
29,09,2022,15,23,41,44,28,0,0
29,09,2022,15,23,41,44,28,11,6
29,09,2022,15,23,43,35,34,0,0
29,09,2022,15,23,45,33,16,0,0
29,09,2022,15,23,51,32,11,0,5
29,09,2022,15,23,51,45,37,0,5
29,09,2022,15,23,54,42,32,0,0
29,09,2022,15,24,01,44,41,10,6
29,09,2022,15,24,02,21,35,10,6
29,09,2022,15,24,03,21,35,0,0
29,09,2022,15,24,04,19,15,0,0
29,09,2022,15,24,11,18,12,8,6
29,09,2022,15,24,11,40,38,8,6
29,09,2022,15,24,13,36,24,0,6
29,09,2022,15,24,14,36,24,0,0
29,09,2022,15,24,21,33,44,0,0
29,09,2022,15,24,22,26,27,9,0
29,09,2022,15,24,24,26,14,0,0
29,09,2022,15,24,31,21,9,8,6
29,09,2022,15,24,31,32,41,8,6
29,09,2022,15,24,33,37,23,8,5
29,09,2022,15,24,34,37,23,0,0
29,09,2022,15,24,41,41,35,0,0
29,09,2022,15,24,41,41,35,10,6
29,09,2022,15,24,42,18,41,10,6
29,09,2022,15,24,43,18,41,0,1
29,09,2022,15,24,44,16,24,0,1
29,09,2022,15,24,50,16,20,8,6
29,09,2022,15,24,51,33,38,8,6
29,09,2022,15,24,54,26,35,0,0
29,09,2022,15,25,01,27,34,9,5
29,09,2022,15,25,02,42,35,9,5
29,09,2022,15,25,03,42,35,0,1
29,09,2022,15,25,04,41,20,0,1
29,09,2022,15,25,05,0,17,0,0
29,09,2022,15,25,07,41,16,0,0
29,09,2022,15,25,10,41,14,10,6
29,09,2022,15,25,11,45,27,10,6
29,09,2022,15,25,13,26,17,0,5
29,09,2022,15,25,14,26,17,0,0
29,09,2022,15,25,21,21,14,10,6
29,09,2022,15,25,22,30,31,10,6
29,09,2022,15,25,23,30,31,0,1
29,09,2022,15,25,25,27,20,0,0
29,09,2022,15,25,31,35,34,0,0
29,09,2022,15,25,32,35,34,0,6
29,09,2022,15,25,34,41,16,0,6
29,09,2022,15,25,35,41,16,0,0
29,09,2022,15,25,41,45,16,8,6
29,09,2022,15,25,42,25,36,8,6
29,09,2022,15,25,43,25,36,0,0
29,09,2022,15,25,47,23,25,0,0
29,09,2022,15,25,51,44,31,0,0
29,09,2022,15,25,52,44,31,0,7
29,09,2022,15,25,53,37,19,0,7
29,09,2022,15,25,53,37,19,0,0
29,09,2022,15,26,01,34,10,7,8
29,09,2022,15,26,02,36,41,7,8
29,09,2022,15,26,03,36,41,0,0
29,09,2022,15,26,03,31,25,0,0
29,09,2022,15,26,11,58,31,0,0
29,09,2022,15,26,12,58,31,0,7
29,09,2022,15,26,13,32,29,0,7
29,09,2022,15,26,13,32,29,0,0
29,09,2022,15,26,21,37,23,9,6
29,09,2022,15,26,22,37,47,9,6
29,09,2022,15,26,23,37,47,0,1
29,09,2022,15,26,23,36,24,0,1
29,09,2022,15,26,31,44,45,0,0
29,09,2022,15,26,32,44,45,0,6
29,09,2022,15,26,33,27,45,0,6
29,09,2022,15,26,33,27,45,0,0
29,09,2022,15,26,36,26,33,0,0
29,09,2022,15,26,41,30,34,10,6
29,09,2022,15,26,43,28,43,0,1
29,09,2022,15,26,43,26,23,0,1
29,09,2022,15,26,51,36,40,2,0
29,09,2022,15,26,52,36,40,0,6
29,09,2022,15,26,53,39,30,0,0
29,09,2022,15,27,01,41,24,8,6
29,09,2022,15,27,02,31,37,8,6
29,09,2022,15,27,03,31,37,0,1
29,09,2022,15,27,08,29,26,0,0
29,09,2022,15,27,11,38,48,0,0
29,09,2022,15,27,12,38,48,1,5
29,09,2022,15,27,13,38,36,1,5
29,09,2022,15,27,13,38,36,0,0
29,09,2022,15,27,14,17,24,0,0
29,09,2022,15,27,22,31,41,9,0
29,09,2022,15,27,23,31,41,0,5
29,09,2022,15,27,24,31,37,0,0
29,09,2022,15,27,31,42,36,0,0
29,09,2022,15,27,32,42,36,7,6
29,09,2022,15,27,33,27,33,7,6
29,09,2022,15,27,33,27,33,0,0
29,09,2022,15,27,36,25,22,0,0
29,09,2022,15,27,41,24,21,8,6
29,09,2022,15,27,42,17,40,8,6
29,09,2022,15,27,42,17,40,0,1
29,09,2022,15,27,43,15,24,0,1
29,09,2022,15,27,51,46,31,0,0
29,09,2022,15,27,52,46,31,1,6
29,09,2022,15,27,53,26,38,1,6
29,09,2022,15,27,53,26,38,0,0
29,09,2022,15,27,54,25,24,0,0
29,09,2022,15,28,01,25,18,11,7
29,09,2022,15,28,02,41,44,11,7
29,09,2022,15,28,02,41,44,0,6
29,09,2022,15,28,03,39,22,0,6
29,09,2022,15,28,04,39,22,0,0
29,09,2022,15,28,11,32,41,0,0
29,09,2022,15,28,12,32,41,7,6
29,09,2022,15,28,12,19,44,7,6
29,09,2022,15,28,13,19,44,0,0
29,09,2022,15,28,16,17,32,0,0
29,09,2022,15,28,21,17,29,10,6
29,09,2022,15,28,22,29,40,10,6
29,09,2022,15,28,22,29,40,0,1
29,09,2022,15,28,23,26,14,0,1
29,09,2022,15,28,31,31,40,0,0
29,09,2022,15,28,32,31,40,0,6
29,09,2022,15,28,33,37,31,0,0
29,09,2022,15,28,34,36,13,0,0
29,09,2022,15,28,41,34,9,53,6
29,09,2022,15,28,42,59,35,53,6
29,09,2022,15,28,42,59,35,36,6
29,09,2022,15,28,43,61,16,36,6
29,09,2022,15,28,44,61,16,37,0
29,09,2022,15,28,51,88,32,34,0
29,09,2022,15,28,52,88,32,130,6
29,09,2022,15,28,53,88,34,65,0
29,09,2022,15,28,54,54,18,65,0
29,09,2022,15,28,55,54,18,36,0
29,09,2022,15,28,55,32,15,36,0
29,09,2022,15,28,56,32,15,0,0
29,09,2022,15,29,00,21,13,0,0
29,09,2022,15,29,01,21,13,53,6
29,09,2022,15,29,02,58,33,53,6
29,09,2022,15,29,02,58,33,35,5
29,09,2022,15,29,04,50,25,0,0
29,09,2022,15,29,12,41,30,8,7
29,09,2022,15,29,13,37,31,9,0
29,09,2022,15,29,14,37,17,9,0
29,09,2022,15,29,21,38,14,8,7
29,09,2022,15,29,22,41,37,8,7
29,09,2022,15,29,22,41,37,0,1
29,09,2022,15,29,23,40,13,0,1
29,09,2022,15,29,31,41,30,0,0
29,09,2022,15,29,32,41,30,6,6
29,09,2022,15,29,33,33,32,0,0
29,09,2022,15,29,34,31,15,0,0
29,09,2022,15,29,41,30,10,9,5
29,09,2022,15,29,42,34,34,9,5
29,09,2022,15,29,43,23,30,0,6
29,09,2022,15,29,44,23,30,0,0
29,09,2022,15,29,51,45,41,0,0
29,09,2022,15,29,52,45,41,6,6
29,09,2022,15,29,53,42,41,0,0
29,09,2022,15,29,54,40,13,0,0
29,09,2022,15,30,01,40,9,9,5
29,09,2022,15,30,01,40,37,9,5
29,09,2022,15,30,03,19,20,0,5
29,09,2022,15,30,04,19,20,0,0
29,09,2022,15,30,11,37,40,0,0
29,09,2022,15,30,11,37,40,9,6
29,09,2022,15,30,12,35,27,9,6
29,09,2022,15,30,13,35,27,9,0
29,09,2022,15,30,14,28,4,9,0
29,09,2022,15,30,21,28,1,9,5
29,09,2022,15,30,21,40,28,9,5
29,09,2022,15,30,24,46,20,10,0
29,09,2022,15,30,31,47,36,9,0
29,09,2022,15,30,31,47,36,10,5
29,09,2022,15,30,32,21,33,10,5
29,09,2022,15,30,41,19,35,8,0
29,09,2022,15,30,41,33,167,8,0
29,09,2022,15,30,42,33,167,0,6
29,09,2022,15,30,46,25,149,0,4
29,09,2022,15,30,47,25,149,0,0
29,09,2022,15,30,48,25,123,0,0
29,09,2022,15,30,51,51,50,0,0
29,09,2022,15,30,51,51,50,8,6
29,09,2022,15,30,52,33,38,8,6
29,09,2022,15,30,53,33,38,0,0
29,09,2022,15,30,54,31,20,0,0
29,09,2022,15,31,01,29,14,9,6
29,09,2022,15,31,01,34,32,9,6
29,09,2022,15,31,04,30,23,0,0
29,09,2022,15,31,11,43,38,0,0
29,09,2022,15,31,11,43,38,9,6
29,09,2022,15,31,12,28,36,9,6
29,09,2022,15,31,13,28,36,0,0
29,09,2022,15,31,14,24,18,0,0
29,09,2022,15,31,21,22,11,8,6
29,09,2022,15,31,21,46,43,8,6
29,09,2022,15,31,23,25,32,0,6
29,09,2022,15,31,24,25,32,0,0
29,09,2022,15,31,31,33,41,0,6
29,09,2022,15,31,33,35,33,0,1
29,09,2022,15,31,34,33,22,0,1
29,09,2022,15,31,41,33,18,10,6
29,09,2022,15,31,41,51,32,10,6
29,09,2022,15,31,43,31,17,1,6
29,09,2022,15,31,44,31,17,0,0
29,09,2022,15,31,50,52,31,0,0
29,09,2022,15,31,51,52,31,8,7
29,09,2022,15,31,52,27,31,8,7
29,09,2022,15,31,53,27,31,0,0
29,09,2022,15,31,54,24,20,0,0
29,09,2022,15,32,01,35,30,0,0
29,09,2022,15,32,06,27,19,0,0
29,09,2022,15,32,11,31,19,9,7
29,09,2022,15,32,12,32,40,9,7
29,09,2022,15,32,13,32,40,0,1
29,09,2022,15,32,14,29,23,0,1
29,09,2022,15,32,21,37,38,0,0
29,09,2022,15,32,22,37,38,7,6
29,09,2022,15,32,23,30,25,7,6
29,09,2022,15,32,24,30,25,7,0
29,09,2022,15,32,31,33,22,9,6
29,09,2022,15,32,32,38,39,9,6
29,09,2022,15,32,33,38,39,0,1
29,09,2022,15,32,33,36,13,0,1
29,09,2022,15,32,41,46,35,2,0
29,09,2022,15,32,42,46,35,0,5
29,09,2022,15,32,43,28,36,0,5
29,09,2022,15,32,44,28,36,0,0
29,09,2022,15,32,44,27,16,0,0
29,09,2022,15,32,51,28,12,9,6
29,09,2022,15,32,52,35,36,9,6
29,09,2022,15,32,53,35,36,0,0
29,09,2022,15,32,55,32,24,0,0
29,09,2022,15,33,01,50,37,0,0
29,09,2022,15,33,02,50,37,1,6
29,09,2022,15,33,03,35,33,1,6
29,09,2022,15,33,03,35,33,0,0
29,09,2022,15,33,04,35,17,0,0
29,09,2022,15,33,11,41,18,9,7
29,09,2022,15,33,12,41,41,9,7
29,09,2022,15,33,13,32,20,0,7
29,09,2022,15,33,14,32,20,0,0
29,09,2022,15,33,21,33,39,0,0
29,09,2022,15,33,22,33,39,0,6
29,09,2022,15,33,23,38,22,0,6
29,09,2022,15,33,23,38,22,0,0
29,09,2022,15,33,31,40,19,9,7
29,09,2022,15,33,32,22,43,9,7
29,09,2022,15,33,33,22,43,0,0
29,09,2022,15,33,33,19,17,0,0
29,09,2022,15,33,41,40,37,0,0
29,09,2022,15,33,42,40,37,0,6
29,09,2022,15,33,43,30,43,0,0
29,09,2022,15,33,44,29,19,0,0
29,09,2022,15,33,51,30,19,0,6
29,09,2022,15,33,52,30,38,0,6
29,09,2022,15,33,53,30,38,0,0
29,09,2022,15,33,53,31,20,0,0
29,09,2022,15,34,01,45,38,0,0
29,09,2022,15,34,02,45,38,0,6
29,09,2022,15,34,03,23,31,0,6
29,09,2022,15,34,03,23,31,0,0
29,09,2022,15,34,04,22,11,0,0
29,09,2022,15,34,11,21,14,0,6
29,09,2022,15,34,12,30,42,0,6
29,09,2022,15,34,13,30,42,0,1
29,09,2022,15,34,13,30,19,0,1
29,09,2022,15,34,21,36,31,0,0
29,09,2022,15,34,22,36,31,1,7
29,09,2022,15,34,23,37,41,0,0
29,09,2022,15,34,24,36,21,0,0
29,09,2022,15,34,31,35,17,9,7
29,09,2022,15,34,32,29,42,9,7
29,09,2022,15,34,33,29,42,0,4
29,09,2022,15,34,33,23,21,0,4
29,09,2022,15,34,34,23,21,0,0
29,09,2022,15,34,41,39,42,0,0
29,09,2022,15,34,42,39,42,1,7
29,09,2022,15,34,43,32,42,0,0
29,09,2022,15,34,44,30,30,0,0
29,09,2022,15,34,51,30,26,10,6
29,09,2022,15,34,52,33,42,10,6
29,09,2022,15,34,54,33,32,0,0
29,09,2022,15,35,02,36,35,1,6
29,09,2022,15,35,03,27,22,1,6
29,09,2022,15,35,05,26,15,0,0
29,09,2022,15,35,11,24,12,8,6
29,09,2022,15,35,12,28,31,8,6
29,09,2022,15,35,14,26,28,0,0
29,09,2022,15,35,21,43,37,0,0
29,09,2022,15,35,22,43,37,9,6
29,09,2022,15,35,22,27,42,9,6
29,09,2022,15,35,24,27,25,0,6
29,09,2022,15,35,25,27,25,0,0
29,09,2022,15,35,32,33,43,9,0
29,09,2022,15,35,33,33,43,9,4
29,09,2022,15,35,33,31,18,9,4
29,09,2022,15,35,34,31,18,0,0
29,09,2022,15,35,41,35,37,0,0
29,09,2022,15,35,42,35,37,7,6
29,09,2022,15,35,43,27,30,0,0
29,09,2022,15,35,44,26,13,0,0
29,09,2022,15,35,51,26,12,10,5
29,09,2022,15,35,52,38,33,10,5
29,09,2022,15,35,53,37,21,0,5
29,09,2022,15,35,54,37,21,0,0
29,09,2022,15,36,02,35,31,0,6
29,09,2022,15,36,03,31,27,0,0
29,09,2022,15,36,04,30,13,0,0
29,09,2022,15,36,11,30,11,8,5
29,09,2022,15,36,12,23,33,8,5
29,09,2022,15,36,13,20,20,0,7
29,09,2022,15,36,14,20,20,0,0
29,09,2022,15,36,19,20,9,0,0
29,09,2022,15,36,21,47,58,0,0
29,09,2022,15,36,22,26,58,0,0
29,09,2022,15,36,24,26,12,0,0
29,09,2022,15,36,33,37,12,0,0
29,09,2022,15,36,45,26,10,0,0
29,09,2022,15,36,51,45,9,8,0
29,09,2022,15,36,56,0,8,0,0
29,09,2022,15,36,58,37,8,0,0
29,09,2022,15,37,01,62,63,0,0
29,09,2022,15,37,04,41,9,0,0
29,09,2022,15,37,11,53,9,9,0
29,09,2022,15,37,13,30,9,0,0
29,09,2022,15,37,21,46,57,0,0
29,09,2022,15,37,22,35,10,8,0
29,09,2022,15,37,31,51,5,8,0
29,09,2022,15,37,41,162,388,0,0
29,09,2022,15,37,41,162,388,747,500
29,09,2022,15,37,45,169,381,748,504
29,09,2022,15,37,45,184,368,748,504
29,09,2022,15,37,46,184,368,747,500
29,09,2022,15,37,48,175,330,748,499
29,09,2022,15,37,49,175,330,749,334
29,09,2022,15,37,50,185,273,749,334
29,09,2022,15,37,51,185,273,748,248
29,09,2022,15,37,51,185,255,748,248
29,09,2022,15,37,52,185,255,750,164
29,09,2022,15,37,53,187,231,750,164
29,09,2022,15,37,54,187,231,748,67
29,09,2022,15,37,54,186,185,748,67
29,09,2022,15,37,55,186,185,749,60
29,09,2022,15,37,57,189,186,682,59
29,09,2022,15,37,58,166,190,682,59
29,09,2022,15,37,58,166,190,254,59
29,09,2022,15,37,59,111,186,254,59
29,09,2022,15,38,00,111,186,182,49
29,09,2022,15,38,01,111,173,182,49
29,09,2022,15,38,02,111,173,151,29
29,09,2022,15,38,02,103,154,151,29
29,09,2022,15,38,03,103,154,83,29
29,09,2022,15,38,04,77,146,83,29
29,09,2022,15,38,05,77,146,70,27
29,09,2022,15,38,06,69,155,35,28
29,09,2022,15,38,08,62,165,0,33
29,09,2022,15,38,08,40,162,0,33
29,09,2022,15,38,09,40,162,0,30
29,09,2022,15,38,11,39,171,63,30
29,09,2022,15,38,11,65,163,63,30
29,09,2022,15,38,12,65,163,38,30
29,09,2022,15,38,13,48,163,38,30
29,09,2022,15,38,14,48,163,0,28
29,09,2022,15,38,15,41,159,0,18
29,09,2022,15,38,16,40,143,0,18
29,09,2022,15,38,21,48,134,53,18
29,09,2022,15,38,22,62,146,53,18
29,09,2022,15,38,23,62,146,33,17
29,09,2022,15,38,24,37,145,33,17
29,09,2022,15,38,24,37,145,0,16
29,09,2022,15,38,25,40,132,0,16
29,09,2022,15,38,28,38,145,0,18
29,09,2022,15,38,29,38,145,0,5
29,09,2022,15,38,31,62,136,4,7
29,09,2022,15,38,32,62,136,48,5
29,09,2022,15,38,34,64,136,8,6
29,09,2022,15,38,34,44,132,8,6
29,09,2022,15,38,36,43,155,0,6
29,09,2022,15,38,39,42,138,0,5
29,09,2022,15,38,41,60,141,0,5
29,09,2022,15,38,41,60,141,55,5
29,09,2022,15,38,43,56,143,22,5
29,09,2022,15,38,44,50,136,0,5
29,09,2022,15,38,51,67,129,3,5
29,09,2022,15,38,52,67,129,45,5
29,09,2022,15,38,53,55,133,45,5
29,09,2022,15,38,54,55,133,9,5
29,09,2022,15,39,01,51,136,54,5
29,09,2022,15,39,03,59,135,33,5
29,09,2022,15,39,04,50,122,33,5
29,09,2022,15,39,04,50,122,0,4
29,09,2022,15,39,05,24,129,0,4
29,09,2022,15,39,11,21,126,11,4
29,09,2022,15,39,11,61,126,11,4
29,09,2022,15,39,12,61,126,45,6
29,09,2022,15,39,14,57,126,8,5
29,09,2022,15,39,14,42,132,8,5
29,09,2022,15,39,21,53,133,0,5
29,09,2022,15,39,21,53,133,54,5
29,09,2022,15,39,23,54,130,28,5
29,09,2022,15,39,23,38,120,28,5
29,09,2022,15,39,24,38,120,0,4
29,09,2022,15,39,31,33,130,16,5
29,09,2022,15,39,31,74,122,16,5
29,09,2022,15,39,32,74,122,43,5
29,09,2022,15,39,33,50,132,43,5
29,09,2022,15,39,34,50,132,5,5
29,09,2022,15,39,39,40,120,0,6
29,09,2022,15,39,41,46,135,0,6
29,09,2022,15,39,41,46,135,52,5
29,09,2022,15,39,42,59,122,52,5
29,09,2022,15,39,43,36,122,52,4
29,09,2022,15,39,44,36,122,0,5
29,09,2022,15,39,50,38,111,0,5
29,09,2022,15,39,51,58,120,8,5
29,09,2022,15,39,52,58,120,47,6
29,09,2022,15,39,54,53,124,10,5
29,09,2022,15,39,56,21,125,0,5
29,09,2022,15,39,58,21,125,0,0
29,09,2022,15,39,59,20,108,0,0
29,09,2022,15,40,01,40,111,0,0
29,09,2022,15,40,01,40,111,53,5
29,09,2022,15,40,02,58,123,53,5
29,09,2022,15,40,03,58,123,30,5
29,09,2022,15,40,04,59,133,0,5
29,09,2022,15,40,05,30,130,0,5
29,09,2022,15,40,07,28,126,0,0
29,09,2022,15,40,08,28,112,0,0
29,09,2022,15,40,11,62,129,7,0
29,09,2022,15,40,12,62,129,44,6
29,09,2022,15,40,14,42,135,44,5
29,09,2022,15,40,15,42,135,0,5
29,09,2022,15,40,17,40,111,0,4
29,09,2022,15,40,18,40,111,0,0
29,09,2022,15,40,21,45,101,55,0
29,09,2022,15,40,22,58,124,55,0
29,09,2022,15,40,23,58,124,33,6
29,09,2022,15,40,24,51,122,0,6
29,09,2022,15,40,29,44,114,0,0
29,09,2022,15,40,30,44,0,0,0
29,09,2022,15,40,30,44,0,18,0
29,09,2022,15,40,31,60,120,18,0
29,09,2022,15,40,32,60,120,18,5
29,09,2022,15,40,34,35,127,10,5
29,09,2022,15,40,38,33,119,0,0
29,09,2022,15,40,39,32,101,0,0
29,09,2022,15,40,41,32,99,54,5
29,09,2022,15,40,43,32,99,37,5
29,09,2022,15,40,43,38,122,37,5
29,09,2022,15,40,44,38,122,0,5
29,09,2022,15,40,48,40,109,0,5
29,09,2022,15,40,49,40,109,0,0
29,09,2022,15,40,51,66,116,0,0
29,09,2022,15,40,52,66,116,53,5
29,09,2022,15,40,53,55,119,53,5
29,09,2022,15,40,54,55,119,10,6
29,09,2022,15,40,54,43,134,10,6
29,09,2022,15,40,56,24,128,0,5
29,09,2022,15,40,58,22,126,0,0
29,09,2022,15,40,59,20,113,0,0
29,09,2022,15,41,01,20,109,54,5
29,09,2022,15,41,02,63,127,54,5
29,09,2022,15,41,03,63,127,35,5
29,09,2022,15,41,03,50,117,35,5
29,09,2022,15,41,04,50,117,0,4
29,09,2022,15,41,05,27,117,0,4
29,09,2022,15,41,08,24,106,0,4
29,09,2022,15,41,09,24,106,0,0
29,09,2022,15,41,11,59,122,0,0
29,09,2022,15,41,12,59,122,53,5
29,09,2022,15,41,13,59,127,23,5
29,09,2022,15,41,14,46,123,23,5
29,09,2022,15,41,15,46,123,0,4
29,09,2022,15,41,16,45,112,0,4
29,09,2022,15,41,18,45,120,0,0
29,09,2022,15,41,19,45,97,0,0
29,09,2022,15,41,21,45,94,54,5
29,09,2022,15,41,22,64,126,54,5
29,09,2022,15,41,23,64,126,37,5
29,09,2022,15,41,23,50,124,37,5
29,09,2022,15,41,24,50,124,0,5
29,09,2022,15,41,25,31,116,0,5
29,09,2022,15,41,28,29,105,0,5
29,09,2022,15,41,29,29,105,0,0
29,09,2022,15,41,31,67,124,0,0
29,09,2022,15,41,32,67,124,49,5
29,09,2022,15,41,33,56,115,49,5
29,09,2022,15,41,33,56,115,10,5
29,09,2022,15,41,34,31,119,10,5
29,09,2022,15,41,39,28,103,0,4
29,09,2022,15,41,40,28,103,0,0
29,09,2022,15,41,41,28,99,55,6
29,09,2022,15,41,42,60,119,55,6
29,09,2022,15,41,43,60,119,36,5
29,09,2022,15,41,43,36,121,36,5
29,09,2022,15,41,44,36,121,0,5
29,09,2022,15,41,48,30,105,0,5
29,09,2022,15,41,49,30,105,0,0
29,09,2022,15,41,51,60,117,0,0
29,09,2022,15,41,52,60,117,52,0
29,09,2022,15,41,53,54,117,10,5
29,09,2022,15,41,56,39,114,10,5
29,09,2022,15,41,59,38,102,0,5
29,09,2022,15,41,59,38,102,0,0
29,09,2022,15,42,01,38,98,53,5
29,09,2022,15,42,02,58,117,53,5
29,09,2022,15,42,05,34,123,53,5
29,09,2022,15,42,06,34,123,0,5
29,09,2022,15,42,09,33,115,0,0
29,09,2022,15,42,11,64,122,0,0
29,09,2022,15,42,12,64,122,51,0
29,09,2022,15,42,13,53,122,51,0
29,09,2022,15,42,13,53,122,21,5
29,09,2022,15,42,15,47,126,0,5
29,09,2022,15,42,16,36,129,0,5
29,09,2022,15,42,18,36,130,0,0
29,09,2022,15,42,19,35,106,0,0
29,09,2022,15,42,21,34,104,54,5
29,09,2022,15,42,22,62,125,54,5
29,09,2022,15,42,22,62,125,37,5
29,09,2022,15,42,23,49,130,37,5
29,09,2022,15,42,24,49,130,0,4
29,09,2022,15,42,26,43,114,0,5
29,09,2022,15,42,29,42,124,0,0
29,09,2022,15,42,31,64,130,0,0
29,09,2022,15,42,32,64,130,51,5
29,09,2022,15,42,32,51,129,51,5
29,09,2022,15,42,33,51,129,8,5
29,09,2022,15,42,35,26,123,0,6
29,09,2022,15,42,38,25,128,0,0
29,09,2022,15,42,39,25,99,0,0
29,09,2022,15,42,41,25,97,56,4
29,09,2022,15,42,42,59,117,56,4
29,09,2022,15,42,42,59,117,34,6
29,09,2022,15,42,43,45,124,34,6
29,09,2022,15,42,44,45,124,0,5
29,09,2022,15,42,49,35,117,0,0
29,09,2022,15,42,49,35,100,0,0
29,09,2022,15,42,51,58,125,0,0
29,09,2022,15,42,52,58,125,46,5
29,09,2022,15,42,53,57,122,9,5
29,09,2022,15,42,54,46,120,9,5
29,09,2022,15,42,59,42,97,0,4
29,09,2022,15,42,59,42,97,0,0
29,09,2022,15,43,01,42,94,50,5
29,09,2022,15,43,02,61,119,50,5
29,09,2022,15,43,02,61,119,38,4
29,09,2022,15,43,03,46,110,38,4
29,09,2022,15,43,05,22,115,38,6
29,09,2022,15,43,06,22,115,0,5
29,09,2022,15,43,09,19,111,0,0
29,09,2022,15,43,09,18,93,0,0
29,09,2022,15,43,11,57,113,0,0
29,09,2022,15,43,12,57,113,50,4
29,09,2022,15,43,13,49,117,22,5
29,09,2022,15,43,15,40,115,0,5
29,09,2022,15,43,19,32,99,0,5
29,09,2022,15,43,19,32,99,0,0
29,09,2022,15,43,21,32,91,50,5
29,09,2022,15,43,22,57,118,50,5
29,09,2022,15,43,24,59,110,0,4
29,09,2022,15,43,25,29,114,0,4
29,09,2022,15,43,29,27,111,0,0
29,09,2022,15,43,29,27,91,0,0
29,09,2022,15,43,31,60,115,0,0
29,09,2022,15,43,32,60,115,52,5
29,09,2022,15,43,33,59,115,21,5
29,09,2022,15,43,34,45,121,21,5
29,09,2022,15,43,35,45,121,0,5
29,09,2022,15,43,35,43,110,0,5
29,09,2022,15,43,39,42,97,0,6
29,09,2022,15,43,39,42,97,0,0
29,09,2022,15,43,41,42,93,50,4
29,09,2022,15,43,42,61,117,50,4
29,09,2022,15,43,43,49,107,50,5
29,09,2022,15,43,44,49,107,5,5
29,09,2022,15,43,45,38,110,5,5
29,09,2022,15,43,49,37,109,0,0
29,09,2022,15,43,49,36,89,0,0
29,09,2022,15,43,51,62,110,0,0
29,09,2022,15,43,52,62,110,54,6
29,09,2022,15,43,53,61,119,22,5
29,09,2022,15,43,54,41,114,22,5
29,09,2022,15,43,55,41,114,0,5
29,09,2022,15,43,57,25,111,0,5
29,09,2022,15,43,59,24,111,0,0
29,09,2022,15,44,00,24,86,0,0
29,09,2022,15,44,01,24,86,51,4
29,09,2022,15,44,02,59,105,51,4
29,09,2022,15,44,04,58,106,5,6
29,09,2022,15,44,05,38,123,5,6
29,09,2022,15,44,08,36,112,0,5
29,09,2022,15,44,10,36,112,0,0
29,09,2022,15,44,11,61,118,0,0
29,09,2022,15,44,12,61,118,54,5
29,09,2022,15,44,13,61,118,22,5
29,09,2022,15,44,14,37,119,22,5
29,09,2022,15,44,15,37,119,0,5
29,09,2022,15,44,18,33,107,0,6
29,09,2022,15,44,19,33,107,0,0
29,09,2022,15,44,21,32,102,51,5
29,09,2022,15,44,21,59,121,51,5
29,09,2022,15,44,22,59,121,36,5
29,09,2022,15,44,23,45,120,36,5
29,09,2022,15,44,24,45,120,5,4
29,09,2022,15,44,25,28,122,5,4
29,09,2022,15,44,28,25,117,0,0
29,09,2022,15,44,31,57,122,0,0
29,09,2022,15,44,32,57,122,53,5
29,09,2022,15,44,33,54,122,28,6
29,09,2022,15,44,35,46,123,0,5
29,09,2022,15,44,39,38,113,0,0
29,09,2022,15,44,40,38,94,0,0
29,09,2022,15,44,41,38,94,51,4
29,09,2022,15,44,41,57,121,51,4
29,09,2022,15,44,44,54,114,0,6
29,09,2022,15,44,45,22,121,0,6
29,09,2022,15,44,48,20,128,0,0
29,09,2022,15,44,49,20,99,0,0
29,09,2022,15,44,51,61,120,0,0
29,09,2022,15,44,51,61,120,52,5
29,09,2022,15,44,53,61,123,24,5
29,09,2022,15,44,54,40,116,24,5
29,09,2022,15,44,55,40,116,0,4
29,09,2022,15,44,59,37,109,0,0
29,09,2022,15,45,01,37,109,52,5
29,09,2022,15,45,02,62,110,52,5
29,09,2022,15,45,02,62,110,35,5
29,09,2022,15,45,03,42,110,35,5
29,09,2022,15,45,04,42,110,4,5
29,09,2022,15,45,05,27,119,4,5
29,09,2022,15,45,09,23,96,0,5
29,09,2022,15,45,10,23,96,0,0
29,09,2022,15,45,11,61,111,0,0
29,09,2022,15,45,11,61,111,0,5
29,09,2022,15,45,13,59,109,25,5
29,09,2022,15,45,14,44,107,25,5
29,09,2022,15,45,15,44,107,0,5
29,09,2022,15,45,18,33,96,0,4
29,09,2022,15,45,19,33,96,0,0
29,09,2022,15,45,21,59,118,10,0
29,09,2022,15,45,22,59,118,46,5
29,09,2022,15,45,24,53,114,9,5
29,09,2022,15,45,25,34,106,9,5
29,09,2022,15,45,28,31,115,0,2
29,09,2022,15,45,29,31,91,0,2
29,09,2022,15,45,31,43,88,0,0
29,09,2022,15,45,31,43,88,54,5
29,09,2022,15,45,32,55,108,54,5
29,09,2022,15,45,33,55,108,35,5
29,09,2022,15,45,35,47,115,0,4
29,09,2022,15,45,35,27,115,0,4
29,09,2022,15,45,39,23,105,0,0
29,09,2022,15,45,40,22,90,0,0
29,09,2022,15,45,41,22,107,3,0
29,09,2022,15,45,42,22,107,46,5
29,09,2022,15,45,43,52,111,46,5
29,09,2022,15,45,44,52,111,8,4
29,09,2022,15,45,44,27,110,8,4
29,09,2022,15,45,49,23,94,0,6
29,09,2022,15,45,50,23,94,0,0
29,09,2022,15,45,51,40,92,0,0
29,09,2022,15,45,51,40,92,53,6
29,09,2022,15,45,52,57,107,53,6
29,09,2022,15,45,53,57,107,32,6
29,09,2022,15,45,54,54,117,0,5
29,09,2022,15,45,55,27,107,0,5
29,09,2022,15,45,59,25,114,0,0
29,09,2022,15,46,01,24,104,13,0
29,09,2022,15,46,01,62,109,13,0
29,09,2022,15,46,02,62,109,13,5
29,09,2022,15,46,04,29,112,9,5
29,09,2022,15,46,09,25,95,0,6
29,09,2022,15,46,10,25,95,0,0
29,09,2022,15,46,11,42,98,0,0
29,09,2022,15,46,11,42,98,54,5
29,09,2022,15,46,12,55,112,54,5
29,09,2022,15,46,13,55,112,35,6
29,09,2022,15,46,14,52,107,0,6
29,09,2022,15,46,15,39,127,0,6
29,09,2022,15,46,17,38,116,0,5
29,09,2022,15,46,19,37,106,0,0
29,09,2022,15,46,20,37,89,0,0
29,09,2022,15,46,21,37,89,17,0
29,09,2022,15,46,21,63,113,17,0
29,09,2022,15,46,22,63,113,42,5
29,09,2022,15,46,23,51,110,42,5
29,09,2022,15,46,24,51,110,9,5
29,09,2022,15,46,24,31,116,9,5
29,09,2022,15,46,29,28,105,0,4
29,09,2022,15,46,30,28,105,0,0
29,09,2022,15,46,30,40,99,0,0
29,09,2022,15,46,31,40,99,55,5
29,09,2022,15,46,32,56,107,55,5
29,09,2022,15,46,33,56,107,31,6
29,09,2022,15,46,34,37,112,31,6
29,09,2022,15,46,34,37,112,0,6
29,09,2022,15,46,39,33,115,0,0
29,09,2022,15,46,40,33,97,0,0
29,09,2022,15,46,40,33,97,14,0
29,09,2022,15,46,41,60,116,14,0
29,09,2022,15,46,42,60,116,44,5
29,09,2022,15,46,43,49,115,44,5
29,09,2022,15,46,44,49,115,8,6
29,09,2022,15,46,44,28,114,8,6
29,09,2022,15,46,50,22,109,0,0
29,09,2022,15,46,51,36,105,0,0
29,09,2022,15,46,51,36,105,53,5
29,09,2022,15,46,53,36,112,33,6
29,09,2022,15,46,54,44,116,0,6
29,09,2022,15,46,58,38,104,0,5
29,09,2022,15,46,59,38,104,0,0
29,09,2022,15,47,00,37,85,0,0
29,09,2022,15,47,01,60,114,10,0
29,09,2022,15,47,02,60,114,49,4
29,09,2022,15,47,03,49,107,49,4
29,09,2022,15,47,05,49,113,0,6
29,09,2022,15,47,09,40,93,0,5
29,09,2022,15,47,10,40,93,0,0
29,09,2022,15,47,11,51,90,0,0
29,09,2022,15,47,11,51,90,54,4
29,09,2022,15,47,12,61,106,54,4
29,09,2022,15,47,13,61,106,34,5
29,09,2022,15,47,14,43,110,34,5
29,09,2022,15,47,14,43,110,0,6
29,09,2022,15,47,19,44,110,0,0
29,09,2022,15,47,20,43,97,0,0
29,09,2022,15,47,21,62,111,0,0
29,09,2022,15,47,22,62,111,0,4
29,09,2022,15,47,23,51,106,0,4
29,09,2022,15,47,24,35,106,8,6
29,09,2022,15,47,26,32,120,0,6
29,09,2022,15,47,29,32,102,0,5
29,09,2022,15,47,30,32,102,0,0
29,09,2022,15,47,30,47,88,0,0
29,09,2022,15,47,31,47,88,56,5
29,09,2022,15,47,32,63,88,56,5
29,09,2022,15,47,33,63,88,33,5
29,09,2022,15,47,33,48,110,33,5
29,09,2022,15,47,34,48,110,0,5
29,09,2022,15,47,40,43,91,0,4
29,09,2022,15,47,40,43,91,0,0
29,09,2022,15,47,41,61,105,0,0
29,09,2022,15,47,42,61,105,54,5
29,09,2022,15,47,44,52,104,10,5
29,09,2022,15,47,44,19,104,10,5
29,09,2022,15,47,50,15,112,0,0
29,09,2022,15,47,50,15,99,0,0
29,09,2022,15,47,51,15,99,53,5
29,09,2022,15,47,52,64,108,53,5
29,09,2022,15,47,53,64,108,35,5
29,09,2022,15,47,54,64,108,0,5
29,09,2022,15,47,55,33,106,0,5
29,09,2022,15,48,00,31,87,0,4
29,09,2022,15,48,00,31,87,0,0
29,09,2022,15,48,01,58,107,0,0
29,09,2022,15,48,02,58,107,53,6
29,09,2022,15,48,03,54,121,53,6
29,09,2022,15,48,03,54,121,8,5
29,09,2022,15,48,04,27,112,8,5
29,09,2022,15,48,10,17,110,0,0
29,09,2022,15,48,10,16,87,0,0
29,09,2022,15,48,11,16,87,53,5
29,09,2022,15,48,12,60,107,53,5
29,09,2022,15,48,13,60,107,37,5
29,09,2022,15,48,13,39,104,37,5
29,09,2022,15,48,14,39,104,0,6
29,09,2022,15,48,17,39,117,0,6
29,09,2022,15,48,20,38,96,0,4
29,09,2022,15,48,20,38,96,0,0
29,09,2022,15,48,21,64,110,0,0
29,09,2022,15,48,22,64,110,54,5
29,09,2022,15,48,23,57,103,10,6
29,09,2022,15,48,24,43,104,10,6
29,09,2022,15,48,26,41,120,0,5
29,09,2022,15,48,29,41,104,0,4
29,09,2022,15,48,30,41,104,0,0
29,09,2022,15,48,30,41,85,0,0
29,09,2022,15,48,31,41,85,53,5
29,09,2022,15,48,32,60,107,53,5
29,09,2022,15,48,33,60,107,36,6
29,09,2022,15,48,33,38,105,36,6
29,09,2022,15,48,34,38,105,0,6
29,09,2022,15,48,35,41,116,0,6
29,09,2022,15,48,40,40,92,0,5
29,09,2022,15,48,40,40,92,0,0
29,09,2022,15,48,41,65,115,0,0
29,09,2022,15,48,42,65,115,55,5
29,09,2022,15,48,43,65,113,8,5
29,09,2022,15,48,44,34,103,8,5
29,09,2022,15,48,49,30,121,0,6
29,09,2022,15,48,49,30,121,0,0
29,09,2022,15,48,50,30,104,0,0
29,09,2022,15,48,51,30,104,55,6
29,09,2022,15,48,52,64,113,55,6
29,09,2022,15,48,53,64,113,37,5
29,09,2022,15,48,53,48,113,37,5
29,09,2022,15,48,54,48,113,0,4
29,09,2022,15,48,56,31,109,0,5
29,09,2022,15,48,59,30,94,0,5
29,09,2022,15,49,00,30,94,0,0
29,09,2022,15,49,01,60,94,0,0
29,09,2022,15,49,02,60,94,52,4
29,09,2022,15,49,03,54,109,52,4
29,09,2022,15,49,03,54,109,8,5
29,09,2022,15,49,04,36,106,8,5
29,09,2022,15,49,10,28,102,0,0
29,09,2022,15,49,11,28,95,55,0
29,09,2022,15,49,12,58,95,55,0
29,09,2022,15,49,13,58,95,36,5
29,09,2022,15,49,13,38,117,36,5
29,09,2022,15,49,14,38,117,0,5
29,09,2022,15,49,16,29,103,0,5
29,09,2022,15,49,20,28,87,0,5
29,09,2022,15,49,20,28,87,0,0
29,09,2022,15,49,21,62,109,0,0
29,09,2022,15,49,22,62,109,55,5
29,09,2022,15,49,23,54,104,8,5
29,09,2022,15,49,24,42,99,8,5
29,09,2022,15,49,29,37,100,0,0
29,09,2022,15,49,30,37,78,0,0
29,09,2022,15,49,31,37,78,55,4
29,09,2022,15,49,32,60,98,55,4
29,09,2022,15,49,33,60,98,37,5
29,09,2022,15,49,33,46,98,37,5
29,09,2022,15,49,34,46,98,0,5
29,09,2022,15,49,35,33,105,0,5
29,09,2022,15,49,39,32,87,0,5
29,09,2022,15,49,40,32,87,0,0
29,09,2022,15,49,41,61,104,0,0
29,09,2022,15,49,42,61,104,52,5
29,09,2022,15,49,43,59,114,8,5
29,09,2022,15,49,44,42,111,8,5
29,09,2022,15,49,49,39,112,0,0
29,09,2022,15,49,51,39,112,49,0
29,09,2022,15,49,52,62,112,49,0
29,09,2022,15,49,53,62,112,38,5
29,09,2022,15,49,53,45,109,38,5
29,09,2022,15,49,54,45,109,7,5
29,09,2022,15,50,00,38,104,0,0
29,09,2022,15,50,01,64,112,0,0
29,09,2022,15,50,02,64,112,55,4
29,09,2022,15,50,03,64,104,21,6
29,09,2022,15,50,04,26,110,21,6
29,09,2022,15,50,05,26,110,0,6
29,09,2022,15,50,10,20,98,0,4
29,09,2022,15,50,11,20,98,49,4
29,09,2022,15,50,12,61,115,49,4
29,09,2022,15,50,12,61,115,36,5
29,09,2022,15,50,13,48,111,36,5
29,09,2022,15,50,14,48,111,6,5
29,09,2022,15,50,16,37,108,0,5
29,09,2022,15,50,19,35,96,0,6
29,09,2022,15,50,21,62,96,0,6
29,09,2022,15,50,22,62,96,53,5
29,09,2022,15,50,22,55,113,53,5
29,09,2022,15,50,23,55,113,21,4
29,09,2022,15,50,24,30,106,21,4
29,09,2022,15,50,25,30,106,0,6
29,09,2022,15,50,29,26,100,0,3
29,09,2022,15,50,30,26,87,0,3
29,09,2022,15,50,31,26,87,49,5
29,09,2022,15,50,32,59,100,49,5
29,09,2022,15,50,34,49,100,9,5
29,09,2022,15,50,35,32,113,9,5
29,09,2022,15,50,40,30,106,0,0
29,09,2022,15,50,41,57,114,0,0
29,09,2022,15,50,42,57,114,53,5
29,09,2022,15,50,42,50,103,53,5
29,09,2022,15,50,43,50,103,24,5
29,09,2022,15,50,45,40,99,0,5
29,09,2022,15,50,45,26,99,0,5
29,09,2022,15,50,47,25,110,0,5
29,09,2022,15,50,50,23,93,0,4
29,09,2022,15,50,51,23,93,49,4
29,09,2022,15,50,52,61,99,49,4
29,09,2022,15,50,53,39,105,45,5
29,09,2022,15,50,54,39,105,7,5
29,09,2022,15,50,56,25,102,0,5
29,09,2022,15,51,00,23,101,0,0
29,09,2022,15,51,01,58,106,0,0
29,09,2022,15,51,02,58,106,55,5
29,09,2022,15,51,03,61,109,23,5
29,09,2022,15,51,04,35,96,23,5
29,09,2022,15,51,05,35,96,0,5
29,09,2022,15,51,07,30,108,0,6
29,09,2022,15,51,10,29,92,0,4
29,09,2022,15,51,11,29,92,50,5
29,09,2022,15,51,12,59,102,50,5
29,09,2022,15,51,14,56,103,7,5
29,09,2022,15,51,16,36,92,0,5
29,09,2022,15,51,19,34,107,0,5
29,09,2022,15,51,20,34,107,0,0
29,09,2022,15,51,21,61,105,0,0
29,09,2022,15,51,22,61,105,55,5
29,09,2022,15,51,23,56,96,24,5
29,09,2022,15,51,24,41,96,24,5
29,09,2022,15,51,25,41,96,0,5
29,09,2022,15,51,25,37,109,0,5
29,09,2022,15,51,28,36,98,0,4
29,09,2022,15,51,29,36,98,0,0
29,09,2022,15,51,30,36,86,0,0
29,09,2022,15,51,31,36,86,52,5
29,09,2022,15,51,32,59,106,52,5
29,09,2022,15,51,32,59,106,36,5
29,09,2022,15,51,33,39,107,36,5
29,09,2022,15,51,34,39,107,7,5
29,09,2022,15,51,35,22,97,7,5
29,09,2022,15,51,40,18,104,0,0
29,09,2022,15,51,41,59,107,0,0
29,09,2022,15,51,41,59,107,53,5
29,09,2022,15,51,43,58,103,26,5
29,09,2022,15,51,44,34,101,26,5
29,09,2022,15,51,45,34,101,0,4
29,09,2022,15,51,45,22,107,0,4
29,09,2022,15,51,50,20,93,0,4
29,09,2022,15,51,51,20,93,54,6
29,09,2022,15,51,51,60,109,54,6
29,09,2022,15,51,54,54,109,0,5
29,09,2022,15,51,55,35,104,0,5
29,09,2022,15,52,00,33,108,0,0
29,09,2022,15,52,01,63,104,0,0
29,09,2022,15,52,02,63,104,55,6
29,09,2022,15,52,03,63,106,22,5
29,09,2022,15,52,04,49,104,22,5
29,09,2022,15,52,05,49,104,0,5
29,09,2022,15,52,10,45,77,0,5
29,09,2022,15,52,11,45,77,24,0
29,09,2022,15,52,11,64,106,24,0
29,09,2022,15,52,12,64,106,44,5
29,09,2022,15,52,13,53,101,44,5
29,09,2022,15,52,14,53,101,7,5
29,09,2022,15,52,14,30,94,7,5
29,09,2022,15,52,16,28,106,0,5
29,09,2022,15,52,20,27,97,0,0
29,09,2022,15,52,21,43,79,0,0
29,09,2022,15,52,21,43,79,0,5
29,09,2022,15,52,22,63,99,0,5
29,09,2022,15,52,23,63,99,32,5
29,09,2022,15,52,24,30,101,32,5
29,09,2022,15,52,25,30,101,0,6
29,09,2022,15,52,25,19,108,0,6
29,09,2022,15,52,30,16,85,0,5
29,09,2022,15,52,31,16,85,8,0
29,09,2022,15,52,31,60,98,8,0
29,09,2022,15,52,32,60,98,48,5
29,09,2022,15,52,33,49,101,48,5
29,09,2022,15,52,34,49,101,9,5
29,09,2022,15,52,34,27,100,9,5
29,09,2022,15,52,40,23,102,0,0
29,09,2022,15,52,41,34,83,0,0
29,09,2022,15,52,41,34,83,52,6
29,09,2022,15,52,42,53,106,52,6
29,09,2022,15,52,43,53,106,34,5
29,09,2022,15,52,44,43,97,0,4
29,09,2022,15,52,45,32,95,0,4
29,09,2022,15,52,51,31,99,15,0
29,09,2022,15,52,51,61,95,15,0
29,09,2022,15,52,52,61,95,46,5
29,09,2022,15,52,54,61,100,9,5
29,09,2022,15,52,56,32,95,0,5
29,09,2022,15,53,00,31,94,0,0
29,09,2022,15,53,01,38,87,56,4
29,09,2022,15,53,02,57,100,56,4
29,09,2022,15,53,03,57,100,30,5
29,09,2022,15,53,05,47,98,0,5
29,09,2022,15,53,05,25,99,0,5
29,09,2022,15,53,10,22,84,0,5
29,09,2022,15,53,11,22,84,10,0
29,09,2022,15,53,11,61,104,10,0
29,09,2022,15,53,12,61,104,50,5
29,09,2022,15,53,14,51,103,8,4
29,09,2022,15,53,14,63,100,8,4
29,09,2022,15,53,20,59,105,0,0
29,09,2022,15,53,21,76,75,0,0
29,09,2022,15,53,21,76,75,53,5
29,09,2022,15,53,22,59,105,53,5
29,09,2022,15,53,23,59,105,34,5
29,09,2022,15,53,24,47,113,34,5
29,09,2022,15,53,24,47,113,0,5
29,09,2022,15,53,28,40,101,0,5
29,09,2022,15,53,31,38,103,26,0
29,09,2022,15,53,32,38,99,42,6
29,09,2022,15,53,33,49,105,42,6
29,09,2022,15,53,34,49,105,9,6
29,09,2022,15,53,34,30,112,9,6
29,09,2022,15,53,37,28,99,0,5
29,09,2022,15,53,40,28,102,0,0
29,09,2022,15,53,41,28,92,0,5
29,09,2022,15,53,42,58,103,0,5
29,09,2022,15,53,43,58,103,30,4
29,09,2022,15,53,45,33,105,30,5
29,09,2022,15,53,46,33,105,0,5
29,09,2022,15,53,50,33,86,0,5
29,09,2022,15,53,50,33,86,17,0
29,09,2022,15,53,51,62,98,17,0
29,09,2022,15,53,52,62,98,45,5
29,09,2022,15,53,54,56,98,7,5
29,09,2022,15,53,54,39,95,7,5
29,09,2022,15,54,00,35,102,0,0
29,09,2022,15,54,01,48,87,0,0
29,09,2022,15,54,01,48,87,53,5
29,09,2022,15,54,03,55,96,33,5
29,09,2022,15,54,04,37,103,33,5
29,09,2022,15,54,04,37,103,0,5
29,09,2022,15,54,10,31,103,9,0
29,09,2022,15,54,11,65,98,9,0
29,09,2022,15,54,12,65,98,48,5
29,09,2022,15,54,13,53,102,48,5
29,09,2022,15,54,14,53,102,7,5
29,09,2022,15,54,14,39,106,7,5
29,09,2022,15,54,19,37,95,0,6
29,09,2022,15,54,20,37,95,0,0
29,09,2022,15,54,21,36,86,52,5
29,09,2022,15,54,22,59,99,52,5
29,09,2022,15,54,23,59,99,36,5
29,09,2022,15,54,24,51,94,0,5
29,09,2022,15,54,25,39,96,0,5
29,09,2022,15,54,30,38,96,0,0
29,09,2022,15,54,31,61,95,0,0
29,09,2022,15,54,32,61,95,0,6
29,09,2022,15,54,34,37,92,9,5
29,09,2022,15,54,41,35,85,53,6
29,09,2022,15,54,42,63,94,53,6
29,09,2022,15,54,44,36,94,53,6
29,09,2022,15,54,44,36,94,0,5
29,09,2022,15,54,50,34,95,0,0
29,09,2022,15,54,51,62,100,0,0
29,09,2022,15,54,52,62,100,53,5
29,09,2022,15,54,53,56,99,10,5
29,09,2022,15,54,54,36,104,10,5
29,09,2022,15,55,00,33,80,0,5
29,09,2022,15,55,01,33,80,54,5
29,09,2022,15,55,02,65,100,54,5
29,09,2022,15,55,03,65,100,35,5
29,09,2022,15,55,04,65,101,0,5
29,09,2022,15,55,05,43,105,0,5
29,09,2022,15,55,10,41,96,0,0
29,09,2022,15,55,11,60,110,0,0
29,09,2022,15,55,12,60,110,49,5
29,09,2022,15,55,14,60,109,10,5
29,09,2022,15,55,14,34,99,10,5
29,09,2022,15,55,20,32,87,0,5
29,09,2022,15,55,21,32,87,54,6
29,09,2022,15,55,22,58,105,54,6
29,09,2022,15,55,23,58,105,38,5
29,09,2022,15,55,24,50,105,0,4
29,09,2022,15,55,25,40,93,0,4
29,09,2022,15,55,28,39,105,0,6
29,09,2022,15,55,30,39,96,0,0
29,09,2022,15,55,31,63,98,0,0
29,09,2022,15,55,32,63,98,53,6
29,09,2022,15,55,33,54,98,25,5
29,09,2022,15,55,34,36,104,25,5
29,09,2022,15,55,35,36,104,0,5
29,09,2022,15,55,37,34,89,0,5
29,09,2022,15,55,40,33,77,0,6
29,09,2022,15,55,41,33,77,54,5
29,09,2022,15,55,42,65,97,54,5
29,09,2022,15,55,43,65,97,35,6
29,09,2022,15,55,43,52,101,35,6
29,09,2022,15,55,45,30,106,35,5
29,09,2022,15,55,46,30,106,0,5
29,09,2022,15,55,50,28,104,0,0
29,09,2022,15,55,51,65,98,0,0
29,09,2022,15,55,52,65,98,0,5
29,09,2022,15,55,54,40,100,10,5
29,09,2022,15,56,00,37,78,0,4
29,09,2022,15,56,01,37,78,56,4
29,09,2022,15,56,02,67,95,56,4
29,09,2022,15,56,03,67,95,36,6
29,09,2022,15,56,03,43,90,36,6
29,09,2022,15,56,04,43,90,0,6
29,09,2022,15,56,05,39,104,0,6
29,09,2022,15,56,10,39,95,0,0
29,09,2022,15,56,11,64,91,0,0
29,09,2022,15,56,12,64,91,52,4
29,09,2022,15,56,13,58,91,8,6
29,09,2022,15,56,14,34,88,8,6
29,09,2022,15,56,16,31,101,0,6
29,09,2022,15,56,20,29,77,0,5
29,09,2022,15,56,21,29,77,53,5
29,09,2022,15,56,22,57,91,53,5
29,09,2022,15,56,23,57,91,35,5
29,09,2022,15,56,23,40,90,35,5
29,09,2022,15,56,24,40,90,0,5
29,09,2022,15,56,27,18,98,0,6
29,09,2022,15,56,30,18,92,0,0
29,09,2022,15,56,31,59,99,0,0
29,09,2022,15,56,32,59,99,48,5
29,09,2022,15,56,33,62,92,9,5
29,09,2022,15,56,34,34,94,9,5
29,09,2022,15,56,41,31,88,55,5
29,09,2022,15,56,42,58,88,55,5
29,09,2022,15,56,43,58,88,34,5
29,09,2022,15,56,43,44,96,34,5
29,09,2022,15,56,45,20,94,34,5
29,09,2022,15,56,46,20,94,0,5
29,09,2022,15,56,50,19,104,0,0
29,09,2022,15,56,51,59,98,0,0
29,09,2022,15,56,52,59,98,53,6
29,09,2022,15,56,53,59,98,19,6
29,09,2022,15,56,54,35,98,19,6
29,09,2022,15,56,55,35,98,0,5
29,09,2022,15,57,00,23,77,0,5
29,09,2022,15,57,01,23,77,51,4
29,09,2022,15,57,02,69,94,51,4
29,09,2022,15,57,03,47,95,47,5
29,09,2022,15,57,05,34,96,47,5
29,09,2022,15,57,06,34,96,0,5
29,09,2022,15,57,10,30,89,0,0
29,09,2022,15,57,11,66,86,0,0
29,09,2022,15,57,12,66,86,53,4
29,09,2022,15,57,13,60,92,21,5
29,09,2022,15,57,15,60,96,0,5
29,09,2022,15,57,16,31,93,0,5
29,09,2022,15,57,20,29,79,0,5
29,09,2022,15,57,21,29,79,51,5
29,09,2022,15,57,22,62,93,51,5
29,09,2022,15,57,22,62,93,35,5
29,09,2022,15,57,24,59,103,5,5
29,09,2022,15,57,25,25,104,5,5
29,09,2022,15,57,31,64,89,0,4
29,09,2022,15,57,32,64,89,53,6
29,09,2022,15,57,32,51,93,53,6
29,09,2022,15,57,33,51,93,20,6
29,09,2022,15,57,35,44,101,0,5
29,09,2022,15,57,39,36,89,0,4
29,09,2022,15,57,41,36,79,49,4
29,09,2022,15,57,42,63,85,49,4
29,09,2022,15,57,42,63,85,38,6
29,09,2022,15,57,43,40,87,38,6
29,09,2022,15,57,44,40,87,0,6
29,09,2022,15,57,45,33,101,0,6
29,09,2022,15,57,48,31,89,0,5
29,09,2022,15,57,51,61,85,0,5
29,09,2022,15,57,52,61,85,52,5
29,09,2022,15,57,53,60,88,26,5
29,09,2022,15,57,54,37,93,26,5
29,09,2022,15,57,55,37,93,0,5
29,09,2022,15,57,55,24,95,0,5
29,09,2022,15,58,00,23,72,0,6
29,09,2022,15,58,01,23,72,50,4
29,09,2022,15,58,02,59,88,50,4
29,09,2022,15,58,03,48,90,45,4
29,09,2022,15,58,04,48,90,0,5
29,09,2022,15,58,05,31,90,0,5
29,09,2022,15,58,06,31,103,0,6
29,09,2022,15,58,12,30,94,54,4
29,09,2022,15,58,12,56,93,54,4
29,09,2022,15,58,13,56,93,18,4
29,09,2022,15,58,14,35,95,18,4
29,09,2022,15,58,15,35,95,0,5
29,09,2022,15,58,20,33,81,0,6
29,09,2022,15,58,21,33,81,53,5
29,09,2022,15,58,22,64,101,53,5
29,09,2022,15,58,22,64,101,36,5
29,09,2022,15,58,25,42,92,36,5
29,09,2022,15,58,25,42,92,0,5
29,09,2022,15,58,28,40,107,0,5
29,09,2022,15,58,30,40,97,0,0
29,09,2022,15,58,31,64,99,0,0
29,09,2022,15,58,32,64,99,55,5
29,09,2022,15,58,34,33,87,55,5
29,09,2022,15,58,35,33,87,0,5
29,09,2022,15,58,37,24,99,0,5
29,09,2022,15,58,40,23,85,0,5
29,09,2022,15,58,41,23,85,53,6
29,09,2022,15,58,42,64,95,53,6
29,09,2022,15,58,42,64,95,35,5
29,09,2022,15,58,43,49,95,35,5
29,09,2022,15,58,44,49,95,6,4
29,09,2022,15,58,45,35,85,6,4
29,09,2022,15,58,50,31,94,0,0
29,09,2022,15,58,51,42,77,0,0
29,09,2022,15,58,52,42,77,53,5
29,09,2022,15,58,52,52,95,53,5
29,09,2022,15,58,53,52,95,32,5
29,09,2022,15,58,54,27,96,32,5
29,09,2022,15,58,55,27,96,0,5
29,09,2022,15,59,00,17,110,0,6
29,09,2022,15,59,01,17,110,53,5
29,09,2022,15,59,02,63,107,53,5
29,09,2022,15,59,03,42,95,45,5
29,09,2022,15,59,04,42,95,7,5
29,09,2022,15,59,10,41,91,0,0
29,09,2022,15,59,11,65,69,0,0
29,09,2022,15,59,12,65,69,750,501
29,09,2022,15,59,12,184,254,750,501
29,09,2022,15,59,13,184,254,750,498
29,09,2022,15,59,20,195,245,751,500
29,09,2022,15,59,24,185,247,480,499
29,09,2022,15,59,25,143,240,480,499
29,09,2022,15,59,25,143,240,247,499
29,09,2022,15,59,27,143,242,151,499
29,09,2022,15,59,28,105,238,151,499
29,09,2022,15,59,28,105,238,111,499
29,09,2022,15,59,29,81,241,111,499
29,09,2022,15,59,30,81,241,57,499
29,09,2022,15,59,31,70,241,57,499
29,09,2022,15,59,31,70,241,31,417
29,09,2022,15,59,32,51,179,31,417
29,09,2022,15,59,33,51,179,0,323
29,09,2022,15,59,34,35,146,0,323
29,09,2022,15,59,35,35,146,0,168
29,09,2022,15,59,35,33,120,0,168
29,09,2022,15,59,37,32,62,0,168
29,09,2022,15,59,38,32,62,0,60
29,09,2022,15,59,41,30,79,0,59
29,09,2022,15,59,42,30,79,0,30
29,09,2022,15,59,43,30,58,0,30
29,09,2022,15,59,52,47,45,7,31
29,09,2022,15,59,53,47,45,8,18
29,09,2022,15,59,55,35,44,0,17
29,09,2022,16,00,02,33,42,0,5
29,09,2022,16,00,24,33,38,0,0
29,09,2022,16,00,26,32,24,0,0
29,09,2022,16,00,32,32,177,0,1
29,09,2022,16,00,33,32,177,0,5
29,09,2022,16,00,34,32,165,0,5
29,09,2022,16,00,34,32,165,0,0
29,09,2022,16,00,35,33,142,0,0
29,09,2022,16,00,41,32,180,0,0
29,09,2022,16,00,42,32,180,0,5
29,09,2022,16,00,43,33,163,0,5
29,09,2022,16,00,44,32,151,0,5
29,09,2022,16,00,45,32,151,0,0
29,09,2022,16,00,51,32,143,0,7
29,09,2022,16,00,52,33,161,0,7
29,09,2022,16,00,54,33,155,0,0
29,09,2022,16,00,57,32,143,0,0
29,09,2022,16,01,01,40,164,0,0
29,09,2022,16,01,02,40,164,8,5
29,09,2022,16,01,04,41,144,8,4
29,09,2022,16,01,05,41,144,10,0
29,09,2022,16,01,11,59,137,9,0
29,09,2022,16,01,11,59,137,8,5
29,09,2022,16,01,12,44,170,8,5
29,09,2022,16,01,14,41,149,8,4
29,09,2022,16,01,14,41,149,9,0
29,09,2022,16,01,18,43,136,0,0
29,09,2022,16,01,21,42,171,0,0
29,09,2022,16,01,22,42,171,0,5
29,09,2022,16,01,24,42,155,0,5
29,09,2022,16,01,25,42,155,0,0
29,09,2022,16,01,32,42,180,0,0
29,09,2022,16,01,33,42,180,0,6
29,09,2022,16,01,35,42,144,0,6
29,09,2022,16,01,36,42,144,0,0
29,09,2022,16,01,41,42,168,0,0
29,09,2022,16,01,42,42,168,0,5
29,09,2022,16,01,45,42,171,0,0
29,09,2022,16,01,51,42,159,0,0
29,09,2022,16,01,51,42,159,6,6
29,09,2022,16,01,52,28,173,6,6
29,09,2022,16,01,54,27,174,0,0
29,09,2022,16,01,55,26,146,0,0
29,09,2022,16,02,01,26,170,0,0
29,09,2022,16,02,02,26,170,0,5
29,09,2022,16,02,04,26,147,0,4
29,09,2022,16,02,05,26,147,0,0
29,09,2022,16,02,12,26,158,0,0
29,09,2022,16,02,13,26,158,0,6
29,09,2022,16,02,14,25,166,0,0
29,09,2022,16,02,15,26,149,0,0
29,09,2022,16,02,21,26,176,0,0
29,09,2022,16,02,22,26,176,0,5
29,09,2022,16,02,23,26,164,0,5
29,09,2022,16,02,24,26,148,0,5
29,09,2022,16,02,25,26,148,0,0
29,09,2022,16,02,31,25,141,0,5
29,09,2022,16,02,32,25,169,0,5
29,09,2022,16,02,34,24,170,0,0
29,09,2022,16,02,35,25,153,0,0
29,09,2022,16,02,43,25,156,0,5
29,09,2022,16,02,44,25,143,0,5
29,09,2022,16,02,45,25,143,0,0
29,09,2022,16,02,51,25,135,0,4
29,09,2022,16,02,52,25,159,0,4
29,09,2022,16,02,54,25,152,0,0
29,09,2022,16,02,55,25,138,0,0
29,09,2022,16,03,01,42,163,0,0
29,09,2022,16,03,02,42,163,0,5
29,09,2022,16,03,03,23,163,0,5
29,09,2022,16,03,05,22,160,0,0
29,09,2022,16,03,07,22,148,0,0
29,09,2022,16,03,11,22,144,0,6
29,09,2022,16,03,12,22,159,0,6
29,09,2022,16,03,14,22,151,0,0
29,09,2022,16,03,15,22,127,0,0
29,09,2022,16,03,21,22,158,0,0
29,09,2022,16,03,22,22,158,0,6
29,09,2022,16,03,25,22,151,0,0
29,09,2022,16,03,31,22,143,0,6
29,09,2022,16,03,32,22,163,0,6
29,09,2022,16,03,34,22,154,0,0
29,09,2022,16,03,35,22,128,0,0
29,09,2022,16,03,41,22,156,0,0
29,09,2022,16,03,43,22,159,0,6
29,09,2022,16,03,44,22,137,0,6
29,09,2022,16,03,45,22,137,0,0
29,09,2022,16,03,50,22,126,0,0
29,09,2022,16,03,51,22,126,0,5
29,09,2022,16,03,52,22,145,0,5
29,09,2022,16,03,54,22,149,0,0
29,09,2022,16,03,56,22,136,0,0
29,09,2022,16,04,01,22,165,0,0
29,09,2022,16,04,02,22,165,0,4
29,09,2022,16,04,03,22,154,0,4
29,09,2022,16,04,05,21,156,0,0
29,09,2022,16,04,06,22,138,0,0
29,09,2022,16,04,11,22,133,0,4
29,09,2022,16,04,12,22,146,0,4
29,09,2022,16,04,13,22,165,0,5
29,09,2022,16,04,14,22,165,0,0
29,09,2022,16,04,15,22,132,0,0
29,09,2022,16,04,21,45,158,0,0
29,09,2022,16,04,22,45,158,0,5
29,09,2022,16,04,23,32,156,0,5
29,09,2022,16,04,24,31,132,0,5
29,09,2022,16,04,25,31,132,0,0
29,09,2022,16,04,30,29,121,0,0
29,09,2022,16,04,31,29,121,0,4
29,09,2022,16,04,32,29,161,0,4
29,09,2022,16,04,35,29,148,0,4
29,09,2022,16,04,36,29,148,0,0
29,09,2022,16,04,41,29,170,0,0
29,09,2022,16,04,42,29,170,0,5
29,09,2022,16,04,43,29,151,0,5
29,09,2022,16,04,46,29,140,0,5
29,09,2022,16,04,46,29,140,0,0
29,09,2022,16,04,51,29,135,0,5
29,09,2022,16,04,52,29,151,0,5
29,09,2022,16,04,54,29,148,0,0
29,09,2022,16,04,55,29,131,0,0
29,09,2022,16,05,01,28,160,0,0
29,09,2022,16,05,02,28,160,0,5
29,09,2022,16,05,04,28,143,0,6
29,09,2022,16,05,06,28,135,0,0
29,09,2022,16,05,11,28,130,0,5
29,09,2022,16,05,13,27,148,0,5
29,09,2022,16,05,14,27,148,0,0
29,09,2022,16,05,15,27,137,0,0
29,09,2022,16,05,21,27,166,0,0
29,09,2022,16,05,22,27,166,0,5
29,09,2022,16,05,22,27,155,0,5
29,09,2022,16,05,24,27,127,0,5
29,09,2022,16,05,25,27,127,0,0
29,09,2022,16,05,29,26,116,0,0
29,09,2022,16,05,31,26,115,0,5
29,09,2022,16,05,32,27,149,0,5
29,09,2022,16,05,34,27,150,0,0
29,09,2022,16,05,35,26,136,0,0
29,09,2022,16,05,41,26,168,0,0
29,09,2022,16,05,42,26,168,0,5
29,09,2022,16,05,44,27,142,0,5
29,09,2022,16,05,46,27,142,0,0
29,09,2022,16,05,47,27,124,0,0
29,09,2022,16,05,51,27,122,6,5
29,09,2022,16,05,52,24,150,6,5
29,09,2022,16,05,54,24,146,0,0
29,09,2022,16,05,56,22,133,0,0
29,09,2022,16,06,02,22,130,0,5
29,09,2022,16,06,02,22,146,0,5
29,09,2022,16,06,03,22,146,0,0
29,09,2022,16,06,04,22,126,0,0
29,09,2022,16,06,10,0,6,0,0
29,09,2022,16,14,45,8,46,0,0
29,09,2022,16,14,46,8,46,7,59
29,09,2022,16,14,47,35,216,7,59
29,09,2022,16,14,48,31,201,8,60
29,09,2022,16,14,51,40,207,9,30
29,09,2022,16,14,51,58,179,9,30
29,09,2022,16,14,53,46,174,9,30
29,09,2022,16,14,59,35,180,8,28
29,09,2022,16,15,04,35,181,0,18
29,09,2022,16,15,08,34,167,0,17
29,09,2022,16,15,14,34,175,0,14
29,09,2022,16,15,15,34,175,0,5
29,09,2022,16,15,16,34,151,0,5
29,09,2022,16,15,42,34,140,0,6
29,09,2022,16,15,44,34,158,0,5
29,09,2022,16,15,47,34,141,0,5
29,09,2022,16,15,48,33,161,0,5
29,09,2022,16,15,51,34,144,0,5
29,09,2022,16,15,55,34,147,0,0
29,09,2022,16,15,57,41,145,0,6
29,09,2022,16,15,57,23,148,0,6
29,09,2022,16,16,00,23,145,0,0
29,09,2022,16,16,06,21,135,0,6
29,09,2022,16,16,07,21,150,0,6
29,09,2022,16,16,08,21,163,0,5
29,09,2022,16,16,09,21,163,0,0
29,09,2022,16,16,11,21,128,0,0
29,09,2022,16,16,16,21,156,0,0
29,09,2022,16,16,17,21,156,0,5
29,09,2022,16,16,20,21,150,0,0
29,09,2022,16,16,22,21,139,0,0
29,09,2022,16,16,26,21,137,0,5
29,09,2022,16,16,27,21,156,0,5
29,09,2022,16,16,29,21,163,0,0
29,09,2022,16,16,30,21,139,0,0
29,09,2022,16,16,36,21,171,0,0
29,09,2022,16,16,37,21,171,0,5
29,09,2022,16,16,39,21,141,0,4
29,09,2022,16,16,40,21,141,0,0
29,09,2022,16,16,44,21,130,0,0
29,09,2022,16,16,46,21,129,6,5
29,09,2022,16,16,47,44,156,6,5
29,09,2022,16,16,49,43,153,0,0
29,09,2022,16,16,50,42,131,0,0
29,09,2022,16,16,56,40,145,0,0
29,09,2022,16,16,57,40,145,0,5
29,09,2022,16,17,00,39,144,0,0
29,09,2022,16,17,05,38,133,0,0
29,09,2022,16,17,06,38,133,0,5
29,09,2022,16,17,07,39,147,0,5
29,09,2022,16,17,10,39,130,0,4
29,09,2022,16,17,12,39,127,0,0
29,09,2022,16,17,16,39,154,0,0
29,09,2022,16,17,17,39,154,0,5
29,09,2022,16,17,19,38,132,0,5
29,09,2022,16,17,20,38,132,0,0
29,09,2022,16,17,26,39,123,0,5
29,09,2022,16,17,27,39,146,0,5
29,09,2022,16,17,30,39,129,0,4
29,09,2022,16,17,30,39,129,0,0
29,09,2022,16,18,03,39,122,57318,0
29,09,2022,16,18,03,39,122,8217,0
29,09,2022,16,18,03,39,122,57318,0
29,09,2022,16,18,03,39,122,8217,0
29,09,2022,16,18,04,39,122,57318,0
29,09,2022,16,18,04,39,122,8217,0
29,09,2022,16,18,04,39,122,0,0
29,09,2022,16,18,17,0,122,0,0
29,09,2022,16,18,19,0,0,0,0
29,09,2022,16,18,32,0,0,0,57335
29,09,2022,16,18,32,0,0,0,8200
29,09,2022,16,18,32,0,0,0,57335
29,09,2022,16,18,33,0,0,0,8200
29,09,2022,16,18,33,0,0,0,57335
29,09,2022,16,18,33,0,0,0,8200
29,09,2022,16,18,33,0,0,0,0
29,09,2022,16,27,39,0,0,50,155
29,09,2022,16,27,40,56,243,50,155
29,09,2022,16,27,40,56,243,28,60
29,09,2022,16,27,41,52,190,28,60
29,09,2022,16,27,42,52,190,0,58
29,09,2022,16,27,44,49,201,0,59
29,09,2022,16,27,46,48,178,0,61
29,09,2022,16,27,46,48,178,0,28
29,09,2022,16,27,50,48,185,0,31
29,09,2022,16,27,52,46,165,0,30
29,09,2022,16,28,00,45,166,0,17
29,09,2022,16,28,10,40,154,0,17
29,09,2022,16,28,11,40,154,0,5
29,09,2022,16,28,19,39,142,0,4
29,09,2022,16,28,21,39,155,0,5
29,09,2022,16,28,24,39,141,0,5
29,09,2022,16,28,30,27,144,0,5
29,09,2022,16,28,38,27,129,0,5
29,09,2022,16,28,41,26,143,0,5
29,09,2022,16,28,50,41,142,0,5
29,09,2022,16,28,56,40,136,0,0
29,09,2022,16,28,58,39,115,0,0
29,09,2022,16,28,59,32,141,0,0
29,09,2022,16,29,00,32,141,0,5
29,09,2022,16,29,02,30,130,0,5
29,09,2022,16,29,03,30,130,0,0
29,09,2022,16,29,09,29,121,0,5
29,09,2022,16,29,10,28,145,0,5
29,09,2022,16,29,12,27,142,0,0
29,09,2022,16,29,13,26,129,0,0
29,09,2022,16,29,19,63,152,1,0
29,09,2022,16,29,20,63,152,53,5
29,09,2022,16,29,22,55,152,28,5
29,09,2022,16,29,22,40,123,28,5
29,09,2022,16,29,23,40,123,0,0
29,09,2022,16,29,24,23,115,0,0
29,09,2022,16,29,29,19,114,7,5
29,09,2022,16,29,30,37,143,7,5
29,09,2022,16,29,32,32,145,9,0
29,09,2022,16,29,33,34,127,9,0
29,09,2022,16,29,36,47,123,9,0
29,09,2022,16,29,39,52,154,8,0
29,09,2022,16,29,40,52,154,7,6
29,09,2022,16,29,41,48,165,7,6
29,09,2022,16,29,42,39,145,8,6
29,09,2022,16,29,43,39,145,7,0
29,09,2022,16,29,49,41,137,0,5
29,09,2022,16,29,50,21,147,0,5
29,09,2022,16,29,52,19,152,0,0
29,09,2022,16,29,55,18,141,0,0
29,09,2022,16,30,00,19,150,0,5
29,09,2022,16,30,02,18,135,0,5
29,09,2022,16,30,03,18,135,0,0
29,09,2022,16,30,07,17,124,0,0
29,09,2022,16,30,09,21,129,0,6
29,09,2022,16,30,10,41,156,0,6
29,09,2022,16,30,12,40,148,0,0
29,09,2022,16,30,13,39,132,0,0
29,09,2022,16,30,20,39,142,0,5
29,09,2022,16,30,22,38,121,0,6
29,09,2022,16,30,23,38,121,0,0
29,09,2022,16,30,29,40,119,7,5
29,09,2022,16,30,30,42,135,7,5
29,09,2022,16,30,32,40,136,0,0
29,09,2022,16,30,36,39,125,0,0
29,09,2022,16,30,39,39,147,0,0
29,09,2022,16,30,40,39,147,0,5
29,09,2022,16,30,42,39,123,0,5
29,09,2022,16,30,43,39,123,0,0
29,09,2022,16,30,49,41,118,0,5
29,09,2022,16,30,50,41,146,0,5
29,09,2022,16,30,51,27,135,0,5
29,09,2022,16,30,52,27,135,0,0
29,09,2022,16,30,53,27,115,0,0
29,09,2022,16,30,59,26,138,0,0
29,09,2022,16,31,00,26,138,0,4
29,09,2022,16,31,03,26,140,0,0
29,09,2022,16,31,05,25,128,0,0
29,09,2022,16,31,09,25,126,0,6
29,09,2022,16,31,10,24,142,0,6
29,09,2022,16,31,13,24,124,0,4
29,09,2022,16,31,14,24,124,0,0
29,09,2022,16,31,19,40,147,0,0
29,09,2022,16,31,20,40,147,0,5
29,09,2022,16,31,21,24,147,0,5
29,09,2022,16,31,22,24,115,0,4
29,09,2022,16,31,23,24,115,0,0
29,09,2022,16,31,29,24,105,0,5
29,09,2022,16,31,30,24,134,0,5
29,09,2022,16,31,33,24,121,0,5
29,09,2022,16,31,34,24,121,0,0
29,09,2022,16,31,39,42,141,0,0
29,09,2022,16,31,40,42,141,0,5
29,09,2022,16,31,42,18,140,0,5
29,09,2022,16,31,43,18,140,0,0
29,09,2022,16,31,44,17,118,0,0
29,09,2022,16,31,50,17,131,0,0
29,09,2022,16,31,51,17,131,0,5
29,09,2022,16,31,52,17,131,0,0
29,09,2022,16,31,53,18,112,0,0
29,09,2022,16,31,59,17,128,0,0
29,09,2022,16,32,00,17,128,0,5
29,09,2022,16,32,02,18,143,0,5
29,09,2022,16,32,03,18,143,0,0
29,09,2022,16,32,04,18,130,0,0
29,09,2022,16,32,09,18,126,0,7
29,09,2022,16,32,10,17,137,0,7
29,09,2022,16,32,13,18,118,0,5
29,09,2022,16,32,14,18,118,0,0
29,09,2022,16,32,19,60,112,0,0
29,09,2022,16,32,20,60,112,53,4
29,09,2022,16,32,21,60,127,53,4
29,09,2022,16,32,21,60,127,29,6
29,09,2022,16,32,22,34,116,29,6
29,09,2022,16,32,23,34,116,0,0
29,09,2022,16,32,28,0,105,0,0
29,09,2022,16,32,30,46,131,8,0
29,09,2022,16,32,30,46,131,7,6
29,09,2022,16,32,31,45,143,7,6
29,09,2022,16,32,33,41,121,7,6
29,09,2022,16,32,34,41,121,7,0
29,09,2022,16,32,39,45,141,9,0
29,09,2022,16,32,40,45,141,9,5
29,09,2022,16,32,43,46,132,7,0
29,09,2022,16,32,44,41,117,7,0
29,09,2022,16,32,49,32,114,0,5
29,09,2022,16,32,50,31,127,0,5
29,09,2022,16,32,53,31,113,0,5
29,09,2022,16,32,54,31,113,0,0
29,09,2022,16,32,59,31,144,0,0
29,09,2022,16,33,00,31,144,0,6
29,09,2022,16,33,03,29,144,0,0
29,09,2022,16,33,04,28,115,0,0
29,09,2022,16,33,09,28,112,337,5
29,09,2022,16,33,10,115,139,337,5
29,09,2022,16,33,10,115,139,250,5
29,09,2022,16,33,11,94,127,250,5
29,09,2022,16,33,12,94,127,177,5
29,09,2022,16,33,13,82,136,177,5
29,09,2022,16,33,14,82,136,148,5
29,09,2022,16,33,14,63,135,148,5
29,09,2022,16,33,16,60,149,148,4
29,09,2022,16,33,17,60,149,45,5
29,09,2022,16,33,17,43,141,45,5
29,09,2022,16,33,18,43,141,9,0
29,09,2022,16,33,19,152,150,9,0
29,09,2022,16,33,20,152,150,472,5
29,09,2022,16,33,20,103,140,472,5
29,09,2022,16,33,21,103,140,226,4
29,09,2022,16,33,22,87,143,226,4
29,09,2022,16,33,24,80,140,122,5
29,09,2022,16,33,25,57,141,122,5
29,09,2022,16,33,26,57,141,57,5
29,09,2022,16,33,27,62,139,38,4
29,09,2022,16,33,29,52,135,546,6
29,09,2022,16,33,30,129,146,546,6
29,09,2022,16,33,30,129,146,262,6
29,09,2022,16,33,31,104,144,262,6
29,09,2022,16,33,33,88,128,262,5
29,09,2022,16,33,33,88,128,150,4
29,09,2022,16,33,34,58,137,150,4
29,09,2022,16,33,35,58,137,54,5
29,09,2022,16,33,39,153,137,49,5
29,09,2022,16,33,40,153,137,461,5
29,09,2022,16,33,40,98,132,461,5
29,09,2022,16,33,41,98,132,248,5
29,09,2022,16,33,42,85,136,248,5
29,09,2022,16,33,43,85,136,171,5
29,09,2022,16,33,44,83,142,77,5
29,09,2022,16,33,45,58,140,77,5
29,09,2022,16,38,09,0,0,0,0
29,09,2022,16,38,12,187,181,0,0
29,09,2022,16,38,13,187,181,750,60
29,09,2022,16,38,14,167,181,750,60
29,09,2022,16,38,18,158,176,751,29
29,09,2022,16,38,20,155,165,751,29
29,09,2022,16,38,30,147,165,749,18
29,09,2022,16,38,31,149,145,749,18
29,09,2022,16,38,41,150,132,750,6
29,09,2022,16,38,42,150,132,733,5
29,09,2022,16,38,43,114,141,733,5
29,09,2022,16,38,45,114,139,182,5
29,09,2022,16,38,46,75,142,182,5
29,09,2022,16,38,47,75,142,151,5
29,09,2022,16,38,48,76,136,76,4
29,09,2022,16,38,49,47,143,76,4
29,09,2022,16,38,50,47,143,52,6
29,09,2022,16,38,51,47,142,22,6
29,09,2022,16,38,58,32,139,18,5
29,09,2022,16,38,59,32,139,0,4
29,09,2022,16,39,02,26,132,26,6
29,09,2022,16,39,03,46,132,26,6
29,09,2022,16,39,04,46,132,0,6
29,09,2022,16,39,04,30,141,0,6
29,09,2022,16,39,10,29,133,0,0
29,09,2022,16,39,11,27,115,0,0
29,09,2022,16,39,12,45,111,0,0
29,09,2022,16,39,14,30,109,5,0
29,09,2022,16,39,22,29,106,25,0
29,09,2022,16,39,23,41,27,25,0
29,09,2022,16,39,24,41,27,0,0
29,09,2022,16,39,26,30,16,0,0
29,09,2022,16,39,32,48,44,0,0
29,09,2022,16,39,34,29,30,6,1
29,09,2022,16,39,42,26,21,25,0
29,09,2022,16,39,43,38,33,25,0
29,09,2022,16,39,44,38,33,0,0
29,09,2022,16,40,06,41,20,0,0
29,09,2022,16,40,13,41,20,8,4
29,09,2022,16,40,13,36,39,8,4
29,09,2022,16,40,14,36,39,0,0
29,09,2022,16,40,22,33,32,14,0
29,09,2022,16,40,24,32,28,0,0
29,09,2022,16,40,26,21,18,0,0
29,09,2022,16,40,32,34,18,0,0
29,09,2022,16,40,33,52,29,8,1
29,09,2022,16,40,44,20,25,0,0
29,09,2022,16,40,52,34,20,0,0
29,09,2022,16,41,03,43,39,6,0
29,09,2022,16,41,04,17,24,0,0
29,09,2022,16,41,23,37,29,2,0
29,09,2022,16,41,24,17,23,0,0
29,09,2022,16,41,33,28,20,7,1
29,09,2022,16,41,43,30,41,0,0
29,09,2022,16,41,44,33,22,8,0
29,09,2022,16,41,52,21,21,0,0
29,09,2022,16,41,53,21,21,27,1
29,09,2022,16,41,53,45,28,27,1
29,09,2022,16,41,57,52,24,9,0
29,09,2022,16,41,58,40,23,9,0
29,09,2022,16,42,03,44,43,0,0
29,09,2022,16,42,04,45,30,9,0
29,09,2022,16,42,06,22,28,9,0
29,09,2022,16,42,13,17,24,9,6
29,09,2022,16,42,13,44,22,9,6
29,09,2022,16,42,14,44,22,8,0
29,09,2022,16,42,19,29,15,7,0
29,09,2022,16,42,23,33,47,9,0
29,09,2022,16,42,23,33,47,26,0
29,09,2022,16,42,25,38,40,0,0
29,09,2022,16,42,33,33,32,22,6
29,09,2022,16,42,34,30,32,22,0
29,09,2022,16,42,36,25,24,0,0
29,09,2022,16,42,43,36,47,0,0
29,09,2022,16,42,44,32,28,0,0
29,09,2022,16,42,52,31,20,22,6
29,09,2022,16,42,54,33,23,0,0
29,09,2022,16,43,02,50,47,0,0
29,09,2022,16,43,04,37,36,0,0
29,09,2022,16,43,12,37,31,20,6
29,09,2022,16,43,14,35,29,0,0
29,09,2022,16,43,22,32,44,0,0
29,09,2022,16,43,24,32,30,7,0
29,09,2022,16,43,32,25,26,24,5
29,09,2022,16,43,33,42,23,24,5
29,09,2022,16,43,34,42,23,0,0
29,09,2022,16,43,42,51,44,0,0
29,09,2022,16,43,44,55,33,0,0
29,09,2022,16,43,52,0,28,0,0
29,09,2022,16,43,52,0,28,23,6
29,09,2022,16,43,54,0,18,0,0
29,09,2022,16,43,55,37,16,0,0
29,09,2022,16,44,03,41,39,0,0
29,09,2022,16,44,04,33,24,6,0
29,09,2022,16,44,12,31,21,24,5
29,09,2022,16,44,14,31,23,0,0
29,09,2022,16,44,22,44,42,0,0
29,09,2022,16,44,25,34,31,0,0
29,09,2022,16,44,32,32,28,19,0
29,09,2022,16,44,34,32,23,0,0
29,09,2022,16,44,36,0,17,0,0
29,09,2022,16,44,38,35,16,0,0
29,09,2022,16,44,42,48,37,0,0
29,09,2022,16,44,44,22,37,0,0
29,09,2022,16,44,45,20,25,0,0
29,09,2022,16,44,52,19,22,23,5
29,09,2022,16,44,53,41,29,23,5
29,09,2022,16,44,54,41,29,0,0
29,09,2022,16,45,12,31,26,22,5
29,09,2022,16,45,13,47,27,22,5
29,09,2022,16,45,14,47,27,0,0
29,09,2022,16,45,15,27,20,0,0
29,09,2022,16,45,22,50,43,0,0
29,09,2022,16,45,24,36,31,7,0
29,09,2022,16,45,32,35,24,20,5
29,09,2022,16,45,34,45,24,0,0
29,09,2022,16,45,42,58,41,0,0
29,09,2022,16,45,44,33,41,8,0
29,09,2022,16,45,45,31,30,0,0
29,09,2022,16,45,52,30,27,23,6
29,09,2022,16,45,53,48,24,23,6
29,09,2022,16,45,54,48,24,0,6
29,09,2022,16,45,55,41,21,0,0
29,09,2022,16,46,02,50,46,0,0
29,09,2022,16,46,04,44,30,9,0
29,09,2022,16,46,12,44,26,20,7
29,09,2022,16,46,14,53,26,0,0
29,09,2022,16,46,22,56,45,0,0
29,09,2022,16,46,24,40,35,0,0
29,09,2022,16,46,34,29,27,5,0
29,09,2022,16,46,53,43,26,14,0
29,09,2022,16,46,54,43,26,0,0
29,09,2022,16,46,56,39,14,0,0
29,09,2022,16,47,03,42,20,8,4
29,09,2022,16,47,04,30,36,8,4
29,09,2022,16,47,04,30,36,0,0
29,09,2022,16,47,13,41,25,2,0
29,09,2022,16,47,14,20,25,0,0
29,09,2022,16,47,22,32,19,0,0
29,09,2022,16,47,23,32,19,6,5
29,09,2022,16,47,24,32,30,6,5
29,09,2022,16,47,24,32,30,0,0
29,09,2022,16,47,33,47,26,0,0
29,09,2022,16,47,43,50,21,10,5
29,09,2022,16,47,44,29,37,10,5
29,09,2022,16,47,46,29,34,0,0
29,09,2022,16,47,53,46,46,9,0
29,09,2022,16,47,54,36,34,0,0
29,09,2022,16,48,03,45,32,8,5
29,09,2022,16,48,04,32,29,8,5
29,09,2022,16,48,04,32,29,0,0
29,09,2022,16,48,13,43,38,3,0
29,09,2022,16,48,14,20,32,0,0
29,09,2022,16,48,22,31,28,0,0
29,09,2022,16,48,34,47,28,0,0
29,09,2022,16,48,43,47,25,22,6
29,09,2022,16,48,43,28,27,22,6
29,09,2022,16,48,44,28,27,0,0
29,09,2022,16,48,53,40,39,0,0
29,09,2022,16,48,54,37,28,6,0
29,09,2022,16,49,03,35,25,19,5
29,09,2022,16,49,04,29,31,0,0
29,09,2022,16,49,13,31,55,0,0
29,09,2022,16,49,14,15,29,6,0
29,09,2022,16,49,23,14,24,8,6
29,09,2022,16,49,23,33,20,8,6
29,09,2022,16,49,24,33,20,0,0
29,09,2022,16,49,33,38,45,0,0
29,09,2022,16,49,34,31,34,0,0
29,09,2022,16,49,43,30,31,19,6
29,09,2022,16,49,44,37,38,0,0
29,09,2022,16,49,50,35,27,0,0
29,09,2022,16,49,57,24,25,0,0
29,09,2022,16,50,03,24,25,9,6
29,09,2022,16,50,07,18,22,0,0
29,09,2022,16,50,13,44,50,0,0
29,09,2022,16,50,14,21,26,0,0
29,09,2022,16,50,23,21,22,22,3
29,09,2022,16,50,23,43,31,22,3
29,09,2022,16,50,24,43,31,0,0
29,09,2022,16,50,33,37,47,0,0
29,09,2022,16,50,34,27,29,7,0
29,09,2022,16,50,42,21,25,25,6
29,09,2022,16,50,43,44,34,25,6
29,09,2022,16,50,44,44,34,25,0
29,09,2022,16,50,47,47,30,8,0
29,09,2022,16,50,48,34,28,8,0
29,09,2022,16,50,52,50,53,0,0
29,09,2022,16,50,53,50,53,25,1
29,09,2022,16,50,54,46,21,25,1
29,09,2022,16,50,55,46,21,7,0
29,09,2022,16,51,00,35,19,8,0
29,09,2022,16,51,02,33,19,24,5
29,09,2022,16,51,03,47,19,24,5
29,09,2022,16,51,04,47,19,23,0
29,09,2022,16,51,05,28,29,23,0
29,09,2022,16,51,06,28,29,0,0
29,09,2022,16,51,12,44,50,0,0
29,09,2022,16,51,14,36,27,6,0
29,09,2022,16,51,22,35,23,0,6
29,09,2022,16,51,23,27,37,0,6
29,09,2022,16,51,24,27,37,0,0
29,09,2022,16,51,25,15,33,0,0
29,09,2022,16,51,32,44,51,0,0
29,09,2022,16,51,34,38,23,5,0
29,09,2022,16,51,42,36,19,19,5
29,09,2022,16,51,43,52,35,19,5
29,09,2022,16,51,44,52,35,0,0
29,09,2022,16,51,45,37,30,0,0
29,09,2022,16,51,52,53,28,0,0
29,09,2022,16,51,54,28,22,7,1
29,09,2022,16,52,02,26,19,26,5
29,09,2022,16,52,03,42,37,26,5
29,09,2022,16,52,04,42,37,0,0
29,09,2022,16,52,06,31,32,0,0
29,09,2022,16,52,12,44,44,0,0
29,09,2022,16,52,14,23,29,7,1
29,09,2022,16,52,22,21,25,25,0
29,09,2022,16,52,23,39,29,25,0
29,09,2022,16,52,24,39,29,0,0
29,09,2022,16,52,35,28,31,0,0
29,09,2022,16,52,42,27,28,21,6
29,09,2022,16,52,44,35,28,0,0
29,09,2022,16,52,46,35,0,0,0
29,09,2022,16,52,48,35,22,0,0
29,09,2022,16,52,52,48,39,0,0
29,09,2022,16,52,54,28,30,9,0
29,09,2022,16,53,02,25,26,25,6
29,09,2022,16,53,03,41,39,25,6
29,09,2022,16,53,04,41,39,0,0
29,09,2022,16,53,06,40,27,0,0
29,09,2022,16,53,11,40,0,0,0
29,09,2022,16,53,12,55,46,0,0
29,09,2022,16,53,14,25,22,7,0
29,09,2022,16,53,22,22,20,0,6
29,09,2022,16,53,23,42,26,0,6
29,09,2022,16,53,24,42,26,0,0
29,09,2022,16,53,33,47,23,9,6
29,09,2022,16,53,34,39,22,0,0
29,09,2022,16,53,43,46,40,6,0
29,09,2022,16,53,44,19,26,6,0
29,09,2022,16,53,54,33,22,8,1
29,09,2022,16,54,03,44,40,4,0
29,09,2022,16,54,04,26,25,0,0
29,09,2022,16,54,13,23,27,9,5
29,09,2022,16,54,14,49,17,9,5
29,09,2022,16,54,14,49,17,0,0
29,09,2022,16,54,18,38,14,0,0
29,09,2022,16,54,23,48,42,0,0
29,09,2022,16,54,24,40,19,0,0
29,09,2022,16,54,33,46,18,7,5
29,09,2022,16,54,34,38,26,0,0
29,09,2022,16,54,47,39,13,0,0
29,09,2022,16,54,54,47,27,9,1
29,09,2022,16,55,04,24,22,0,0
29,09,2022,16,55,13,28,21,0,5
29,09,2022,16,55,14,36,31,0,0
29,09,2022,16,55,33,34,23,9,6
29,09,2022,16,55,33,47,24,9,6
29,09,2022,16,55,34,47,24,0,0
29,09,2022,16,55,43,45,42,0,0
29,09,2022,16,55,44,19,26,0,0
29,09,2022,16,55,53,17,25,8,6
29,09,2022,16,55,53,39,21,8,6
29,09,2022,16,55,54,39,21,0,0
29,09,2022,16,56,03,41,46,0,0
29,09,2022,16,56,04,32,18,0,0
29,09,2022,16,56,06,0,17,0,0
29,09,2022,16,56,07,31,17,0,0
29,09,2022,16,56,09,0,17,0,0
29,09,2022,16,56,10,31,17,0,0
29,09,2022,16,56,13,31,17,10,4
29,09,2022,16,56,13,37,29,10,4
29,09,2022,16,56,14,37,29,0,0
29,09,2022,16,56,15,26,27,0,0
29,09,2022,16,56,23,56,24,0,0
29,09,2022,16,56,24,0,22,0,0
29,09,2022,16,56,26,36,20,0,0
29,09,2022,16,56,33,35,19,10,5
29,09,2022,16,56,34,42,19,0,0
29,09,2022,16,56,43,46,36,0,0
29,09,2022,16,56,44,21,18,0,0
29,09,2022,16,56,53,19,18,24,6
29,09,2022,16,56,54,19,18,0,0
29,09,2022,16,56,55,39,20,0,0
29,09,2022,16,57,03,42,34,0,0
29,09,2022,16,57,04,23,29,0,0
29,09,2022,16,57,12,22,23,0,7
29,09,2022,16,57,13,36,30,0,7
29,09,2022,16,57,14,36,30,0,0
29,09,2022,16,57,23,45,45,0,0
29,09,2022,16,57,24,35,30,6,0
29,09,2022,16,57,33,33,26,10,6
29,09,2022,16,57,34,41,32,0,0
29,09,2022,16,57,38,30,24,0,0
29,09,2022,16,57,43,44,51,0,0
29,09,2022,16,57,44,22,24,0,0
29,09,2022,16,57,52,20,20,6,6
29,09,2022,16,57,53,44,29,6,6
29,09,2022,16,57,54,44,29,5,0
29,09,2022,16,57,55,33,25,5,0
29,09,2022,16,58,02,47,45,0,0
29,09,2022,16,58,04,35,16,8,1
29,09,2022,16,58,12,30,15,7,5
29,09,2022,16,58,13,28,26,7,5
29,09,2022,16,58,14,28,26,7,0
29,09,2022,16,58,18,17,20,0,0
29,09,2022,16,58,22,46,40,0,0
29,09,2022,16,58,24,27,25,9,1
29,09,2022,16,58,32,24,20,26,0
29,09,2022,16,58,34,33,24,0,0
29,09,2022,16,58,39,28,13,0,0
29,09,2022,16,58,42,46,34,0,0
29,09,2022,16,58,50,35,28,0,0
29,09,2022,16,58,52,35,27,24,7
29,09,2022,16,58,54,26,22,0,0
29,09,2022,16,58,55,15,22,0,0
29,09,2022,16,59,02,44,39,0,0
29,09,2022,16,59,03,44,39,29,6
29,09,2022,16,59,04,48,23,29,6
29,09,2022,16,59,05,48,23,27,0
29,09,2022,16,59,05,61,21,27,0
29,09,2022,16,59,07,45,19,27,0
29,09,2022,16,59,08,45,19,0,0
29,09,2022,16,59,09,25,19,0,0
29,09,2022,16,59,12,24,18,25,6
29,09,2022,16,59,13,42,36,25,6
29,09,2022,16,59,14,42,36,9,0
29,09,2022,16,59,22,42,49,0,0
29,09,2022,16,59,24,44,22,9,1
29,09,2022,16,59,30,33,20,8,0
29,09,2022,16,59,32,32,19,34,5
29,09,2022,16,59,34,31,29,0,0
29,09,2022,16,59,42,40,41,0,0
29,09,2022,16,59,44,44,20,9,0
29,09,2022,16,59,47,33,18,0,0
29,09,2022,16,59,52,33,17,12,0
29,09,2022,16,59,53,38,38,12,0
29,09,2022,16,59,54,38,38,0,0
29,09,2022,16,59,55,34,18,0,0
29,09,2022,17,00,03,34,20,9,5
29,09,2022,17,00,04,21,29,9,5
29,09,2022,17,00,05,21,29,0,0
29,09,2022,17,00,13,44,32,8,0
29,09,2022,17,00,15,24,23,0,0
29,09,2022,17,00,22,35,24,0,0
29,09,2022,17,00,23,35,24,57,4
29,09,2022,17,00,24,56,21,57,4
29,09,2022,17,00,25,56,21,57,0
29,09,2022,17,00,26,50,18,0,0
29,09,2022,17,00,33,52,35,0,0
29,09,2022,17,00,34,52,35,26,0
29,09,2022,17,00,35,45,24,26,0
29,09,2022,17,00,37,50,22,8,0
29,09,2022,17,00,38,21,21,8,0
29,09,2022,17,00,43,22,23,48,5
29,09,2022,17,00,44,56,14,48,5
29,09,2022,17,00,45,56,14,9,0
29,09,2022,17,00,45,24,12,9,0
29,09,2022,17,00,53,42,43,0,0
29,09,2022,17,00,54,42,43,29,0
29,09,2022,17,00,55,49,18,29,0
29,09,2022,17,00,58,43,15,5,0
29,09,2022,17,01,04,36,26,9,1
29,09,2022,17,01,16,26,15,0,0
29,09,2022,17,01,23,31,14,8,5
29,09,2022,17,01,24,31,37,8,5
29,09,2022,17,01,24,31,37,0,0
29,09,2022,17,01,25,17,34,0,0
29,09,2022,17,01,33,43,39,5,0
29,09,2022,17,01,34,29,28,0,0
29,09,2022,17,01,43,38,28,9,6
29,09,2022,17,01,44,38,18,0,0
29,09,2022,17,01,48,27,12,0,0
29,09,2022,17,01,53,37,45,1,0
29,09,2022,17,01,54,36,27,1,0
29,09,2022,17,02,02,47,27,0,0
29,09,2022,17,02,03,47,27,0,4
29,09,2022,17,02,04,31,30,0,4
29,09,2022,17,02,04,31,30,0,0
29,09,2022,17,02,21,28,19,0,0
29,09,2022,17,02,23,28,20,8,5
29,09,2022,17,02,24,42,24,8,5
29,09,2022,17,02,24,42,24,0,0
29,09,2022,17,02,33,45,37,0,0
29,09,2022,17,02,36,53,22,0,0
29,09,2022,17,02,43,52,20,23,6
29,09,2022,17,02,44,50,15,0,0
29,09,2022,17,02,53,49,40,0,0
29,09,2022,17,02,54,29,40,0,0
29,09,2022,17,02,57,28,28,0,0
29,09,2022,17,03,01,28,0,0,0
29,09,2022,17,03,02,28,26,0,0
29,09,2022,17,03,03,28,26,0,6
29,09,2022,17,03,04,28,26,0,0
29,09,2022,17,03,05,39,26,0,0
29,09,2022,17,03,13,56,39,0,0
29,09,2022,17,03,14,36,23,0,0
29,09,2022,17,03,23,35,19,22,5
29,09,2022,17,03,23,39,36,22,5
29,09,2022,17,03,24,39,36,0,0
29,09,2022,17,03,37,28,26,0,0
29,09,2022,17,03,43,28,23,9,7
29,09,2022,17,03,44,32,27,0,0
29,09,2022,17,03,46,21,23,0,0
29,09,2022,17,03,53,52,41,0,0
29,09,2022,17,03,59,46,30,0,0
29,09,2022,17,04,03,46,30,10,6
29,09,2022,17,04,04,45,26,0,0
29,09,2022,17,04,05,33,24,0,0
29,09,2022,17,04,13,46,41,0,0
29,09,2022,17,04,14,30,41,6,1
29,09,2022,17,04,16,28,15,0,0
29,09,2022,17,04,23,27,14,9,6
29,09,2022,17,04,23,35,29,9,6
29,09,2022,17,04,26,25,25,0,0
29,09,2022,17,04,33,50,31,0,0
29,09,2022,17,04,43,49,21,10,6
29,09,2022,17,04,44,43,27,0,0
29,09,2022,17,04,48,32,22,0,0
29,09,2022,17,04,53,50,39,0,0
29,09,2022,17,04,53,50,39,8,6
29,09,2022,17,04,54,35,25,8,6
29,09,2022,17,04,55,35,25,0,0
29,09,2022,17,05,03,32,19,7,6
29,09,2022,17,05,03,32,31,7,6
29,09,2022,17,05,04,32,31,6,0
29,09,2022,17,05,11,36,20,0,0
29,09,2022,17,05,12,42,42,0,0
29,09,2022,17,05,13,42,42,7,5
29,09,2022,17,05,14,42,24,7,5
29,09,2022,17,05,15,42,24,0,0
29,09,2022,17,05,22,35,19,23,5
29,09,2022,17,05,24,44,28,0,5
29,09,2022,17,05,25,22,22,0,5
29,09,2022,17,05,26,22,22,0,0
29,09,2022,17,05,32,47,41,0,0
29,09,2022,17,05,34,32,30,8,1
29,09,2022,17,05,42,29,24,8,5
29,09,2022,17,05,43,47,22,8,5
29,09,2022,17,05,44,47,22,7,0
29,09,2022,17,05,45,34,17,7,0
29,09,2022,17,05,52,41,39,0,0
29,09,2022,17,05,53,41,39,9,6
29,09,2022,17,05,54,54,24,9,6
29,09,2022,17,05,55,54,24,0,0
29,09,2022,17,06,00,43,22,0,0
29,09,2022,17,06,02,43,22,22,6
29,09,2022,17,06,03,42,33,22,6
29,09,2022,17,06,04,42,33,0,0
29,09,2022,17,06,05,26,28,0,0
29,09,2022,17,06,12,32,47,0,0
29,09,2022,17,06,14,29,20,8,1
29,09,2022,17,06,16,17,19,0,0
29,09,2022,17,06,22,15,19,7,5
29,09,2022,17,06,23,36,33,7,5
29,09,2022,17,06,24,36,33,6,0
29,09,2022,17,06,25,27,19,6,0
29,09,2022,17,06,33,33,17,9,5
29,09,2022,17,06,34,35,29,9,5
29,09,2022,17,06,35,35,29,0,0
29,09,2022,17,06,46,37,17,0,0
29,09,2022,17,06,52,46,42,0,0
29,09,2022,17,06,53,46,42,8,4
29,09,2022,17,06,54,29,18,8,4
29,09,2022,17,06,55,29,18,0,0
29,09,2022,17,07,03,37,41,4,0
29,09,2022,17,07,05,23,29,0,0
29,09,2022,17,07,13,24,26,8,5
29,09,2022,17,07,14,25,37,8,5
29,09,2022,17,07,15,25,37,0,0
29,09,2022,17,07,23,45,37,0,0
29,09,2022,17,07,24,45,37,30,0
29,09,2022,17,07,25,47,25,30,0
29,09,2022,17,07,28,49,23,0,0
29,09,2022,17,07,29,36,22,0,0
29,09,2022,17,07,31,0,23,0,0
