30,09,2022,11,21,58,0,2,641,376
30,09,2022,11,21,58,206,218,641,376
30,09,2022,11,21,59,206,218,750,332
30,09,2022,11,22,00,177,188,750,332
30,09,2022,11,22,01,177,188,750,236
30,09,2022,11,22,02,181,145,750,236
30,09,2022,11,22,03,181,145,750,164
30,09,2022,11,22,03,186,120,750,164
30,09,2022,11,22,04,186,120,750,61
30,09,2022,11,22,05,179,82,750,61
30,09,2022,11,22,09,180,61,750,61
30,09,2022,11,22,10,180,61,750,29
30,09,2022,11,22,12,169,60,750,29
30,09,2022,11,22,15,170,62,751,32
30,09,2022,11,22,19,166,62,747,29
30,09,2022,11,22,21,164,62,750,18
30,09,2022,11,22,22,169,50,750,18
30,09,2022,11,22,30,168,58,750,6
30,09,2022,11,22,31,164,42,750,6
30,09,2022,11,22,49,133,41,749,6
30,09,2022,11,22,50,133,41,374,6
30,09,2022,11,22,51,98,47,374,6
30,09,2022,11,22,52,98,47,185,6
30,09,2022,11,22,52,79,38,185,6
30,09,2022,11,22,53,79,38,150,6
30,09,2022,11,22,54,57,34,150,6
30,09,2022,11,22,55,57,34,74,4
30,09,2022,11,22,56,58,37,56,0
30,09,2022,11,22,57,46,37,56,0
30,09,2022,11,22,58,46,37,9,0
30,09,2022,11,22,58,27,170,9,0
30,09,2022,11,22,59,27,170,0,5
30,09,2022,11,23,00,27,139,0,5
30,09,2022,11,23,01,27,139,0,0
30,09,2022,11,23,08,40,165,0,0
30,09,2022,11,23,08,40,165,26,6
30,09,2022,11,23,10,41,155,28,0
30,09,2022,11,23,11,48,130,28,0
30,09,2022,11,23,13,45,126,9,0
30,09,2022,11,23,15,18,124,0,0
30,09,2022,11,23,18,16,123,7,6
30,09,2022,11,23,18,16,151,7,6
30,09,2022,11,23,20,28,151,0,5
30,09,2022,11,23,21,28,151,0,0
30,09,2022,11,23,22,27,139,0,0
30,09,2022,11,23,28,36,172,0,0
30,09,2022,11,23,29,36,172,7,5
30,09,2022,11,23,29,32,159,7,5
30,09,2022,11,23,30,32,159,0,0
30,09,2022,11,23,31,28,134,0,0
30,09,2022,11,23,38,28,128,8,6
30,09,2022,11,23,38,32,155,8,6
30,09,2022,11,23,40,38,138,0,6
30,09,2022,11,23,41,38,138,0,0
30,09,2022,11,23,48,40,159,0,0
30,09,2022,11,23,48,40,159,9,4
30,09,2022,11,23,50,41,149,0,0
30,09,2022,11,23,52,40,134,0,0
30,09,2022,11,23,58,42,147,0,0
30,09,2022,11,23,59,42,147,5,5
30,09,2022,11,24,00,36,128,5,5
30,09,2022,11,24,01,36,128,0,0
30,09,2022,11,24,05,35,117,0,0
30,09,2022,11,24,08,42,118,8,5
30,09,2022,11,24,09,37,145,8,5
30,09,2022,11,24,11,34,128,0,5
30,09,2022,11,24,11,34,128,0,0
30,09,2022,11,24,18,36,148,0,0
30,09,2022,11,24,19,36,148,4,5
30,09,2022,11,24,20,23,131,4,5
30,09,2022,11,24,21,23,131,0,0
30,09,2022,11,24,26,23,120,0,0
30,09,2022,11,24,28,28,130,8,5
30,09,2022,11,24,29,32,152,8,5
30,09,2022,11,24,30,32,152,0,0
30,09,2022,11,24,31,19,0,0,0
30,09,2022,11,24,32,19,118,0,0
30,09,2022,11,24,38,38,146,0,0
30,09,2022,11,24,39,38,146,6,5
30,09,2022,11,24,41,31,138,0,0
30,09,2022,11,24,43,29,127,0,0
30,09,2022,11,24,48,32,126,9,5
30,09,2022,11,24,49,44,147,9,5
30,09,2022,11,24,50,44,147,0,0
30,09,2022,11,24,51,16,121,0,0
30,09,2022,11,24,58,32,137,0,0
30,09,2022,11,24,59,32,137,5,5
30,09,2022,11,25,01,31,134,0,0
30,09,2022,11,25,08,32,127,9,5
30,09,2022,11,25,09,32,138,9,5
30,09,2022,11,25,10,32,138,0,0
30,09,2022,11,25,19,39,142,6,6
30,09,2022,11,25,20,28,124,6,6
30,09,2022,11,25,21,28,124,0,0
30,09,2022,11,25,29,32,143,7,0
30,09,2022,11,25,31,34,125,0,0
30,09,2022,11,25,38,38,138,0,0
30,09,2022,11,25,39,38,138,7,5
30,09,2022,11,25,40,29,122,7,5
30,09,2022,11,25,40,29,122,0,0
30,09,2022,11,25,48,39,119,8,5
30,09,2022,11,25,49,44,138,8,5
30,09,2022,11,25,50,26,128,0,5
30,09,2022,11,25,51,26,128,0,0
30,09,2022,11,25,58,43,151,0,0
30,09,2022,11,25,59,43,151,9,5
30,09,2022,11,26,00,20,135,9,5
30,09,2022,11,26,01,20,135,0,0
30,09,2022,11,26,08,29,138,0,5
30,09,2022,11,26,10,37,142,0,0
30,09,2022,11,26,10,24,126,0,0
30,09,2022,11,26,18,47,151,0,0
30,09,2022,11,26,19,47,151,0,5
30,09,2022,11,26,20,22,140,0,5
30,09,2022,11,26,20,22,140,0,0
30,09,2022,11,26,21,20,118,0,0
30,09,2022,11,26,28,20,113,9,5
30,09,2022,11,26,29,60,144,9,5
30,09,2022,11,26,31,60,131,0,5
30,09,2022,11,26,31,60,131,0,0
30,09,2022,11,26,32,14,131,0,0
30,09,2022,11,26,38,47,142,0,0
30,09,2022,11,26,39,47,142,7,4
30,09,2022,11,26,40,47,142,0,0
30,09,2022,11,26,41,28,125,0,0
30,09,2022,11,26,48,27,123,7,5
30,09,2022,11,26,49,44,146,7,5
30,09,2022,11,26,50,14,136,0,4
30,09,2022,11,26,51,14,136,0,0
30,09,2022,11,26,58,45,141,0,0
30,09,2022,11,26,59,45,141,8,5
30,09,2022,11,27,00,21,141,8,5
30,09,2022,11,27,00,21,141,0,0
30,09,2022,11,27,01,19,120,0,0
30,09,2022,11,27,08,18,115,7,5
30,09,2022,11,27,09,40,138,7,5
30,09,2022,11,27,10,22,120,0,4
30,09,2022,11,27,11,22,120,0,0
30,09,2022,11,27,18,39,143,0,0
30,09,2022,11,27,19,39,143,7,6
30,09,2022,11,27,20,30,141,0,0
30,09,2022,11,27,23,29,122,0,0
30,09,2022,11,27,28,29,120,7,5
30,09,2022,11,27,29,33,144,7,5
30,09,2022,11,27,30,28,126,0,3
30,09,2022,11,27,34,28,122,0,0
30,09,2022,11,27,38,37,152,0,0
30,09,2022,11,27,39,37,152,8,5
30,09,2022,11,27,40,20,139,8,5
30,09,2022,11,27,41,19,121,0,5
30,09,2022,11,27,43,19,121,0,0
30,09,2022,11,27,48,19,117,9,5
30,09,2022,11,27,49,44,130,9,5
30,09,2022,11,27,50,18,123,0,4
30,09,2022,11,27,51,18,123,0,0
30,09,2022,11,27,58,48,144,0,0
30,09,2022,11,27,59,48,144,7,5
30,09,2022,11,28,00,29,120,7,5
30,09,2022,11,28,02,28,113,0,0
30,09,2022,11,28,08,27,110,7,6
30,09,2022,11,28,09,43,140,7,6
30,09,2022,11,28,10,36,128,0,4
30,09,2022,11,28,11,36,128,0,0
30,09,2022,11,28,18,49,138,0,0
30,09,2022,11,28,19,49,138,5,4
30,09,2022,11,28,20,40,138,0,0
30,09,2022,11,28,21,40,124,0,0
30,09,2022,11,28,28,40,119,9,6
30,09,2022,11,28,29,53,139,9,6
30,09,2022,11,28,30,46,124,0,5
30,09,2022,11,28,34,45,121,0,0
30,09,2022,11,28,38,57,152,0,0
30,09,2022,11,28,39,57,152,9,5
30,09,2022,11,28,39,28,125,9,5
30,09,2022,11,28,42,26,119,0,0
30,09,2022,11,28,48,25,116,0,5
30,09,2022,11,28,49,45,145,0,5
30,09,2022,11,28,50,48,117,0,5
30,09,2022,11,28,51,48,117,0,0
30,09,2022,11,28,58,47,145,0,0
30,09,2022,11,28,59,47,145,8,5
30,09,2022,11,29,02,50,140,0,0
30,09,2022,11,29,02,50,126,0,0
30,09,2022,11,29,08,50,123,9,6
30,09,2022,11,29,09,58,139,9,6
30,09,2022,11,29,10,26,135,0,5
30,09,2022,11,29,11,26,135,0,0
30,09,2022,11,29,18,54,160,0,0
30,09,2022,11,29,19,54,160,7,5
30,09,2022,11,29,19,33,152,7,5
30,09,2022,11,29,20,33,152,0,0
30,09,2022,11,29,21,31,134,0,0
30,09,2022,11,29,28,31,130,7,6
30,09,2022,11,29,29,37,152,7,6
30,09,2022,11,29,30,40,130,0,5
30,09,2022,11,29,31,40,130,0,0
30,09,2022,11,29,38,49,154,0,0
30,09,2022,11,29,39,49,154,0,4
30,09,2022,11,29,40,49,154,0,0
30,09,2022,11,29,41,39,131,0,0
30,09,2022,11,29,48,39,127,8,5
30,09,2022,11,29,49,53,160,8,5
30,09,2022,11,29,50,53,137,0,5
30,09,2022,11,29,51,53,137,0,0
30,09,2022,11,29,52,34,131,0,0
30,09,2022,11,29,58,53,156,0,0
30,09,2022,11,29,59,53,156,7,5
30,09,2022,11,29,59,35,167,7,5
30,09,2022,11,30,00,35,167,0,0
30,09,2022,11,30,01,35,139,0,0
30,09,2022,11,30,08,35,136,8,6
30,09,2022,11,30,11,40,136,0,0
30,09,2022,11,30,18,38,161,0,0
30,09,2022,11,30,19,38,161,9,5
30,09,2022,11,30,19,31,143,9,5
30,09,2022,11,30,20,31,143,0,0
30,09,2022,11,30,22,29,118,0,0
30,09,2022,11,30,28,29,116,7,5
30,09,2022,11,30,29,50,145,7,5
30,09,2022,11,30,30,25,121,0,6
30,09,2022,11,30,31,25,121,0,0
30,09,2022,11,30,38,48,150,0,0
30,09,2022,11,30,39,48,150,7,6
30,09,2022,11,30,39,26,141,7,6
30,09,2022,11,30,41,24,128,0,6
30,09,2022,11,30,42,24,128,0,0
30,09,2022,11,30,48,24,124,6,5
30,09,2022,11,30,48,47,146,6,5
30,09,2022,11,30,50,52,121,0,6
30,09,2022,11,30,51,52,121,0,0
30,09,2022,11,30,58,54,148,0,0
30,09,2022,11,30,58,54,148,9,5
30,09,2022,11,30,59,38,142,9,5
30,09,2022,11,31,02,36,142,0,0
30,09,2022,11,31,02,36,122,0,0
30,09,2022,11,31,08,35,121,8,6
30,09,2022,11,31,08,50,147,8,6
30,09,2022,11,31,10,34,147,0,4
30,09,2022,11,31,11,34,147,0,0
30,09,2022,11,31,13,33,120,0,0
30,09,2022,11,31,18,37,121,7,6
30,09,2022,11,31,19,33,144,7,6
30,09,2022,11,31,20,33,144,0,0
30,09,2022,11,31,21,30,114,0,0
30,09,2022,11,31,28,49,142,0,0
30,09,2022,11,31,29,49,142,6,5
30,09,2022,11,31,30,38,135,6,5
30,09,2022,11,31,31,38,135,0,0
30,09,2022,11,31,38,46,129,8,5
30,09,2022,11,31,39,46,143,8,5
30,09,2022,11,31,40,46,143,0,0
30,09,2022,11,31,41,42,123,0,0
30,09,2022,11,31,48,47,151,0,0
30,09,2022,11,31,49,47,151,0,5
30,09,2022,11,31,50,25,140,0,5
30,09,2022,11,31,51,25,140,0,0
30,09,2022,11,31,58,33,137,9,5
30,09,2022,11,32,00,32,138,0,0
30,09,2022,11,32,01,16,114,0,0
30,09,2022,11,32,08,37,148,0,0
30,09,2022,11,32,09,37,148,7,5
30,09,2022,11,32,10,26,131,7,5
30,09,2022,11,32,11,26,131,0,0
30,09,2022,11,32,13,24,120,0,0
30,09,2022,11,32,18,29,120,9,5
30,09,2022,11,32,19,42,141,9,5
30,09,2022,11,32,20,42,141,0,0
30,09,2022,11,32,21,29,121,0,0
30,09,2022,11,32,28,44,140,0,0
30,09,2022,11,32,29,44,140,7,5
30,09,2022,11,32,30,36,124,7,5
30,09,2022,11,32,31,36,124,0,0
30,09,2022,11,32,38,40,121,7,5
30,09,2022,11,32,39,44,138,7,5
30,09,2022,11,32,40,44,138,0,0
30,09,2022,11,32,44,37,127,0,0
30,09,2022,11,32,48,43,140,0,0
30,09,2022,11,32,49,43,140,7,5
30,09,2022,11,32,50,29,120,7,5
30,09,2022,11,32,51,29,120,0,0
30,09,2022,11,32,58,30,113,7,5
30,09,2022,11,32,59,32,144,7,5
30,09,2022,11,33,01,25,122,0,5
30,09,2022,11,33,03,25,120,0,0
30,09,2022,11,33,08,98,35,4,0
30,09,2022,11,33,09,98,35,184,6
30,09,2022,11,33,11,99,42,151,6
30,09,2022,11,33,12,92,46,74,6
30,09,2022,11,33,13,71,43,74,6
30,09,2022,11,33,14,71,43,56,6
30,09,2022,11,33,15,71,37,34,6
30,09,2022,11,33,16,43,34,34,6
30,09,2022,11,33,17,43,34,0,6
30,09,2022,11,33,18,29,39,0,6
30,09,2022,11,33,18,29,39,352,7
30,09,2022,11,33,19,113,45,352,7
30,09,2022,11,33,20,113,45,184,7
30,09,2022,11,33,21,98,39,184,7
30,09,2022,11,33,21,98,39,150,5
30,09,2022,11,33,23,100,40,75,6
30,09,2022,11,33,24,70,45,75,6
30,09,2022,11,33,25,70,45,54,6
30,09,2022,11,33,25,56,43,54,6
30,09,2022,11,33,26,56,43,29,5
30,09,2022,11,33,27,33,37,29,5
30,09,2022,11,33,28,33,37,0,6
30,09,2022,11,33,28,136,50,0,6
30,09,2022,11,33,29,136,50,0,19
30,09,2022,11,33,30,100,56,0,19
30,09,2022,11,33,31,100,56,183,17
30,09,2022,11,33,32,100,56,150,18
30,09,2022,11,33,33,67,45,150,18
30,09,2022,11,33,34,67,45,73,5
30,09,2022,11,33,35,59,41,44,6
30,09,2022,11,33,37,49,35,8,7
30,09,2022,11,33,38,44,46,8,7
30,09,2022,11,33,38,44,46,8,17
30,09,2022,11,33,39,113,55,8,17
30,09,2022,11,33,40,113,55,184,19
30,09,2022,11,33,41,88,58,184,19
30,09,2022,11,33,41,88,58,150,17
30,09,2022,11,33,43,84,58,75,18
30,09,2022,11,33,44,70,55,75,18
30,09,2022,11,33,44,70,55,57,7
30,09,2022,11,33,45,63,38,57,7
30,09,2022,11,33,46,63,38,20,6
30,09,2022,11,33,47,45,40,20,6
30,09,2022,11,33,47,45,40,0,6
30,09,2022,11,33,48,139,58,0,6
30,09,2022,11,33,49,139,58,252,18
30,09,2022,11,33,50,98,51,252,18
30,09,2022,11,33,51,98,51,182,18
30,09,2022,11,33,52,100,51,152,18
30,09,2022,11,33,53,68,58,152,18
30,09,2022,11,33,54,68,58,77,17
30,09,2022,11,33,55,57,53,77,17
30,09,2022,11,33,55,57,53,50,7
30,09,2022,11,33,57,50,44,5,6
30,09,2022,11,33,57,34,44,5,6
30,09,2022,11,33,58,34,44,373,6
30,09,2022,11,33,59,115,48,373,6
30,09,2022,11,34,00,115,48,186,20
30,09,2022,11,34,01,100,57,186,20
30,09,2022,11,34,01,100,57,150,17
30,09,2022,11,34,02,88,49,150,17
30,09,2022,11,34,03,88,49,77,17
30,09,2022,11,34,04,66,51,77,17
30,09,2022,11,34,05,66,51,54,19
30,09,2022,11,34,05,54,37,54,19
30,09,2022,11,34,06,54,37,32,7
30,09,2022,11,34,07,37,45,32,7
30,09,2022,11,34,07,37,45,1,5
30,09,2022,11,34,08,141,58,1,5
30,09,2022,11,34,09,141,58,258,18
30,09,2022,11,34,10,101,50,258,18
30,09,2022,11,34,10,101,50,179,18
30,09,2022,11,34,11,87,51,179,18
30,09,2022,11,34,12,87,51,152,19
30,09,2022,11,34,13,67,52,152,19
30,09,2022,11,34,14,67,52,75,18
30,09,2022,11,34,15,59,55,48,13
30,09,2022,11,34,16,52,41,48,13
30,09,2022,11,34,17,52,41,8,6
30,09,2022,11,34,17,34,47,8,6
30,09,2022,11,34,18,34,47,376,18
30,09,2022,11,34,19,113,53,376,18
30,09,2022,11,34,20,113,53,184,17
30,09,2022,11,34,21,100,57,184,17
30,09,2022,11,34,21,100,57,149,18
30,09,2022,11,34,23,92,52,81,19
30,09,2022,11,34,24,69,57,81,19
30,09,2022,11,34,24,69,57,56,18
30,09,2022,11,34,25,58,47,56,18
30,09,2022,11,34,26,58,47,32,7
30,09,2022,11,34,27,48,46,0,6
30,09,2022,11,34,28,135,58,0,6
30,09,2022,11,34,29,135,58,0,17
30,09,2022,11,34,30,99,51,0,17
30,09,2022,11,34,30,99,51,181,17
30,09,2022,11,34,31,81,48,181,17
30,09,2022,11,34,32,81,48,150,19
30,09,2022,11,34,33,65,52,150,19
30,09,2022,11,34,34,65,52,76,19
30,09,2022,11,34,35,59,50,49,7
30,09,2022,11,34,36,79,45,49,7
30,09,2022,11,34,37,79,45,9,5
30,09,2022,11,34,37,38,34,9,5
30,09,2022,11,34,38,38,34,372,17
30,09,2022,11,34,39,112,43,372,17
30,09,2022,11,34,40,112,43,188,19
30,09,2022,11,34,40,91,53,188,19
30,09,2022,11,34,41,91,53,149,19
30,09,2022,11,34,43,92,50,79,18
30,09,2022,11,34,44,92,53,54,18
30,09,2022,11,34,45,55,44,54,18
30,09,2022,11,34,46,55,44,36,5
30,09,2022,11,34,47,35,37,36,5
30,09,2022,11,34,47,35,37,0,6
30,09,2022,11,34,48,136,52,0,6
30,09,2022,11,34,49,136,52,249,18
30,09,2022,11,34,50,101,53,249,18
30,09,2022,11,34,50,101,53,183,18
30,09,2022,11,34,51,90,50,183,18
30,09,2022,11,34,52,90,50,151,18
30,09,2022,11,34,53,67,55,151,18
30,09,2022,11,34,55,59,57,46,6
30,09,2022,11,34,56,52,45,46,6
30,09,2022,11,34,57,52,45,9,6
30,09,2022,11,34,57,39,44,9,6
30,09,2022,11,34,58,39,44,376,6
30,09,2022,11,34,59,116,55,376,6
30,09,2022,11,35,00,116,55,190,17
30,09,2022,11,35,00,95,54,190,17
30,09,2022,11,35,01,95,54,149,19
30,09,2022,11,35,03,95,55,75,17
30,09,2022,11,35,03,70,54,75,17
30,09,2022,11,35,04,70,54,55,18
30,09,2022,11,35,05,58,45,55,18
30,09,2022,11,35,06,58,45,35,7
30,09,2022,11,35,07,47,47,35,7
30,09,2022,11,35,07,47,47,0,5
30,09,2022,11,35,08,142,52,0,5
30,09,2022,11,35,09,142,52,0,17
30,09,2022,11,35,10,97,53,0,17
30,09,2022,11,35,10,97,53,183,18
30,09,2022,11,35,12,91,45,151,18
30,09,2022,11,35,13,71,54,151,18
30,09,2022,11,35,14,56,50,151,17
30,09,2022,11,35,15,56,50,45,7
30,09,2022,11,35,17,51,40,11,6
30,09,2022,11,35,18,46,41,372,18
30,09,2022,11,35,19,113,47,372,18
30,09,2022,11,35,20,113,47,187,18
30,09,2022,11,35,20,95,47,187,18
30,09,2022,11,35,21,95,47,152,18
30,09,2022,11,35,23,65,48,152,18
30,09,2022,11,35,24,65,48,55,19
30,09,2022,11,35,25,54,36,55,19
30,09,2022,11,35,26,54,36,33,7
30,09,2022,11,35,27,30,43,33,7
30,09,2022,11,35,27,30,43,0,6
30,09,2022,11,35,28,144,52,0,6
30,09,2022,11,35,29,144,52,252,17
30,09,2022,11,35,30,98,54,252,17
30,09,2022,11,35,30,98,54,184,19
30,09,2022,11,35,31,86,56,184,19
30,09,2022,11,35,32,86,56,150,18
30,09,2022,11,35,33,67,59,150,18
30,09,2022,11,35,33,67,59,75,17
30,09,2022,11,35,35,59,54,51,5
30,09,2022,11,35,36,48,44,51,5
30,09,2022,11,35,37,48,44,10,6
30,09,2022,11,35,38,48,37,372,17
30,09,2022,11,35,39,109,56,372,17
30,09,2022,11,35,40,109,56,189,18
30,09,2022,11,35,40,96,47,189,18
30,09,2022,11,35,41,96,47,153,18
30,09,2022,11,35,43,92,54,82,18
30,09,2022,11,35,43,67,50,82,18
30,09,2022,11,35,44,67,50,57,18
30,09,2022,11,35,45,52,41,57,18
30,09,2022,11,35,46,52,41,34,6
30,09,2022,11,35,46,36,44,34,6
30,09,2022,11,35,47,36,44,0,5
30,09,2022,11,35,48,129,50,0,5
30,09,2022,11,35,49,129,50,254,18
30,09,2022,11,35,50,106,44,254,18
30,09,2022,11,35,50,106,44,185,18
30,09,2022,11,35,51,95,55,185,18
30,09,2022,11,35,52,95,55,150,17
30,09,2022,11,35,53,70,48,150,17
30,09,2022,11,35,54,70,48,74,17
30,09,2022,11,35,55,66,49,55,6
30,09,2022,11,35,56,52,34,55,6
30,09,2022,11,35,56,52,34,22,7
30,09,2022,11,35,57,28,37,22,7
30,09,2022,11,35,58,28,37,357,16
30,09,2022,11,35,59,112,50,357,16
30,09,2022,11,36,00,112,50,240,19
30,09,2022,11,36,00,93,45,240,19
30,09,2022,11,36,01,93,45,152,19
30,09,2022,11,36,03,89,50,118,18
30,09,2022,11,36,03,71,53,118,18
30,09,2022,11,36,04,71,53,58,17
30,09,2022,11,36,05,61,39,58,17
30,09,2022,11,36,06,61,39,35,6
30,09,2022,11,36,06,49,42,35,6
30,09,2022,11,36,07,49,42,0,5
30,09,2022,11,36,08,81,52,0,5
30,09,2022,11,36,09,81,52,76,6
30,09,2022,11,36,10,71,48,55,6
30,09,2022,11,36,11,46,44,55,6
30,09,2022,11,36,12,46,44,10,6
30,09,2022,11,36,13,25,39,10,6
30,09,2022,11,36,17,25,52,0,7
30,09,2022,11,36,18,25,52,23,6
30,09,2022,11,36,19,41,45,23,6
30,09,2022,11,36,19,41,45,0,5
30,09,2022,11,36,33,37,30,0,6
30,09,2022,11,36,34,37,19,0,6
30,09,2022,11,36,35,37,19,0,0
30,09,2022,11,36,39,36,158,10,0
30,09,2022,11,36,40,39,131,0,0
30,09,2022,11,36,48,44,159,0,0
30,09,2022,11,36,49,31,140,6,0
30,09,2022,11,36,58,30,133,10,5
30,09,2022,11,36,59,47,147,10,5
30,09,2022,11,37,00,47,147,6,0
30,09,2022,11,37,00,47,130,6,0
30,09,2022,11,37,08,42,160,0,0
30,09,2022,11,37,09,42,160,0,5
30,09,2022,11,37,10,42,160,0,0
30,09,2022,11,37,11,40,131,0,0
30,09,2022,11,37,18,40,126,10,5
30,09,2022,11,37,19,67,144,10,5
30,09,2022,11,37,19,67,144,7,0
30,09,2022,11,37,20,35,136,7,0
30,09,2022,11,37,28,38,167,0,0
30,09,2022,11,37,29,38,167,10,4
30,09,2022,11,37,29,40,149,10,4
30,09,2022,11,37,30,40,149,0,0
30,09,2022,11,37,38,39,142,10,5
30,09,2022,11,37,39,46,149,1,0
30,09,2022,11,37,40,31,132,1,0
30,09,2022,11,37,48,45,166,0,0
30,09,2022,11,37,49,45,166,9,4
30,09,2022,11,37,49,45,140,9,4
30,09,2022,11,37,50,45,140,0,0
30,09,2022,11,37,58,42,134,10,4
30,09,2022,11,37,59,43,148,10,4
30,09,2022,11,37,59,43,148,7,0
30,09,2022,11,38,00,32,126,7,0
30,09,2022,11,38,08,35,158,0,0
30,09,2022,11,38,09,35,158,11,0
30,09,2022,11,38,09,41,144,11,0
30,09,2022,11,38,10,41,144,0,0
30,09,2022,11,38,29,51,138,8,5
30,09,2022,11,38,29,38,134,8,5
30,09,2022,11,38,30,38,134,0,0
30,09,2022,11,38,43,27,128,0,0
30,09,2022,11,38,49,32,130,9,5
30,09,2022,11,38,50,35,138,0,0
30,09,2022,11,38,55,24,130,0,0
30,09,2022,11,38,59,40,152,0,0
30,09,2022,11,39,00,19,132,0,0
30,09,2022,11,39,09,23,133,10,6
30,09,2022,11,39,09,46,155,10,6
30,09,2022,11,39,11,34,151,0,6
30,09,2022,11,39,12,34,151,0,0
30,09,2022,11,39,20,34,135,1,0
30,09,2022,11,39,28,40,136,8,5
30,09,2022,11,39,30,35,144,0,0
30,09,2022,11,39,37,24,139,0,0
30,09,2022,11,39,38,34,163,0,0
30,09,2022,11,39,40,28,130,7,0
30,09,2022,11,39,48,29,130,9,4
30,09,2022,11,39,50,29,130,0,0
30,09,2022,11,39,58,33,160,1,0
30,09,2022,11,40,00,26,147,6,0
30,09,2022,11,40,08,31,148,10,6
30,09,2022,11,40,09,40,137,10,6
30,09,2022,11,40,10,40,137,0,0
30,09,2022,11,40,11,26,133,0,0
30,09,2022,11,40,18,26,165,0,0
30,09,2022,11,40,21,33,135,0,0
30,09,2022,11,40,28,33,135,9,4
30,09,2022,11,40,30,27,135,0,0
30,09,2022,11,40,38,36,154,0,0
30,09,2022,11,40,40,22,154,6,0
30,09,2022,11,40,41,21,132,0,0
30,09,2022,11,40,48,26,132,10,5
30,09,2022,11,40,49,66,147,10,5
30,09,2022,11,40,50,66,147,0,0
30,09,2022,11,40,58,73,177,0,0
30,09,2022,11,40,59,73,177,5,3
30,09,2022,11,41,00,46,155,5,3
30,09,2022,11,41,01,46,155,0,0
30,09,2022,11,41,08,45,149,0,5
30,09,2022,11,41,11,40,144,0,0
30,09,2022,11,41,18,39,168,0,0
30,09,2022,11,41,19,39,168,11,0
30,09,2022,11,41,20,39,168,0,0
30,09,2022,11,41,21,37,141,0,0
30,09,2022,11,41,28,35,139,0,5
30,09,2022,11,41,29,43,158,0,5
30,09,2022,11,41,30,43,158,0,0
30,09,2022,11,41,37,36,147,0,0
30,09,2022,11,41,38,48,147,0,0
30,09,2022,11,41,48,39,146,10,5
30,09,2022,11,41,51,31,143,0,0
30,09,2022,11,41,58,45,169,0,0
30,09,2022,11,42,00,31,137,7,0
30,09,2022,11,42,08,29,132,8,5
30,09,2022,11,42,09,39,147,8,5
30,09,2022,11,42,10,39,147,0,0
30,09,2022,11,42,14,32,136,0,0
30,09,2022,11,42,18,38,161,0,0
30,09,2022,11,42,20,26,140,8,0
30,09,2022,11,42,28,24,135,10,6
30,09,2022,11,42,29,40,163,10,6
30,09,2022,11,42,30,40,163,0,0
30,09,2022,11,42,31,25,150,0,0
30,09,2022,11,42,38,45,177,0,0
30,09,2022,11,42,40,31,144,8,0
30,09,2022,11,42,48,29,138,9,5
30,09,2022,11,42,50,36,146,0,0
30,09,2022,11,42,58,39,176,0,0
30,09,2022,11,42,59,39,176,9,4
30,09,2022,11,43,00,31,141,9,4
30,09,2022,11,43,00,31,141,0,0
30,09,2022,11,43,08,29,134,8,5
30,09,2022,11,43,09,47,147,8,5
30,09,2022,11,43,10,47,147,1,0
30,09,2022,11,43,10,31,142,1,0
30,09,2022,11,43,18,42,176,0,0
30,09,2022,11,43,19,42,176,8,4
30,09,2022,11,43,20,36,161,8,4
30,09,2022,11,43,20,36,161,0,0
30,09,2022,11,43,28,34,155,8,6
30,09,2022,11,43,30,41,164,1,0
30,09,2022,11,43,30,35,143,1,0
30,09,2022,11,43,38,36,173,0,0
30,09,2022,11,43,39,36,173,10,4
30,09,2022,11,43,40,27,139,10,4
30,09,2022,11,43,42,25,136,0,0
30,09,2022,11,43,48,24,133,9,5
30,09,2022,11,43,49,45,158,9,5
30,09,2022,11,43,50,26,136,0,5
30,09,2022,11,43,51,26,136,0,0
30,09,2022,11,43,58,42,165,0,0
30,09,2022,11,43,59,42,165,8,5
30,09,2022,11,44,00,20,147,8,5
30,09,2022,11,44,00,20,147,0,0
30,09,2022,11,44,08,18,140,8,7
30,09,2022,11,44,09,34,167,8,7
30,09,2022,11,44,10,34,167,0,0
30,09,2022,11,44,10,36,151,0,0
30,09,2022,11,44,18,37,171,0,0
30,09,2022,11,44,19,37,171,10,3
30,09,2022,11,44,19,39,143,10,3
30,09,2022,11,44,20,39,143,0,0
30,09,2022,11,44,28,36,138,0,6
30,09,2022,11,44,29,43,157,0,6
30,09,2022,11,44,30,43,157,0,0
30,09,2022,11,44,30,29,142,0,0
30,09,2022,11,44,38,44,176,0,0
30,09,2022,11,44,39,44,176,10,5
30,09,2022,11,44,39,19,151,10,5
30,09,2022,11,44,42,17,147,0,0
30,09,2022,11,44,48,17,142,8,5
30,09,2022,11,44,49,34,149,8,5
30,09,2022,11,44,50,30,134,1,5
30,09,2022,11,44,51,30,134,0,0
30,09,2022,11,44,58,32,169,0,0
30,09,2022,11,44,59,32,169,10,4
30,09,2022,11,45,00,28,131,10,4
30,09,2022,11,45,02,27,131,0,0
30,09,2022,11,45,09,93,20,0,0
30,09,2022,11,45,09,93,20,152,5
30,09,2022,11,45,10,98,36,152,5
30,09,2022,11,45,11,98,36,73,6
30,09,2022,11,45,12,63,37,73,6
30,09,2022,11,45,13,49,42,73,6
30,09,2022,11,45,14,49,42,8,6
30,09,2022,11,45,15,25,41,8,6
30,09,2022,11,45,18,37,36,0,6
30,09,2022,11,45,19,37,36,181,6
30,09,2022,11,45,20,91,27,181,6
30,09,2022,11,45,22,87,37,75,6
30,09,2022,11,45,23,72,45,75,6
30,09,2022,11,45,23,72,45,48,6
30,09,2022,11,45,26,23,33,48,5
30,09,2022,11,45,26,23,33,0,6
30,09,2022,11,45,29,106,39,0,6
30,09,2022,11,45,29,106,39,148,5
30,09,2022,11,45,31,100,39,77,6
30,09,2022,11,45,32,77,35,77,6
30,09,2022,11,45,32,77,35,58,8
30,09,2022,11,45,33,61,45,58,8
30,09,2022,11,45,34,61,45,36,8
30,09,2022,11,45,36,53,45,0,6
30,09,2022,11,45,36,35,39,0,6
30,09,2022,11,45,38,51,40,0,6
30,09,2022,11,45,39,51,40,182,7
30,09,2022,11,45,39,100,49,182,7
30,09,2022,11,45,40,100,49,150,6
30,09,2022,11,45,41,73,40,150,6
30,09,2022,11,45,42,73,40,72,5
30,09,2022,11,45,43,61,41,72,5
30,09,2022,11,45,43,61,41,51,7
30,09,2022,11,45,44,50,47,51,7
30,09,2022,11,45,45,50,47,8,6
30,09,2022,11,45,46,33,48,8,6
30,09,2022,11,45,48,31,48,15,1
30,09,2022,11,45,49,195,440,15,1
30,09,2022,11,45,49,195,440,750,498
30,09,2022,11,45,50,192,424,750,498
30,09,2022,11,45,53,189,415,750,495
30,09,2022,11,45,53,189,400,750,495
30,09,2022,11,45,54,189,400,748,500
30,09,2022,11,45,56,182,389,748,499
30,09,2022,11,45,58,183,375,749,499
30,09,2022,11,46,00,179,367,748,466
30,09,2022,11,46,01,179,342,748,466
30,09,2022,11,46,02,176,271,748,466
30,09,2022,11,46,03,176,271,748,248
30,09,2022,11,46,05,183,265,748,163
30,09,2022,11,46,06,180,231,748,163
30,09,2022,11,46,06,180,231,749,128
30,09,2022,11,46,07,175,177,749,128
30,09,2022,11,46,08,175,177,749,60
30,09,2022,11,46,12,171,173,749,33
30,09,2022,11,46,13,174,140,749,33
30,09,2022,11,46,14,174,140,749,29
30,09,2022,11,46,18,175,152,750,28
30,09,2022,11,46,19,175,152,750,31
30,09,2022,11,46,25,168,148,749,17
30,09,2022,11,46,25,166,136,749,17
30,09,2022,11,46,32,167,125,748,18
30,09,2022,11,46,33,168,114,748,17
30,09,2022,11,46,34,168,114,749,5
30,09,2022,11,46,41,151,123,750,6
30,09,2022,11,46,42,151,123,383,5
30,09,2022,11,46,42,102,118,383,5
30,09,2022,11,46,43,102,118,182,5
30,09,2022,11,46,45,107,118,149,5
30,09,2022,11,46,46,87,119,149,5
30,09,2022,11,46,46,87,119,73,5
30,09,2022,11,46,47,60,117,73,5
30,09,2022,11,46,48,60,117,58,6
30,09,2022,11,46,51,60,109,34,5
30,09,2022,11,46,52,50,90,34,5
30,09,2022,11,46,52,50,90,0,5
30,09,2022,11,46,54,41,86,0,0
30,09,2022,11,46,59,48,80,55,5
30,09,2022,11,46,59,56,56,55,5
30,09,2022,11,47,00,56,56,33,7
30,09,2022,11,47,01,41,61,33,7
30,09,2022,11,47,02,41,61,0,6
30,09,2022,11,47,07,37,31,0,7
30,09,2022,11,47,08,37,31,25,7
30,09,2022,11,47,08,59,52,25,7
30,09,2022,11,47,09,59,52,47,5
30,09,2022,11,47,11,59,54,9,6
30,09,2022,11,47,12,49,40,9,6
30,09,2022,11,47,13,48,59,0,7
30,09,2022,11,47,17,47,55,0,0
30,09,2022,11,47,18,61,43,0,0
30,09,2022,11,47,19,61,43,54,5
30,09,2022,11,47,20,59,49,36,6
30,09,2022,11,47,21,47,49,36,6
30,09,2022,11,47,23,43,48,0,6
30,09,2022,11,47,26,43,45,0,0
30,09,2022,11,47,29,66,43,6,0
30,09,2022,11,47,29,66,43,43,6
30,09,2022,11,47,30,54,40,43,6
30,09,2022,11,47,31,54,40,9,7
30,09,2022,11,47,32,44,51,9,7
30,09,2022,11,47,36,41,34,0,5
30,09,2022,11,47,37,41,34,0,0
30,09,2022,11,47,38,41,27,53,5
30,09,2022,11,47,39,61,45,53,5
30,09,2022,11,47,40,61,45,38,6
30,09,2022,11,47,41,44,39,38,6
30,09,2022,11,47,42,44,39,0,7
30,09,2022,11,47,42,28,47,0,7
30,09,2022,11,47,46,26,42,0,1
30,09,2022,11,47,48,27,35,20,1
30,09,2022,11,47,48,70,45,20,1
30,09,2022,11,47,49,70,45,47,6
30,09,2022,11,47,50,50,45,47,6
30,09,2022,11,47,51,50,45,8,6
30,09,2022,11,47,51,38,46,8,6
30,09,2022,11,47,57,35,39,0,0
30,09,2022,11,47,58,42,23,0,0
30,09,2022,11,47,58,42,23,52,6
30,09,2022,11,47,59,59,44,52,6
30,09,2022,11,48,00,59,44,35,6
30,09,2022,11,48,01,41,47,35,6
30,09,2022,11,48,02,41,47,0,6
30,09,2022,11,48,02,55,47,0,6
30,09,2022,11,48,06,54,39,0,0
30,09,2022,11,48,08,60,52,0,0
30,09,2022,11,48,09,60,52,53,5
30,09,2022,11,48,11,50,44,18,6
30,09,2022,11,48,11,34,39,18,6
30,09,2022,11,48,12,34,39,0,6
30,09,2022,11,48,17,32,43,0,0
30,09,2022,11,48,18,32,43,53,5
30,09,2022,11,48,20,32,46,36,6
30,09,2022,11,48,22,40,41,0,7
30,09,2022,11,48,28,40,36,0,0
30,09,2022,11,48,28,67,49,0,0
30,09,2022,11,48,29,67,49,51,5
30,09,2022,11,48,30,55,44,51,5
30,09,2022,11,48,31,55,44,9,6
30,09,2022,11,48,32,38,42,9,6
30,09,2022,11,48,37,36,41,0,0
30,09,2022,11,48,38,36,28,0,0
30,09,2022,11,48,38,36,28,54,6
30,09,2022,11,48,39,60,47,54,6
30,09,2022,11,48,40,60,47,34,7
30,09,2022,11,48,41,43,45,34,7
30,09,2022,11,48,41,43,45,0,6
30,09,2022,11,48,47,36,31,0,6
30,09,2022,11,48,48,36,31,0,0
30,09,2022,11,48,48,62,56,0,0
30,09,2022,11,48,49,62,56,54,5
30,09,2022,11,48,51,62,48,10,6
30,09,2022,11,48,51,35,44,10,6
30,09,2022,11,48,57,33,49,0,0
30,09,2022,11,48,58,33,30,0,0
30,09,2022,11,48,58,33,30,53,6
30,09,2022,11,48,59,61,47,53,6
30,09,2022,11,49,00,61,47,38,6
30,09,2022,11,49,01,39,39,38,6
30,09,2022,11,49,01,39,39,0,6
30,09,2022,11,49,02,22,39,0,6
30,09,2022,11,49,06,19,44,0,0
30,09,2022,11,49,07,18,25,0,0
30,09,2022,11,49,08,60,49,0,0
30,09,2022,11,49,09,60,49,47,6
30,09,2022,11,49,10,49,52,47,6
30,09,2022,11,49,11,49,52,19,5
30,09,2022,11,49,12,49,48,0,6
30,09,2022,11,49,13,28,38,0,6
30,09,2022,11,49,17,28,33,0,0
30,09,2022,11,49,18,28,30,53,6
30,09,2022,11,49,19,62,40,53,6
30,09,2022,11,49,20,62,40,35,7
30,09,2022,11,49,21,36,48,35,7
30,09,2022,11,49,21,36,48,0,7
30,09,2022,11,49,26,33,41,0,0
30,09,2022,11,49,28,67,41,0,0
30,09,2022,11,49,29,67,41,52,0
30,09,2022,11,49,31,57,44,9,6
30,09,2022,11,49,31,31,47,9,6
30,09,2022,11,49,36,27,36,0,6
30,09,2022,11,49,37,27,36,0,0
30,09,2022,11,49,38,27,31,53,6
30,09,2022,11,49,39,63,40,53,6
30,09,2022,11,49,40,63,40,35,6
30,09,2022,11,49,41,45,40,35,6
30,09,2022,11,49,41,45,40,0,6
30,09,2022,11,49,42,34,48,0,6
30,09,2022,11,49,46,34,44,0,0
30,09,2022,11,49,47,34,27,0,0
30,09,2022,11,49,48,68,56,0,0
30,09,2022,11,49,49,68,56,50,6
30,09,2022,11,49,50,57,45,50,6
30,09,2022,11,49,51,57,45,25,6
30,09,2022,11,49,51,29,45,25,6
30,09,2022,11,49,52,29,45,0,6
30,09,2022,11,49,56,28,56,0,7
30,09,2022,11,49,57,28,56,0,0
30,09,2022,11,49,57,27,34,0,0
30,09,2022,11,49,58,27,34,55,6
30,09,2022,11,49,59,65,53,55,6
30,09,2022,11,50,00,65,53,36,5
30,09,2022,11,50,01,50,47,36,5
30,09,2022,11,50,01,50,47,0,6
30,09,2022,11,50,02,27,42,0,6
30,09,2022,11,50,05,27,56,0,7
30,09,2022,11,50,06,27,56,0,0
30,09,2022,11,50,07,27,28,0,0
30,09,2022,11,50,08,66,50,0,0
30,09,2022,11,50,09,66,50,52,6
30,09,2022,11,50,11,60,55,8,5
30,09,2022,11,50,13,51,43,0,6
30,09,2022,11,50,16,49,26,0,5
30,09,2022,11,50,17,49,26,0,0
30,09,2022,11,50,18,49,23,51,6
30,09,2022,11,50,19,56,45,51,6
30,09,2022,11,50,20,56,45,37,5
30,09,2022,11,50,21,42,44,37,5
30,09,2022,11,50,21,42,44,0,6
30,09,2022,11,50,22,19,38,0,6
30,09,2022,11,50,25,17,54,0,7
30,09,2022,11,50,26,17,54,0,1
30,09,2022,11,50,27,17,24,0,1
30,09,2022,11,50,28,59,45,0,0
30,09,2022,11,50,29,59,45,53,6
30,09,2022,11,50,31,52,48,23,6
30,09,2022,11,50,32,49,44,0,6
30,09,2022,11,50,33,27,44,0,6
30,09,2022,11,50,37,24,42,0,0
30,09,2022,11,50,38,24,42,52,7
30,09,2022,11,50,39,60,49,52,7
30,09,2022,11,50,40,43,50,43,7
30,09,2022,11,50,41,43,50,7,6
30,09,2022,11,50,42,18,49,7,6
30,09,2022,11,50,46,17,44,0,1
30,09,2022,11,50,48,60,50,0,0
30,09,2022,11,50,49,60,50,53,5
30,09,2022,11,50,50,55,43,19,6
30,09,2022,11,50,52,55,44,0,7
30,09,2022,11,50,56,48,30,0,5
30,09,2022,11,50,57,48,30,0,0
30,09,2022,11,50,58,48,27,50,5
30,09,2022,11,50,59,69,27,50,5
30,09,2022,11,51,00,69,46,50,7
30,09,2022,11,51,01,69,46,0,6
30,09,2022,11,51,02,25,49,0,6
30,09,2022,11,51,06,23,41,0,0
30,09,2022,11,51,07,23,29,0,0
30,09,2022,11,51,08,65,47,0,0
30,09,2022,11,51,09,65,47,52,5
30,09,2022,11,51,10,54,42,52,5
30,09,2022,11,51,10,54,42,21,6
30,09,2022,11,51,12,44,41,0,7
30,09,2022,11,51,17,35,50,0,0
30,09,2022,11,51,17,35,35,0,0
30,09,2022,11,51,18,35,35,49,6
30,09,2022,11,51,19,62,47,49,6
30,09,2022,11,51,20,62,47,37,6
30,09,2022,11,51,20,41,46,37,6
30,09,2022,11,51,21,41,46,0,5
30,09,2022,11,51,26,31,49,0,0
30,09,2022,11,51,27,30,0,0,0
30,09,2022,11,51,28,62,45,0,0
30,09,2022,11,51,29,62,45,52,6
30,09,2022,11,51,30,57,42,20,6
30,09,2022,11,51,31,35,39,20,6
30,09,2022,11,51,32,35,39,0,7
30,09,2022,11,51,36,30,32,0,0
30,09,2022,11,51,38,30,29,50,6
30,09,2022,11,51,39,63,46,50,6
30,09,2022,11,51,40,48,49,45,6
30,09,2022,11,51,41,48,49,8,5
30,09,2022,11,51,44,37,41,0,6
30,09,2022,11,51,46,37,45,0,0
30,09,2022,11,51,47,37,31,0,0
30,09,2022,11,51,48,65,48,0,0
30,09,2022,11,51,49,65,48,55,6
30,09,2022,11,51,50,59,39,22,6
30,09,2022,11,51,51,48,39,22,6
30,09,2022,11,51,52,48,39,0,7
30,09,2022,11,51,53,34,48,0,7
30,09,2022,11,51,56,33,36,0,5
30,09,2022,11,51,57,33,36,0,0
30,09,2022,11,51,58,33,32,52,5
30,09,2022,11,51,59,63,45,52,5
30,09,2022,11,52,01,57,46,0,6
30,09,2022,11,52,02,26,43,0,6
30,09,2022,11,52,07,25,31,0,6
30,09,2022,11,52,07,25,31,0,0
30,09,2022,11,52,08,66,31,0,0
30,09,2022,11,52,09,66,31,54,7
30,09,2022,11,52,10,63,50,54,7
30,09,2022,11,52,10,63,50,23,5
30,09,2022,11,52,11,48,42,23,5
30,09,2022,11,52,12,48,42,0,5
30,09,2022,11,52,17,45,34,0,0
30,09,2022,11,52,18,45,31,0,6
30,09,2022,11,52,19,63,40,0,6
30,09,2022,11,52,20,63,40,35,6
30,09,2022,11,52,20,52,46,35,6
30,09,2022,11,52,21,52,46,5,6
30,09,2022,11,52,22,36,48,5,6
30,09,2022,11,52,26,35,41,0,0
30,09,2022,11,52,28,65,48,0,0
30,09,2022,11,52,29,65,48,55,6
30,09,2022,11,52,30,52,51,55,6
30,09,2022,11,52,30,52,51,21,5
30,09,2022,11,52,31,27,42,21,5
30,09,2022,11,52,32,27,42,0,5
30,09,2022,11,52,36,24,28,0,5
30,09,2022,11,52,38,23,24,52,5
30,09,2022,11,52,39,64,46,52,5
30,09,2022,11,52,40,64,46,37,6
30,09,2022,11,52,40,46,48,37,6
30,09,2022,11,52,41,46,48,6,6
30,09,2022,11,52,42,33,42,6,6
30,09,2022,11,52,46,30,50,0,0
30,09,2022,11,52,47,30,27,0,0
30,09,2022,11,52,48,44,29,0,0
30,09,2022,11,52,49,44,29,53,6
30,09,2022,11,52,50,58,40,53,6
30,09,2022,11,52,50,58,40,35,7
30,09,2022,11,52,51,45,47,35,7
30,09,2022,11,52,52,45,47,0,7
30,09,2022,11,52,56,36,25,0,5
30,09,2022,11,52,56,36,25,0,0
30,09,2022,11,52,59,63,49,9,0
30,09,2022,11,52,59,63,49,48,6
30,09,2022,11,53,01,55,51,7,5
30,09,2022,11,53,03,45,40,0,6
30,09,2022,11,53,07,45,32,0,0
30,09,2022,11,53,08,61,40,0,0
30,09,2022,11,53,09,61,40,55,6
30,09,2022,11,53,10,65,46,34,6
30,09,2022,11,53,11,44,43,34,6
30,09,2022,11,53,12,44,43,0,6
30,09,2022,11,53,13,28,41,0,6
30,09,2022,11,53,16,26,28,0,4
30,09,2022,11,53,16,26,28,0,0
30,09,2022,11,53,19,78,46,10,0
30,09,2022,11,53,19,78,46,46,6
30,09,2022,11,53,21,78,47,6,5
30,09,2022,11,53,22,41,39,6,5
30,09,2022,11,53,26,40,42,0,0
30,09,2022,11,53,26,40,30,0,0
30,09,2022,11,53,28,56,30,0,0
30,09,2022,11,53,29,56,30,55,5
30,09,2022,11,53,29,59,43,55,5
30,09,2022,11,53,30,59,43,34,6
30,09,2022,11,53,32,50,39,0,7
30,09,2022,11,53,33,35,48,0,7
30,09,2022,11,53,35,34,49,0,4
30,09,2022,11,53,36,33,30,0,4
30,09,2022,11,53,38,33,28,5,0
30,09,2022,11,53,39,66,41,5,0
30,09,2022,11,53,40,66,41,44,0
30,09,2022,11,53,40,54,37,44,0
30,09,2022,11,53,41,54,37,6,6
30,09,2022,11,53,42,27,43,6,6
30,09,2022,11,53,46,25,44,0,0
30,09,2022,11,53,48,37,21,0,0
30,09,2022,11,53,49,37,21,52,6
30,09,2022,11,53,50,57,40,52,6
30,09,2022,11,53,50,57,40,33,7
30,09,2022,11,53,51,38,44,33,7
30,09,2022,11,53,52,38,44,0,7
30,09,2022,11,53,58,32,36,6,0
30,09,2022,11,53,59,25,41,0,7
30,09,2022,11,54,06,17,32,0,0
30,09,2022,11,54,06,17,18,0,0
30,09,2022,11,54,09,17,20,75,7
30,09,2022,11,54,09,71,45,75,7
30,09,2022,11,54,10,71,45,53,6
30,09,2022,11,54,11,58,51,53,6
30,09,2022,11,54,12,58,51,24,6
30,09,2022,11,54,12,40,41,24,6
30,09,2022,11,54,13,40,41,0,6
30,09,2022,11,54,14,29,39,0,6
30,09,2022,11,54,16,28,32,0,0
30,09,2022,11,54,18,60,29,9,0
30,09,2022,11,54,19,60,29,48,6
30,09,2022,11,54,20,53,43,48,6
30,09,2022,11,54,21,53,43,8,6
30,09,2022,11,54,22,32,44,8,6
30,09,2022,11,54,25,30,43,0,0
30,09,2022,11,54,28,46,33,0,0
30,09,2022,11,54,29,46,33,52,6
30,09,2022,11,54,29,71,45,52,6
30,09,2022,11,54,30,71,45,34,6
30,09,2022,11,54,31,54,46,34,6
30,09,2022,11,54,32,54,46,0,5
30,09,2022,11,54,32,38,40,0,5
30,09,2022,11,54,35,38,36,0,1
30,09,2022,11,54,38,37,33,11,0
30,09,2022,11,54,39,69,40,11,0
30,09,2022,11,54,39,69,40,46,6
30,09,2022,11,54,40,58,47,46,6
30,09,2022,11,54,41,58,47,5,6
30,09,2022,11,54,42,31,51,5,6
30,09,2022,11,54,45,31,38,0,6
30,09,2022,11,54,47,30,28,0,0
30,09,2022,11,54,48,49,35,0,0
30,09,2022,11,54,49,49,35,54,8
30,09,2022,11,54,49,66,50,54,8
30,09,2022,11,54,50,66,50,35,7
30,09,2022,11,54,51,35,52,35,7
30,09,2022,11,54,52,35,52,0,5
30,09,2022,11,54,55,28,42,0,0
30,09,2022,11,54,58,27,34,13,0
30,09,2022,11,54,59,68,44,13,0
30,09,2022,11,54,59,68,44,43,5
30,09,2022,11,55,02,43,48,43,6
30,09,2022,11,55,02,43,48,0,6
30,09,2022,11,55,05,42,38,0,0
30,09,2022,11,55,08,55,23,0,0
30,09,2022,11,55,09,55,23,55,6
30,09,2022,11,55,09,55,38,55,6
30,09,2022,11,55,10,55,38,22,7
30,09,2022,11,55,11,46,50,22,7
30,09,2022,11,55,12,46,50,6,7
30,09,2022,11,55,15,37,45,0,0
30,09,2022,11,55,16,36,31,0,0
30,09,2022,11,55,19,68,52,0,0
30,09,2022,11,55,19,68,52,53,5
30,09,2022,11,55,20,58,41,53,5
30,09,2022,11,55,21,58,41,23,5
30,09,2022,11,55,22,24,36,23,5
30,09,2022,11,55,22,24,36,0,7
30,09,2022,11,55,25,21,44,0,0
30,09,2022,11,55,26,21,33,0,0
30,09,2022,11,55,28,21,32,54,7
30,09,2022,11,55,29,62,50,54,7
30,09,2022,11,55,30,62,50,39,5
30,09,2022,11,55,31,43,42,39,5
30,09,2022,11,55,33,43,36,0,7
30,09,2022,11,55,35,43,41,0,1
30,09,2022,11,55,35,43,21,0,1
30,09,2022,11,55,38,64,38,0,0
30,09,2022,11,55,39,64,38,53,6
30,09,2022,11,55,41,60,43,9,6
30,09,2022,11,55,42,35,47,9,6
30,09,2022,11,55,45,32,34,0,6
30,09,2022,11,55,46,31,21,0,6
30,09,2022,11,55,47,31,21,0,0
30,09,2022,11,55,48,31,21,55,0
30,09,2022,11,55,49,69,37,55,0
30,09,2022,11,55,50,69,37,35,7
30,09,2022,11,55,51,39,39,35,7
30,09,2022,11,55,52,39,39,0,6
30,09,2022,11,55,55,43,41,0,0
30,09,2022,11,55,57,43,30,0,0
30,09,2022,11,55,58,70,45,0,0
30,09,2022,11,55,59,70,45,49,5
30,09,2022,11,56,00,55,37,49,5
30,09,2022,11,56,01,55,37,9,6
30,09,2022,11,56,01,30,36,9,6
30,09,2022,11,56,08,27,30,54,6
30,09,2022,11,56,09,64,41,54,6
30,09,2022,11,56,10,64,41,38,5
30,09,2022,11,56,11,52,39,38,5
30,09,2022,11,56,12,52,39,0,6
30,09,2022,11,56,12,32,36,0,6
30,09,2022,11,56,15,31,43,0,0
30,09,2022,11,56,15,30,24,0,0
30,09,2022,11,56,18,64,24,0,0
30,09,2022,11,56,19,64,24,53,7
30,09,2022,11,56,20,55,42,53,7
30,09,2022,11,56,21,55,42,11,7
30,09,2022,11,56,21,29,42,11,7
30,09,2022,11,56,22,29,42,0,7
30,09,2022,11,56,25,27,31,0,5
30,09,2022,11,56,25,27,31,0,0
30,09,2022,11,56,28,27,22,56,0
30,09,2022,11,56,29,64,42,56,0
30,09,2022,11,56,30,64,42,35,0
30,09,2022,11,56,31,46,42,35,0
30,09,2022,11,56,31,46,42,35,6
30,09,2022,11,56,33,46,45,0,6
30,09,2022,11,56,34,17,43,0,6
30,09,2022,11,56,35,17,43,0,0
30,09,2022,11,56,35,17,24,0,0
30,09,2022,11,56,38,66,39,0,0
30,09,2022,11,56,39,66,39,52,6
30,09,2022,11,56,40,54,42,52,6
30,09,2022,11,56,41,54,42,24,6
30,09,2022,11,56,41,40,43,24,6
30,09,2022,11,56,42,40,43,0,6
30,09,2022,11,56,44,39,26,0,6
30,09,2022,11,56,45,39,26,0,0
30,09,2022,11,56,48,39,19,53,6
30,09,2022,11,56,49,67,37,53,6
30,09,2022,11,56,50,67,37,35,6
30,09,2022,11,56,51,43,46,35,6
30,09,2022,11,56,51,43,46,0,6
30,09,2022,11,56,55,41,40,0,0
30,09,2022,11,56,55,41,25,0,0
30,09,2022,11,56,58,41,47,0,0
30,09,2022,11,56,59,41,47,53,6
30,09,2022,11,57,00,62,52,53,6
30,09,2022,11,57,01,62,52,8,5
30,09,2022,11,57,03,40,38,0,6
30,09,2022,11,57,05,39,29,0,0
30,09,2022,11,57,08,39,24,54,6
30,09,2022,11,57,09,68,41,54,6
30,09,2022,11,57,10,68,41,35,5
30,09,2022,11,57,11,68,42,0,6
30,09,2022,11,57,12,29,42,0,6
30,09,2022,11,57,15,29,47,0,1
30,09,2022,11,57,15,29,20,0,1
30,09,2022,11,57,18,73,46,0,0
30,09,2022,11,57,19,73,46,56,6
30,09,2022,11,57,20,56,46,56,6
30,09,2022,11,57,21,56,46,10,6
30,09,2022,11,57,21,38,40,10,6
30,09,2022,11,57,24,35,22,0,7
30,09,2022,11,57,25,35,22,0,0
30,09,2022,11,57,28,35,18,52,5
30,09,2022,11,57,29,62,40,52,5
30,09,2022,11,57,31,37,39,52,6
30,09,2022,11,57,31,37,39,0,7
30,09,2022,11,57,34,34,44,0,1
30,09,2022,11,57,35,34,21,0,1
30,09,2022,11,57,38,64,38,0,0
30,09,2022,11,57,39,64,38,56,6
30,09,2022,11,57,41,55,40,23,7
30,09,2022,11,57,42,55,47,0,5
30,09,2022,11,57,43,37,37,0,5
30,09,2022,11,57,44,36,26,0,6
30,09,2022,11,57,45,36,26,0,0
30,09,2022,11,57,48,36,20,50,6
30,09,2022,11,57,49,64,44,50,6
30,09,2022,11,57,50,64,44,36,5
30,09,2022,11,57,51,46,39,36,5
30,09,2022,11,57,51,46,39,0,7
30,09,2022,11,57,54,38,41,0,1
30,09,2022,11,57,55,37,23,0,1
30,09,2022,11,57,58,81,40,0,0
30,09,2022,11,57,59,81,40,55,5
30,09,2022,11,58,00,62,34,55,5
30,09,2022,11,58,00,62,34,18,7
30,09,2022,11,58,01,51,41,18,7
30,09,2022,11,58,02,51,41,0,6
30,09,2022,11,58,05,47,31,0,0
30,09,2022,11,58,08,47,26,51,6
30,09,2022,11,58,09,74,40,51,6
30,09,2022,11,58,10,74,40,37,6
30,09,2022,11,58,11,48,42,37,6
30,09,2022,11,58,11,48,42,6,6
30,09,2022,11,58,12,29,39,6,6
30,09,2022,11,58,14,29,36,0,0
30,09,2022,11,58,18,69,44,0,0
30,09,2022,11,58,19,69,44,55,7
30,09,2022,11,58,20,58,48,55,7
30,09,2022,11,58,21,58,48,23,5
30,09,2022,11,58,21,46,42,23,5
30,09,2022,11,58,22,46,42,0,6
30,09,2022,11,58,23,34,35,0,6
30,09,2022,11,58,25,34,25,0,0
30,09,2022,11,58,28,34,20,51,5
30,09,2022,11,58,29,67,42,51,5
30,09,2022,11,58,30,67,42,38,6
30,09,2022,11,58,31,52,38,38,6
30,09,2022,11,58,31,52,38,5,6
30,09,2022,11,58,34,35,45,0,6
30,09,2022,11,58,34,35,45,0,0
30,09,2022,11,58,35,35,25,0,0
30,09,2022,11,58,38,69,40,0,0
30,09,2022,11,58,39,69,40,55,6
30,09,2022,11,58,40,55,43,55,6
30,09,2022,11,58,40,55,43,24,6
30,09,2022,11,58,41,40,44,24,6
30,09,2022,11,58,42,40,44,0,6
30,09,2022,11,58,43,24,41,0,6
30,09,2022,11,58,44,23,25,0,4
30,09,2022,11,58,45,23,25,0,0
30,09,2022,11,58,48,22,22,50,5
30,09,2022,11,58,49,64,35,50,5
30,09,2022,11,58,50,48,39,44,6
30,09,2022,11,58,51,48,39,0,7
30,09,2022,11,58,52,28,48,0,7
30,09,2022,11,58,54,28,43,0,0
30,09,2022,11,58,55,27,22,0,0
30,09,2022,11,58,58,62,44,0,0
30,09,2022,11,58,59,62,44,54,6
30,09,2022,11,59,00,58,43,25,6
30,09,2022,11,59,01,31,38,25,6
30,09,2022,11,59,02,31,38,0,6
30,09,2022,11,59,03,18,31,0,6
30,09,2022,11,59,05,17,26,0,0
30,09,2022,11,59,08,18,21,51,6
30,09,2022,11,59,09,63,40,51,6
30,09,2022,11,59,10,52,45,45,6
30,09,2022,11,59,11,52,45,8,6
30,09,2022,11,59,12,24,40,8,6
30,09,2022,11,59,15,23,26,0,6
30,09,2022,11,59,16,23,26,0,0
30,09,2022,11,59,18,80,42,0,0
30,09,2022,11,59,20,57,51,0,0
30,09,2022,11,59,21,57,51,23,5
30,09,2022,11,59,22,52,41,0,5
30,09,2022,11,59,23,41,34,0,5
30,09,2022,11,59,25,41,25,0,0
30,09,2022,11,59,28,41,22,52,6
30,09,2022,11,59,29,67,22,52,6
30,09,2022,11,59,30,67,22,37,6
30,09,2022,11,59,30,49,43,37,6
30,09,2022,11,59,31,49,43,6,6
30,09,2022,11,59,32,33,41,6,6
30,09,2022,11,59,34,32,43,0,0
30,09,2022,11,59,35,31,32,0,0
30,09,2022,11,59,38,68,30,0,0
30,09,2022,11,59,39,68,30,0,6
30,09,2022,11,59,40,60,44,0,6
30,09,2022,11,59,40,60,44,27,6
30,09,2022,11,59,41,41,39,27,6
30,09,2022,11,59,42,41,39,0,6
30,09,2022,11,59,45,39,40,0,0
30,09,2022,11,59,48,38,37,51,0
30,09,2022,11,59,49,65,45,51,0
30,09,2022,11,59,50,65,45,37,7
30,09,2022,11,59,51,58,52,7,6
30,09,2022,11,59,52,27,42,7,6
30,09,2022,11,59,54,26,35,0,0
30,09,2022,11,59,58,64,25,0,0
30,09,2022,11,59,59,64,25,52,6
30,09,2022,12,00,00,50,25,52,6
30,09,2022,12,00,00,50,25,23,5
30,09,2022,12,00,01,30,39,23,5
30,09,2022,12,00,02,30,39,0,6
30,09,2022,12,00,03,28,39,0,1
30,09,2022,12,00,08,29,29,14,0
30,09,2022,12,00,09,64,38,14,0
30,09,2022,12,00,09,64,38,47,7
30,09,2022,12,00,11,56,44,9,6
30,09,2022,12,00,12,35,48,9,6
30,09,2022,12,00,14,34,38,0,0
30,09,2022,12,00,15,34,15,0,0
30,09,2022,12,00,18,50,15,0,0
30,09,2022,12,00,19,50,15,54,6
30,09,2022,12,00,20,62,40,54,6
30,09,2022,12,00,20,62,40,32,6
30,09,2022,12,00,21,38,44,32,6
30,09,2022,12,00,22,38,44,0,6
30,09,2022,12,00,25,38,43,0,0
30,09,2022,12,00,26,38,26,0,0
30,09,2022,12,00,28,38,24,13,0
30,09,2022,12,00,29,65,24,13,0
30,09,2022,12,00,30,65,24,49,6
30,09,2022,12,00,30,67,37,49,6
30,09,2022,12,00,31,67,37,7,7
30,09,2022,12,00,32,44,40,7,7
30,09,2022,12,00,34,43,44,0,0
30,09,2022,12,00,35,43,25,0,0
30,09,2022,12,00,38,56,23,0,0
30,09,2022,12,00,39,56,23,55,6
30,09,2022,12,00,40,66,38,55,6
30,09,2022,12,00,40,66,38,33,5
30,09,2022,12,00,41,46,39,33,5
30,09,2022,12,00,42,46,39,0,7
30,09,2022,12,00,44,40,18,0,6
30,09,2022,12,00,45,40,18,0,0
30,09,2022,12,00,48,39,17,25,0
30,09,2022,12,00,49,39,43,25,0
30,09,2022,12,00,50,39,43,45,5
30,09,2022,12,00,50,58,38,45,5
30,09,2022,12,00,51,58,38,6,6
30,09,2022,12,00,52,18,31,6,6
30,09,2022,12,00,54,17,25,0,0
30,09,2022,12,00,59,20,21,53,6
30,09,2022,12,00,59,65,43,53,6
30,09,2022,12,01,00,65,43,34,6
30,09,2022,12,01,01,43,43,34,6
30,09,2022,12,01,02,43,43,0,5
30,09,2022,12,01,03,24,36,0,5
30,09,2022,12,01,05,22,28,0,0
30,09,2022,12,01,09,67,25,7,0
30,09,2022,12,01,09,67,25,48,7
30,09,2022,12,01,10,60,41,48,7
30,09,2022,12,01,11,60,41,0,6
30,09,2022,12,01,12,22,44,0,6
30,09,2022,12,01,13,21,31,0,5
30,09,2022,12,01,14,21,31,0,0
30,09,2022,12,01,18,43,25,0,0
30,09,2022,12,01,19,43,25,54,6
30,09,2022,12,01,19,62,39,54,6
30,09,2022,12,01,20,62,39,31,6
30,09,2022,12,01,21,39,36,31,6
30,09,2022,12,01,22,39,36,0,6
30,09,2022,12,01,24,32,25,0,6
30,09,2022,12,01,25,32,25,0,0
30,09,2022,12,01,28,32,22,12,0
30,09,2022,12,01,29,63,42,12,0
30,09,2022,12,01,30,63,42,48,6
30,09,2022,12,01,31,54,42,9,5
30,09,2022,12,01,32,22,37,9,5
30,09,2022,12,01,34,21,31,0,0
30,09,2022,12,01,39,28,26,53,5
30,09,2022,12,01,39,64,39,53,5
30,09,2022,12,01,40,64,39,35,6
30,09,2022,12,01,41,46,36,35,6
30,09,2022,12,01,42,46,36,0,6
30,09,2022,12,01,43,27,42,0,6
30,09,2022,12,01,45,26,42,0,0
30,09,2022,12,01,46,26,19,0,0
30,09,2022,12,01,48,26,18,13,0
30,09,2022,12,01,49,68,47,13,0
30,09,2022,12,01,49,68,47,44,5
30,09,2022,12,01,51,64,38,8,5
30,09,2022,12,01,52,44,33,8,5
30,09,2022,12,01,56,43,28,0,0
30,09,2022,12,01,58,54,24,0,0
30,09,2022,12,01,59,54,24,53,6
30,09,2022,12,01,59,63,38,53,6
30,09,2022,12,02,00,63,38,33,7
30,09,2022,12,02,02,63,38,0,6
30,09,2022,12,02,02,37,44,0,6
30,09,2022,12,02,03,37,44,0,0
30,09,2022,12,02,04,36,23,0,0
30,09,2022,12,02,09,66,42,6,0
30,09,2022,12,02,09,66,42,6,6
30,09,2022,12,02,12,33,36,4,5
30,09,2022,12,02,13,32,24,0,6
30,09,2022,12,02,14,32,24,0,0
30,09,2022,12,02,18,44,22,0,0
30,09,2022,12,02,19,44,22,55,6
30,09,2022,12,02,19,66,39,55,6
30,09,2022,12,02,20,66,39,36,6
30,09,2022,12,02,21,44,39,36,6
30,09,2022,12,02,22,44,39,0,7
30,09,2022,12,02,23,40,45,0,0
30,09,2022,12,02,24,40,31,0,0
30,09,2022,12,02,29,62,42,7,0
30,09,2022,12,02,29,62,42,46,6
30,09,2022,12,02,31,54,42,9,6
30,09,2022,12,02,32,28,48,9,6
30,09,2022,12,02,34,26,48,0,0
30,09,2022,12,02,36,25,27,0,0
30,09,2022,12,02,39,26,26,55,6
30,09,2022,12,02,39,62,51,55,6
30,09,2022,12,02,40,62,51,35,5
30,09,2022,12,02,41,45,42,35,5
30,09,2022,12,02,42,45,42,0,6
30,09,2022,12,02,43,39,36,0,1
30,09,2022,12,02,49,65,42,0,0
30,09,2022,12,02,49,65,42,53,0
30,09,2022,12,02,51,57,37,10,7
30,09,2022,12,02,52,37,41,10,7
30,09,2022,12,02,53,20,27,0,6
30,09,2022,12,02,54,20,27,0,0
30,09,2022,12,02,58,19,25,54,6
30,09,2022,12,02,59,76,38,54,6
30,09,2022,12,03,00,76,38,35,7
30,09,2022,12,03,01,37,44,35,7
30,09,2022,12,03,02,37,44,0,7
30,09,2022,12,03,03,41,46,0,1
30,09,2022,12,03,04,40,22,0,1
30,09,2022,12,03,09,70,42,0,0
30,09,2022,12,03,09,70,42,49,6
30,09,2022,12,03,10,57,36,49,6
30,09,2022,12,03,11,57,36,10,6
30,09,2022,12,03,12,29,35,10,6
30,09,2022,12,03,14,25,31,0,0
30,09,2022,12,03,19,25,26,55,6
30,09,2022,12,03,19,25,42,55,6
30,09,2022,12,03,20,25,42,35,6
30,09,2022,12,03,21,55,39,35,6
30,09,2022,12,03,21,55,39,0,6
30,09,2022,12,03,22,40,34,0,6
30,09,2022,12,03,23,40,34,0,1
30,09,2022,12,03,29,67,35,0,0
30,09,2022,12,03,29,67,35,49,0
30,09,2022,12,03,30,50,34,49,0
30,09,2022,12,03,31,50,34,7,7
30,09,2022,12,03,33,48,15,0,6
30,09,2022,12,03,35,48,12,0,0
30,09,2022,12,03,39,44,10,54,6
30,09,2022,12,03,39,44,32,54,6
30,09,2022,12,03,40,44,32,37,6
30,09,2022,12,03,42,42,40,6,6
30,09,2022,12,03,42,31,43,6,6
30,09,2022,12,03,43,31,43,0,1
30,09,2022,12,03,45,30,17,0,0
30,09,2022,12,03,49,30,43,0,0
30,09,2022,12,03,49,30,43,53,6
30,09,2022,12,03,50,58,42,53,6
30,09,2022,12,03,52,34,35,53,5
30,09,2022,12,03,52,34,35,0,6
30,09,2022,12,03,53,32,24,0,6
30,09,2022,12,03,54,32,24,0,0
30,09,2022,12,03,58,31,20,55,6
30,09,2022,12,03,59,66,39,55,6
30,09,2022,12,04,00,66,39,35,6
30,09,2022,12,04,02,66,37,0,6
30,09,2022,12,04,02,29,34,0,6
30,09,2022,12,04,03,29,34,0,0
30,09,2022,12,04,04,28,19,0,0
30,09,2022,12,04,09,68,43,0,0
30,09,2022,12,04,09,68,43,52,7
30,09,2022,12,04,11,61,45,10,5
30,09,2022,12,04,12,43,38,10,5
30,09,2022,12,04,14,41,28,0,0
30,09,2022,12,04,15,40,0,0,0
30,09,2022,12,04,16,40,26,0,0
30,09,2022,12,04,18,40,26,52,6
30,09,2022,12,04,19,69,39,52,6
30,09,2022,12,04,20,69,39,37,6
30,09,2022,12,04,21,54,39,37,6
30,09,2022,12,04,22,54,39,0,6
30,09,2022,12,04,22,39,33,0,6
30,09,2022,12,04,23,39,33,0,0
30,09,2022,12,04,24,38,13,0,0
30,09,2022,12,04,28,69,41,0,0
30,09,2022,12,04,29,69,41,51,6
30,09,2022,12,04,30,57,44,51,6
30,09,2022,12,04,31,57,44,8,5
30,09,2022,12,04,31,26,35,8,5
30,09,2022,12,04,32,26,35,0,1
30,09,2022,12,04,38,21,26,55,7
30,09,2022,12,04,39,65,42,55,7
30,09,2022,12,04,40,65,42,35,6
30,09,2022,12,04,41,46,42,35,6
30,09,2022,12,04,41,46,42,0,6
30,09,2022,12,04,42,21,33,0,6
30,09,2022,12,04,43,21,33,0,0
30,09,2022,12,04,44,21,20,0,0
30,09,2022,12,04,48,64,39,0,0
30,09,2022,12,04,49,64,39,49,0
30,09,2022,12,04,50,51,43,49,0
30,09,2022,12,04,51,51,43,9,7
30,09,2022,12,04,51,33,44,9,7
30,09,2022,12,04,52,33,44,0,1
30,09,2022,12,04,53,31,20,0,1
30,09,2022,12,04,58,30,17,51,5
30,09,2022,12,04,59,73,35,51,5
30,09,2022,12,05,01,50,33,46,6
30,09,2022,12,05,01,50,33,5,7
30,09,2022,12,05,02,34,40,5,7
30,09,2022,12,05,03,34,40,0,0
30,09,2022,12,05,04,34,23,0,0
30,09,2022,12,05,08,67,44,0,0
30,09,2022,12,05,09,67,44,55,6
30,09,2022,12,05,11,59,34,26,6
30,09,2022,12,05,11,36,34,26,6
30,09,2022,12,05,12,36,34,0,7
30,09,2022,12,05,14,34,34,0,0
30,09,2022,12,05,15,33,21,0,0
30,09,2022,12,05,19,70,39,0,0
30,09,2022,12,05,20,70,39,42,6
30,09,2022,12,05,22,44,18,42,6
30,09,2022,12,05,23,44,18,0,0
30,09,2022,12,05,28,74,13,0,0
30,09,2022,12,05,29,74,13,56,6
30,09,2022,12,05,30,62,39,56,6
30,09,2022,12,05,31,62,39,20,6
30,09,2022,12,05,31,36,39,20,6
30,09,2022,12,05,32,36,39,0,6
30,09,2022,12,05,33,24,23,0,6
30,09,2022,12,05,34,24,23,0,0
30,09,2022,12,05,38,24,17,49,5
30,09,2022,12,05,39,69,37,49,5
30,09,2022,12,05,40,69,37,34,7
30,09,2022,12,05,41,52,46,34,7
30,09,2022,12,05,41,52,46,6,7
30,09,2022,12,05,42,39,34,6,7
30,09,2022,12,05,43,39,34,0,0
30,09,2022,12,05,48,70,51,0,0
30,09,2022,12,05,49,70,51,54,5
30,09,2022,12,05,50,57,41,54,5
30,09,2022,12,05,51,57,41,20,6
30,09,2022,12,05,51,28,37,20,6
30,09,2022,12,05,52,28,37,0,1
30,09,2022,12,05,56,25,26,0,0
30,09,2022,12,05,58,25,26,52,6
30,09,2022,12,05,59,66,42,52,6
30,09,2022,12,06,00,66,42,36,6
30,09,2022,12,06,01,49,44,36,6
30,09,2022,12,06,01,49,44,0,6
30,09,2022,12,06,02,32,42,0,6
30,09,2022,12,06,03,32,42,0,0
30,09,2022,12,06,08,61,45,0,0
30,09,2022,12,06,09,61,45,54,6
30,09,2022,12,06,11,55,39,28,6
30,09,2022,12,06,11,43,45,28,6
30,09,2022,12,06,12,43,45,0,1
30,09,2022,12,06,13,35,27,0,1
30,09,2022,12,06,18,35,23,51,6
30,09,2022,12,06,19,69,44,51,6
30,09,2022,12,06,21,69,40,0,6
30,09,2022,12,06,22,33,23,0,6
30,09,2022,12,06,23,33,23,0,0
30,09,2022,12,06,28,63,37,0,0
30,09,2022,12,06,29,63,37,53,6
30,09,2022,12,06,31,58,40,27,6
30,09,2022,12,06,31,41,41,27,6
30,09,2022,12,06,32,41,41,0,0
30,09,2022,12,06,34,40,23,0,0
30,09,2022,12,06,38,40,21,53,0
30,09,2022,12,06,39,72,44,53,0
30,09,2022,12,06,40,72,44,35,6
30,09,2022,12,06,41,59,40,35,6
30,09,2022,12,06,41,59,40,8,6
30,09,2022,12,06,42,40,22,8,6
30,09,2022,12,06,43,40,22,0,0
30,09,2022,12,06,48,75,16,0,0
30,09,2022,12,06,49,75,16,52,6
30,09,2022,12,06,50,54,32,52,6
30,09,2022,12,06,51,54,32,22,6
30,09,2022,12,06,52,53,39,0,0
30,09,2022,12,06,53,35,26,0,0
30,09,2022,12,06,58,33,21,52,6
30,09,2022,12,06,59,72,45,52,6
30,09,2022,12,07,00,72,45,37,6
30,09,2022,12,07,01,54,43,37,6
30,09,2022,12,07,01,54,43,0,5
30,09,2022,12,07,02,30,37,0,5
30,09,2022,12,07,03,30,37,0,0
30,09,2022,12,07,09,39,35,54,5
30,09,2022,12,07,10,69,40,54,5
30,09,2022,12,07,11,69,40,33,5
30,09,2022,12,07,11,46,34,33,5
30,09,2022,12,07,12,46,34,0,1
30,09,2022,12,07,13,39,23,0,1
30,09,2022,12,07,18,39,20,22,0
30,09,2022,12,07,19,64,31,22,0
30,09,2022,12,07,20,64,31,45,7
30,09,2022,12,07,20,51,37,45,7
30,09,2022,12,07,21,51,37,7,6
30,09,2022,12,07,22,39,20,7,6
30,09,2022,12,07,23,39,20,0,0
30,09,2022,12,07,28,52,18,0,0
30,09,2022,12,07,29,52,18,54,8
30,09,2022,12,07,30,61,18,34,6
30,09,2022,12,07,31,33,44,34,6
30,09,2022,12,07,32,33,44,0,6
30,09,2022,12,07,33,34,16,0,6
30,09,2022,12,07,34,34,16,0,0
30,09,2022,12,07,38,33,13,11,0
30,09,2022,12,07,39,69,42,11,0
30,09,2022,12,07,40,69,42,49,5
30,09,2022,12,07,40,53,34,49,5
30,09,2022,12,07,41,53,34,8,6
30,09,2022,12,07,42,33,18,8,6
30,09,2022,12,07,43,33,18,0,0
30,09,2022,12,07,50,68,31,0,0
30,09,2022,12,07,50,68,31,35,6
30,09,2022,12,07,51,49,31,35,6
30,09,2022,12,07,52,49,31,0,0
30,09,2022,12,07,53,31,25,0,0
30,09,2022,12,07,58,29,21,14,0
30,09,2022,12,07,59,68,37,14,0
30,09,2022,12,08,00,68,37,46,6
30,09,2022,12,08,00,54,35,46,6
30,09,2022,12,08,01,54,35,10,6
30,09,2022,12,08,02,43,22,10,6
30,09,2022,12,08,03,43,22,0,0
30,09,2022,12,08,09,42,24,55,7
30,09,2022,12,08,10,63,37,55,7
30,09,2022,12,08,10,63,37,30,6
30,09,2022,12,08,11,48,37,30,6
30,09,2022,12,08,12,48,37,0,0
30,09,2022,12,08,13,36,15,0,0
30,09,2022,12,08,19,70,38,3,0
30,09,2022,12,08,20,70,38,46,7
30,09,2022,12,08,20,53,38,46,7
30,09,2022,12,08,21,53,38,5,4
30,09,2022,12,08,22,20,23,5,4
30,09,2022,12,08,23,20,23,0,0
30,09,2022,12,08,29,26,25,53,6
30,09,2022,12,08,29,53,40,53,6
30,09,2022,12,08,30,53,40,34,6
30,09,2022,12,08,31,42,43,34,6
30,09,2022,12,08,32,42,43,0,0
30,09,2022,12,08,33,36,19,0,0
30,09,2022,12,08,38,33,15,11,0
30,09,2022,12,08,39,64,40,11,0
30,09,2022,12,08,40,64,40,48,6
30,09,2022,12,08,41,59,40,8,6
30,09,2022,12,08,42,34,21,8,6
30,09,2022,12,08,43,34,21,0,0
30,09,2022,12,08,49,29,21,0,7
30,09,2022,12,08,49,62,43,0,7
30,09,2022,12,08,50,62,43,36,5
30,09,2022,12,08,51,47,28,36,5
30,09,2022,12,08,52,47,28,0,0
30,09,2022,12,08,53,29,21,0,0
30,09,2022,12,08,59,70,39,3,0
30,09,2022,12,09,00,70,39,48,6
30,09,2022,12,09,01,62,42,9,5
30,09,2022,12,09,02,44,22,9,5
30,09,2022,12,09,03,44,22,0,0
30,09,2022,12,09,09,50,25,54,7
30,09,2022,12,09,10,65,41,54,7
30,09,2022,12,09,10,65,41,36,6
30,09,2022,12,09,11,49,42,36,6
30,09,2022,12,09,12,49,42,0,0
30,09,2022,12,09,13,44,28,0,0
30,09,2022,12,09,18,43,24,12,0
30,09,2022,12,09,19,69,38,12,0
30,09,2022,12,09,19,69,38,49,6
30,09,2022,12,09,21,70,38,7,6
30,09,2022,12,09,22,37,20,7,6
30,09,2022,12,09,23,37,20,0,0
30,09,2022,12,09,28,59,19,0,0
30,09,2022,12,09,29,59,19,55,6
30,09,2022,12,09,29,58,34,55,6
30,09,2022,12,09,30,58,34,27,7
30,09,2022,12,09,31,34,42,27,7
30,09,2022,12,09,32,34,42,0,0
30,09,2022,12,09,33,38,24,0,0
30,09,2022,12,09,39,62,37,4,0
30,09,2022,12,09,39,62,37,46,5
30,09,2022,12,09,40,49,40,46,5
30,09,2022,12,09,41,49,40,6,0
30,09,2022,12,09,42,23,24,6,0
30,09,2022,12,09,49,22,24,52,6
30,09,2022,12,09,49,63,41,52,6
30,09,2022,12,09,50,63,41,35,6
30,09,2022,12,09,51,47,41,35,6
30,09,2022,12,09,52,47,41,0,0
30,09,2022,12,09,52,25,20,0,0
30,09,2022,12,09,59,66,34,0,0
30,09,2022,12,09,59,66,34,51,7
30,09,2022,12,10,00,51,41,51,7
30,09,2022,12,10,01,51,41,26,1
30,09,2022,12,10,02,30,22,26,1
30,09,2022,12,10,02,30,22,0,0
30,09,2022,12,10,09,27,18,55,6
30,09,2022,12,10,09,69,41,55,6
30,09,2022,12,10,10,69,41,35,6
30,09,2022,12,10,11,54,38,35,6
30,09,2022,12,10,12,54,38,0,0
30,09,2022,12,10,13,42,19,0,0
30,09,2022,12,10,17,0,17,0,0
30,09,2022,12,10,19,81,17,0,0
30,09,2022,12,10,19,81,17,53,6
30,09,2022,12,10,20,66,43,53,6
30,09,2022,12,10,21,66,43,8,1
30,09,2022,12,10,22,44,43,8,1
30,09,2022,12,10,23,44,20,0,0
30,09,2022,12,10,29,44,20,54,5
30,09,2022,12,10,30,64,20,54,5
30,09,2022,12,10,30,64,20,36,5
30,09,2022,12,10,32,56,25,36,0
30,09,2022,12,10,33,47,22,0,0
30,09,2022,12,10,39,47,49,0,0
30,09,2022,12,10,39,47,49,52,5
30,09,2022,12,10,41,56,39,9,0
30,09,2022,12,10,42,32,31,9,0
30,09,2022,12,10,49,28,27,56,7
30,09,2022,12,10,49,61,44,56,7
30,09,2022,12,10,50,61,44,32,6
30,09,2022,12,10,51,46,32,32,6
30,09,2022,12,10,52,46,32,0,0
30,09,2022,12,10,52,20,27,0,0
30,09,2022,12,10,59,46,46,0,0
30,09,2022,12,10,59,46,46,10,6
30,09,2022,12,11,01,48,39,0,0
30,09,2022,12,11,02,42,23,0,0
30,09,2022,12,11,09,41,22,75,0
30,09,2022,12,11,09,72,40,75,0
30,09,2022,12,11,10,72,40,55,6
30,09,2022,12,11,11,71,15,55,6
30,09,2022,12,11,12,71,15,46,0
30,09,2022,12,11,12,53,12,46,0
30,09,2022,12,11,13,53,12,9,0
30,09,2022,12,11,14,28,11,9,0
30,09,2022,12,11,19,71,11,0,0
30,09,2022,12,11,19,71,11,51,6
30,09,2022,12,11,20,65,44,51,6
30,09,2022,12,11,21,65,44,23,0
30,09,2022,12,11,22,41,18,23,0
30,09,2022,12,11,22,41,18,0,0
30,09,2022,12,11,29,36,16,54,5
30,09,2022,12,11,29,66,38,54,5
30,09,2022,12,11,30,66,38,34,7
30,09,2022,12,11,31,47,38,34,7
30,09,2022,12,11,32,47,38,0,0
30,09,2022,12,11,32,42,17,0,0
30,09,2022,12,11,38,70,44,0,0
30,09,2022,12,11,39,70,44,53,6
30,09,2022,12,11,40,56,43,53,6
30,09,2022,12,11,41,56,43,8,0
30,09,2022,12,11,42,34,23,8,0
30,09,2022,12,11,48,29,21,55,6
30,09,2022,12,11,49,68,35,55,6
30,09,2022,12,11,50,68,35,37,1
30,09,2022,12,11,51,39,25,37,1
30,09,2022,12,11,52,39,25,0,0
30,09,2022,12,11,59,67,41,0,0
30,09,2022,12,11,59,67,41,0,6
30,09,2022,12,12,00,67,30,0,6
30,09,2022,12,12,01,67,30,10,0
30,09,2022,12,12,02,67,13,10,0
30,09,2022,12,12,03,18,11,0,0
30,09,2022,12,12,08,18,9,55,6
30,09,2022,12,12,09,64,36,55,6
30,09,2022,12,12,10,64,36,34,6
30,09,2022,12,12,11,43,22,34,6
30,09,2022,12,12,12,43,22,0,0
30,09,2022,12,12,12,28,19,0,0
30,09,2022,12,12,19,64,38,0,0
30,09,2022,12,12,19,64,38,53,6
30,09,2022,12,12,21,56,36,25,0
30,09,2022,12,12,22,40,28,25,0
30,09,2022,12,12,23,40,28,0,0
30,09,2022,12,12,23,27,28,0,0
30,09,2022,12,12,25,26,0,0,0
30,09,2022,12,12,26,26,25,0,0
30,09,2022,12,12,28,26,24,51,5
30,09,2022,12,12,29,66,41,51,5
30,09,2022,12,12,31,53,41,43,6
30,09,2022,12,12,31,53,41,0,0
30,09,2022,12,12,32,34,18,0,0
30,09,2022,12,12,38,67,43,0,0
30,09,2022,12,12,39,67,43,56,6
30,09,2022,12,12,41,66,39,21,0
30,09,2022,12,12,42,46,18,21,0
30,09,2022,12,12,42,46,18,0,0
30,09,2022,12,12,48,39,17,0,6
30,09,2022,12,12,49,72,42,0,6
30,09,2022,12,12,50,72,42,37,1
30,09,2022,12,12,51,55,12,37,1
30,09,2022,12,12,51,55,12,0,0
30,09,2022,12,12,52,37,11,0,0
30,09,2022,12,12,58,68,37,0,0
30,09,2022,12,12,59,68,37,54,6
30,09,2022,12,13,00,56,42,54,6
30,09,2022,12,13,01,56,42,24,0
30,09,2022,12,13,01,42,29,24,0
30,09,2022,12,13,02,42,29,0,0
30,09,2022,12,13,08,36,21,52,6
30,09,2022,12,13,09,63,39,52,6
30,09,2022,12,13,10,63,39,35,6
30,09,2022,12,13,11,48,18,35,6
30,09,2022,12,13,11,48,18,0,0
30,09,2022,12,13,12,35,15,0,0
30,09,2022,12,13,18,64,38,0,0
30,09,2022,12,13,19,64,38,55,6
30,09,2022,12,13,21,59,34,26,0
30,09,2022,12,13,21,35,22,26,0
30,09,2022,12,13,22,35,22,0,0
30,09,2022,12,13,28,32,18,66,7
30,09,2022,12,13,29,62,37,66,7
30,09,2022,12,13,30,62,37,36,5
30,09,2022,12,13,31,51,13,36,5
30,09,2022,12,13,31,51,13,7,0
30,09,2022,12,13,32,35,11,7,0
30,09,2022,12,13,38,64,36,0,0
30,09,2022,12,13,39,64,36,55,6
30,09,2022,12,13,40,55,22,55,6
30,09,2022,12,13,41,55,22,21,0
30,09,2022,12,13,42,50,22,0,0
30,09,2022,12,13,48,45,14,52,6
30,09,2022,12,13,49,67,31,52,6
30,09,2022,12,13,50,67,31,45,0
30,09,2022,12,13,51,57,24,8,0
30,09,2022,12,13,52,40,22,8,0
30,09,2022,12,13,58,38,38,0,0
30,09,2022,12,13,59,38,38,55,5
30,09,2022,12,14,00,59,28,55,5
30,09,2022,12,14,01,59,28,21,0
30,09,2022,12,14,02,50,22,0,0
30,09,2022,12,14,08,44,18,51,6
30,09,2022,12,14,09,66,40,51,6
30,09,2022,12,14,10,66,40,36,1
30,09,2022,12,14,11,48,17,36,1
30,09,2022,12,14,11,48,17,0,0
30,09,2022,12,14,12,30,14,0,0
30,09,2022,12,14,18,65,33,0,0
30,09,2022,12,14,19,65,33,53,7
30,09,2022,12,14,21,58,26,21,0
30,09,2022,12,14,22,58,21,0,0
30,09,2022,12,14,24,29,19,0,0
30,09,2022,12,14,28,28,19,52,6
30,09,2022,12,14,29,65,33,52,6
30,09,2022,12,14,30,65,33,38,0
30,09,2022,12,14,31,48,22,38,0
30,09,2022,12,14,31,48,22,0,0
30,09,2022,12,14,32,25,20,0,0
30,09,2022,12,14,39,31,21,55,0
30,09,2022,12,14,40,62,35,55,0
30,09,2022,12,14,41,62,35,33,0
30,09,2022,12,14,41,38,20,33,0
30,09,2022,12,14,42,38,20,0,0
30,09,2022,12,14,48,30,18,14,0
30,09,2022,12,14,49,68,28,14,0
30,09,2022,12,14,50,68,28,48,0
30,09,2022,12,14,51,60,31,9,0
30,09,2022,12,14,52,19,29,9,0
30,09,2022,12,14,58,45,30,0,0
30,09,2022,12,14,59,45,30,54,6
30,09,2022,12,15,00,64,30,54,6
30,09,2022,12,15,00,64,30,30,6
30,09,2022,12,15,02,54,26,0,0
30,09,2022,12,15,09,65,33,10,0
30,09,2022,12,15,10,65,33,46,0
30,09,2022,12,15,11,58,25,9,0
30,09,2022,12,15,12,27,23,9,0
30,09,2022,12,15,19,32,23,52,6
30,09,2022,12,15,20,65,27,52,6
30,09,2022,12,15,20,65,27,31,0
30,09,2022,12,15,21,35,22,31,0
30,09,2022,12,15,22,35,22,0,0
30,09,2022,12,15,28,29,19,14,0
30,09,2022,12,15,29,65,33,14,0
30,09,2022,12,15,30,65,33,45,0
30,09,2022,12,15,30,54,25,45,0
30,09,2022,12,15,31,54,25,7,0
30,09,2022,12,15,32,29,22,7,0
30,09,2022,12,15,39,26,23,54,7
30,09,2022,12,15,40,59,18,54,7
30,09,2022,12,15,41,59,18,31,7
30,09,2022,12,15,41,40,16,31,7
30,09,2022,12,15,42,40,16,0,0
30,09,2022,12,15,49,63,39,3,0
30,09,2022,12,15,50,63,39,46,0
30,09,2022,12,15,50,54,21,46,0
30,09,2022,12,15,51,54,21,7,0
30,09,2022,12,15,52,24,19,7,0
30,09,2022,12,15,59,29,22,53,6
30,09,2022,12,16,00,60,19,53,6
30,09,2022,12,16,00,60,19,31,0
30,09,2022,12,16,01,40,19,31,0
30,09,2022,12,16,02,40,19,0,0
30,09,2022,12,16,08,31,16,11,0
30,09,2022,12,16,09,66,38,11,0
30,09,2022,12,16,10,66,38,49,0
30,09,2022,12,16,10,61,24,49,0
30,09,2022,12,16,11,61,24,8,0
30,09,2022,12,16,12,35,22,8,0
30,09,2022,12,16,18,51,23,0,0
30,09,2022,12,16,19,51,23,53,5
30,09,2022,12,16,20,70,19,53,5
30,09,2022,12,16,20,70,19,33,0
30,09,2022,12,16,21,53,18,33,0
30,09,2022,12,16,22,53,18,0,0
30,09,2022,12,16,28,46,16,15,0
30,09,2022,12,16,29,70,35,15,0
30,09,2022,12,16,30,70,35,45,0
30,09,2022,12,16,30,56,20,45,0
30,09,2022,12,16,31,56,20,9,0
30,09,2022,12,16,32,33,19,9,0
30,09,2022,12,16,38,60,22,0,0
30,09,2022,12,16,39,60,22,54,5
30,09,2022,12,16,40,62,26,37,0
30,09,2022,12,16,41,49,24,37,0
30,09,2022,12,16,42,49,24,0,0
30,09,2022,12,16,43,30,23,0,0
30,09,2022,12,16,49,75,26,7,0
30,09,2022,12,16,50,75,26,50,0
30,09,2022,12,16,50,50,21,50,0
30,09,2022,12,16,51,50,21,8,0
30,09,2022,12,16,52,37,19,8,0
30,09,2022,12,16,59,43,17,53,4
30,09,2022,12,17,00,61,32,53,4
30,09,2022,12,17,00,61,32,5,4
30,09,2022,12,17,01,41,29,5,4
30,09,2022,12,17,02,41,29,0,0
30,09,2022,12,17,09,57,35,0,0
30,09,2022,12,17,10,57,35,35,0
30,09,2022,12,17,10,53,19,35,0
30,09,2022,12,17,13,54,19,10,0
30,09,2022,12,17,13,36,16,10,0
30,09,2022,12,17,19,34,14,54,4
30,09,2022,12,17,20,64,29,54,4
30,09,2022,12,17,20,64,29,35,0
30,09,2022,12,17,21,47,25,35,0
30,09,2022,12,17,22,47,25,0,0
30,09,2022,12,17,23,33,24,0,0
30,09,2022,12,17,29,66,40,0,0
30,09,2022,12,17,29,66,40,53,0
30,09,2022,12,17,30,57,20,53,0
30,09,2022,12,17,31,57,20,9,0
30,09,2022,12,17,33,41,17,0,0
30,09,2022,12,17,39,39,15,52,0
30,09,2022,12,17,39,67,14,52,0
30,09,2022,12,17,40,67,14,36,0
30,09,2022,12,17,41,52,13,36,0
30,09,2022,12,17,42,52,13,0,0
30,09,2022,12,17,43,24,13,0,0
30,09,2022,12,17,49,65,38,0,0
30,09,2022,12,17,49,65,38,49,0
30,09,2022,12,17,50,56,24,49,0
30,09,2022,12,17,51,56,24,9,0
30,09,2022,12,17,52,42,22,9,0
30,09,2022,12,17,53,17,0,0,0
30,09,2022,12,17,55,16,20,0,0
30,09,2022,12,17,59,17,20,22,1
30,09,2022,12,17,59,50,32,22,1
30,09,2022,12,18,00,50,32,0,0
30,09,2022,12,18,01,33,30,0,0
30,09,2022,12,18,09,72,31,0,0
30,09,2022,12,18,09,72,31,75,0
30,09,2022,12,18,10,75,16,75,0
30,09,2022,12,18,11,75,16,54,0
30,09,2022,12,18,13,67,14,24,0
30,09,2022,12,18,13,46,14,24,0
30,09,2022,12,18,14,46,14,0,0
30,09,2022,12,18,15,32,13,0,0
30,09,2022,12,18,19,29,13,53,0
30,09,2022,12,18,19,50,13,53,0
30,09,2022,12,18,20,50,13,0,0
30,09,2022,12,18,21,21,13,0,0
30,09,2022,12,18,29,66,35,0,0
30,09,2022,12,18,29,66,35,52,0
30,09,2022,12,18,30,69,21,52,0
30,09,2022,12,18,32,58,20,47,0
30,09,2022,12,18,32,58,20,8,0
30,09,2022,12,18,33,29,20,8,0
30,09,2022,12,18,39,22,19,54,0
30,09,2022,12,18,39,68,19,54,0
30,09,2022,12,18,40,68,19,38,0
30,09,2022,12,18,41,47,19,38,0
30,09,2022,12,18,42,47,19,0,0
30,09,2022,12,18,42,33,18,0,0
30,09,2022,12,18,49,72,18,0,0
30,09,2022,12,18,49,72,18,52,0
30,09,2022,12,18,51,72,18,8,0
30,09,2022,12,18,52,45,18,8,0
30,09,2022,12,18,59,43,18,53,0
30,09,2022,12,18,59,71,18,53,0
30,09,2022,12,19,00,71,18,37,0
30,09,2022,12,19,01,51,18,37,0
30,09,2022,12,19,02,51,18,0,0
30,09,2022,12,19,02,32,18,0,0
30,09,2022,12,19,09,65,18,0,0
30,09,2022,12,19,09,65,18,51,0
30,09,2022,12,19,11,59,18,8,0
30,09,2022,12,19,12,39,18,8,0
30,09,2022,12,19,19,37,19,53,0
30,09,2022,12,19,20,37,18,34,0
30,09,2022,12,19,23,28,18,0,0
30,09,2022,12,19,29,66,18,0,0
30,09,2022,12,19,29,66,18,53,0
30,09,2022,12,19,30,55,18,53,0
30,09,2022,12,19,32,36,18,53,0
30,09,2022,12,19,32,36,18,0,0
30,09,2022,12,19,39,33,18,54,0
30,09,2022,12,19,39,64,18,54,0
30,09,2022,12,19,40,64,18,35,0
30,09,2022,12,19,41,45,19,35,0
30,09,2022,12,19,42,31,18,35,0
30,09,2022,12,19,43,31,18,0,0
30,09,2022,12,19,48,66,18,0,0
30,09,2022,12,19,49,66,18,55,0
30,09,2022,12,19,51,60,18,23,0
30,09,2022,12,19,52,60,18,0,0
30,09,2022,12,19,53,41,18,0,0
30,09,2022,12,19,58,41,18,52,0
30,09,2022,12,19,59,68,18,52,0
30,09,2022,12,20,00,68,18,36,0
30,09,2022,12,20,01,45,18,36,0
30,09,2022,12,20,02,45,18,7,0
30,09,2022,12,20,03,29,18,7,0
30,09,2022,12,20,09,69,18,0,0
30,09,2022,12,20,09,69,18,54,0
30,09,2022,12,20,11,61,18,27,0
30,09,2022,12,20,12,39,18,27,0
30,09,2022,12,20,12,39,18,0,0
30,09,2022,12,20,18,36,18,51,0
30,09,2022,12,20,19,65,150,51,0
30,09,2022,12,20,20,65,150,37,0
30,09,2022,12,20,21,44,123,37,0
30,09,2022,12,20,22,22,121,37,0
30,09,2022,12,20,23,22,121,0,0
30,09,2022,12,20,28,66,155,0,0
30,09,2022,12,20,29,66,155,52,0
30,09,2022,12,20,30,51,122,52,0
30,09,2022,12,20,31,51,122,22,0
30,09,2022,12,20,31,34,118,22,0
30,09,2022,12,20,32,34,118,0,0
30,09,2022,12,20,39,31,114,53,4
30,09,2022,12,20,39,65,119,53,4
30,09,2022,12,20,40,65,119,35,0
30,09,2022,12,20,41,47,116,35,0
30,09,2022,12,20,42,47,116,9,0
30,09,2022,12,20,42,21,114,9,0
30,09,2022,12,20,48,64,155,0,0
30,09,2022,12,20,49,64,155,55,0
30,09,2022,12,20,50,60,131,55,0
30,09,2022,12,20,51,60,131,26,0
30,09,2022,12,20,51,43,128,26,0
30,09,2022,12,20,52,43,128,0,0
30,09,2022,12,20,53,28,127,0,0
30,09,2022,12,20,58,27,125,52,5
30,09,2022,12,20,59,67,127,52,5
30,09,2022,12,21,00,67,127,42,0
30,09,2022,12,21,01,52,119,42,0
30,09,2022,12,21,01,52,119,5,0
30,09,2022,12,21,02,38,116,5,0
30,09,2022,12,21,08,66,155,0,0
30,09,2022,12,21,09,66,155,55,0
30,09,2022,12,21,10,61,127,55,0
30,09,2022,12,21,11,61,127,22,0
30,09,2022,12,21,11,40,123,22,0
30,09,2022,12,21,12,40,123,0,0
30,09,2022,12,21,15,29,121,0,0
30,09,2022,12,21,18,28,120,51,0
30,09,2022,12,21,19,68,136,51,0
30,09,2022,12,21,21,46,129,44,0
30,09,2022,12,21,21,46,129,0,0
30,09,2022,12,21,22,29,127,0,0
30,09,2022,12,21,28,72,168,0,0
30,09,2022,12,21,29,72,168,52,0
30,09,2022,12,21,30,55,139,52,0
30,09,2022,12,21,31,55,139,21,0
30,09,2022,12,21,31,20,135,21,0
30,09,2022,12,21,32,20,135,0,0
30,09,2022,12,21,38,16,131,0,4
30,09,2022,12,21,39,67,131,0,4
30,09,2022,12,21,40,67,131,35,0
30,09,2022,12,21,41,67,122,8,0
30,09,2022,12,21,42,31,120,8,0
30,09,2022,12,21,44,0,119,0,0
30,09,2022,12,21,45,29,118,0,0
30,09,2022,12,21,49,34,124,54,4
30,09,2022,12,21,50,63,139,54,4
30,09,2022,12,21,51,63,139,33,0
30,09,2022,12,21,51,30,136,33,0
30,09,2022,12,21,52,30,136,0,0
30,09,2022,12,21,59,65,147,0,0
30,09,2022,12,22,01,56,121,0,0
30,09,2022,12,22,02,40,118,8,0
30,09,2022,12,22,09,49,122,56,5
30,09,2022,12,22,10,64,121,56,5
30,09,2022,12,22,11,64,121,32,0
30,09,2022,12,22,11,38,116,32,0
30,09,2022,12,22,12,38,116,0,0
30,09,2022,12,22,19,73,145,8,0
30,09,2022,12,22,20,73,145,47,0
30,09,2022,12,22,21,54,114,47,0
30,09,2022,12,22,21,54,114,7,0
30,09,2022,12,22,22,30,111,7,0
30,09,2022,12,22,28,48,112,0,0
30,09,2022,12,22,29,48,112,55,4
30,09,2022,12,22,30,66,124,55,4
30,09,2022,12,22,31,66,124,35,0
30,09,2022,12,22,31,53,121,35,0
30,09,2022,12,22,32,53,121,0,0
30,09,2022,12,22,33,31,119,0,0
30,09,2022,12,22,39,28,143,0,0
30,09,2022,12,22,40,28,143,45,0
30,09,2022,12,22,41,56,127,45,0
30,09,2022,12,22,41,56,127,6,0
30,09,2022,12,22,42,26,125,6,0
30,09,2022,12,22,49,33,126,53,6
30,09,2022,12,22,50,61,135,53,6
30,09,2022,12,22,51,61,135,35,0
30,09,2022,12,22,52,52,128,0,0
30,09,2022,12,22,53,36,126,0,0
30,09,2022,12,22,58,33,123,13,0
30,09,2022,12,22,59,66,139,13,0
30,09,2022,12,23,01,57,123,48,0
30,09,2022,12,23,01,57,123,8,0
30,09,2022,12,23,02,37,120,8,0
30,09,2022,12,23,09,47,124,55,5
30,09,2022,12,23,10,65,125,55,5
30,09,2022,12,23,10,65,125,33,0
30,09,2022,12,23,11,48,117,33,0
30,09,2022,12,23,12,48,117,0,0
30,09,2022,12,23,13,36,115,0,0
30,09,2022,12,23,19,64,138,3,0
30,09,2022,12,23,20,64,138,49,0
30,09,2022,12,23,20,51,138,49,0
30,09,2022,12,23,21,51,138,9,0
30,09,2022,12,23,22,29,117,9,0
30,09,2022,12,23,28,43,117,0,0
30,09,2022,12,23,29,43,117,53,6
30,09,2022,12,23,30,59,119,53,6
30,09,2022,12,23,30,59,119,33,0
30,09,2022,12,23,31,38,110,33,0
30,09,2022,12,23,32,38,110,0,0
30,09,2022,12,23,38,34,106,13,0
30,09,2022,12,23,39,69,131,13,0
30,09,2022,12,23,40,69,131,46,0
30,09,2022,12,23,40,60,108,46,0
30,09,2022,12,23,41,60,108,6,0
30,09,2022,12,23,42,34,105,6,0
30,09,2022,12,23,48,51,104,0,0
30,09,2022,12,23,49,51,104,0,5
30,09,2022,12,23,50,71,131,0,5
30,09,2022,12,23,50,71,131,36,0
30,09,2022,12,23,51,50,115,36,0
30,09,2022,12,23,52,50,115,0,0
30,09,2022,12,23,53,39,113,0,0
30,09,2022,12,23,59,67,129,0,0
30,09,2022,12,24,00,67,129,50,4
30,09,2022,12,24,00,54,118,50,4
30,09,2022,12,24,01,54,118,9,0
30,09,2022,12,24,03,31,114,0,0
30,09,2022,12,24,09,25,112,52,5
30,09,2022,12,24,10,64,138,52,5
30,09,2022,12,24,10,64,138,35,0
30,09,2022,12,24,11,27,138,35,0
30,09,2022,12,24,12,27,138,0,0
30,09,2022,12,24,13,18,102,0,0
30,09,2022,12,24,19,58,134,0,0
30,09,2022,12,24,20,58,134,36,6
30,09,2022,12,24,20,29,111,36,6
30,09,2022,12,24,21,29,111,0,0
30,09,2022,12,24,29,27,103,56,5
30,09,2022,12,24,30,64,132,56,5
30,09,2022,12,24,30,64,132,53,0
30,09,2022,12,24,31,67,114,53,0
