20,09,2022,10,14,08,GLITCH,1,1
20,09,2022,12,29,27,BRAKE,0x01,0x00,0x00,0x00,0x01,0x00,0x00,0x00,0x00,0x00,0x00,0x00,0x00,0x00,0x00,0x00,0x00,0x00
20,09,2022,12,29,54,BRAKE,0x01,0x00,0x00,0x01,0x01,0x00,0x00,0x00,0x00,0x00,0x00,0x00,0x00,0x00,0x00,0x00,0x00,0x00
20,09,2022,12,30,32,GLITCH,1,0
20,09,2022,12,30,32,GLITCH,1,0
20,09,2022,12,30,32,GLITCH,1,0
20,09,2022,12,30,33,GLITCH,1,0
20,09,2022,12,38,46,GLITCH,0,1
20,09,2022,12,39,57,GLITCH,0,1
20,09,2022,12,41,13,GLITCH,0,1
20,09,2022,12,43,49,GLITCH,0,1
20,09,2022,12,50,17,GLITCH,0,1
20,09,2022,12,50,25,GLITCH,0,1
20,09,2022,12,50,43,GLITCH,0,1
20,09,2022,12,53,11,GLITCH,0,1
20,09,2022,12,58,49,GLITCH,0,1
20,09,2022,13,01,00,GLITCH,0,1
20,09,2022,13,01,35,GLITCH,0,1
20,09,2022,13,02,07,GLITCH,0,1
20,09,2022,13,02,07,GLITCH,0,1
20,09,2022,13,10,23,GLITCH,0,1
20,09,2022,13,12,31,GLITCH,0,1
20,09,2022,13,12,32,GLITCH,0,1
20,09,2022,13,12,32,GLITCH,0,1
20,09,2022,13,14,58,GLITCH,0,1
20,09,2022,13,14,59,GLITCH,0,1
20,09,2022,13,14,59,GLITCH,0,1
20,09,2022,13,28,27,GLITCH,0,1
20,09,2022,13,47,27,GLITCH,0,1
20,09,2022,13,53,40,GLITCH,1,0
20,09,2022,13,53,51,BRAKE,0x00,0x00,0x00,0x00,0x01,0x00,0x00,0x00,0x00,0x00,0x00,0x00,0x00,0x00,0x00,0x00,0x00,0x00
20,09,2022,13,53,56,BRAKE,0x00,0x00,0x00,0x01,0x01,0x00,0x00,0x00,0x00,0x00,0x00,0x00,0x00,0x00,0x00,0x00,0x00,0x00
20,09,2022,14,01,55,BRAKE,0x01,0x00,0x00,0x00,0x01,0x00,0x00,0x00,0x00,0x00,0x00,0x00,0x00,0x00,0x00,0x00,0x00,0x00
20,09,2022,14,02,22,LIMIT,0x00,0x00,0x00,0x00,0x00,0x00,0x00,0x00,0x01,0x00
20,09,2022,14,02,22,BRAKE,0x01,0x00,0x00,0x00,0x01,0x00,0x00,0x00,0x00,0x00,0x00,0x00,0x00,0x00,0x00,0x00,0x00,0x00
20,09,2022,14,04,06,BRAKE,0x01,0x00,0x00,0x01,0x01,0x00,0x00,0x00,0x00,0x00,0x00,0x00,0x00,0x00,0x00,0x00,0x00,0x00
20,09,2022,14,05,21,GLITCH,0,1
20,09,2022,14,06,22,GLITCH,0,1
20,09,2022,14,07,59,GLITCH,0,1
20,09,2022,14,09,38,GLITCH,0,1
20,09,2022,14,12,09,GLITCH,0,1
20,09,2022,14,12,26,GLITCH,0,1
20,09,2022,14,13,23,GLITCH,0,1
20,09,2022,14,14,34,GLITCH,0,1
20,09,2022,14,15,30,GLITCH,0,1
20,09,2022,14,17,17,GLITCH,0,1
20,09,2022,14,18,37,GLITCH,0,1
20,09,2022,14,19,20,GLITCH,0,1
20,09,2022,14,20,35,GLITCH,0,1
20,09,2022,14,22,44,GLITCH,0,1
20,09,2022,14,23,02,GLITCH,0,1
20,09,2022,14,24,28,GLITCH,0,1
20,09,2022,14,25,45,GLITCH,0,1
20,09,2022,14,26,20,GLITCH,0,1
20,09,2022,14,26,42,GLITCH,0,1
20,09,2022,14,27,05,GLITCH,0,1
20,09,2022,14,27,18,GLITCH,0,1
20,09,2022,14,30,28,GLITCH,0,1
20,09,2022,14,31,42,GLITCH,0,1
20,09,2022,14,32,00,GLITCH,0,1
20,09,2022,14,32,10,GLITCH,0,1
20,09,2022,14,32,45,GLITCH,0,1
20,09,2022,14,34,17,GLITCH,0,1
20,09,2022,14,39,00,GLITCH,0,1
20,09,2022,14,41,21,GLITCH,0,1
20,09,2022,14,45,13,GLITCH,0,1
20,09,2022,14,45,26,GLITCH,0,1
20,09,2022,14,46,33,GLITCH,0,1
20,09,2022,14,47,21,GLITCH,0,1
20,09,2022,14,49,08,GLITCH,0,1
20,09,2022,14,51,31,GLITCH,0,1
20,09,2022,14,53,36,GLITCH,0,1
20,09,2022,14,59,16,GLITCH,0,1
20,09,2022,15,03,01,GLITCH,0,1
20,09,2022,15,03,33,GLITCH,0,1
20,09,2022,15,06,34,GLITCH,0,1
20,09,2022,15,08,42,GLITCH,0,1
20,09,2022,15,08,47,GLITCH,0,1
20,09,2022,15,09,00,GLITCH,0,1
20,09,2022,15,09,26,GLITCH,0,1
20,09,2022,15,09,49,GLITCH,0,1
20,09,2022,15,10,10,GLITCH,0,1
20,09,2022,15,11,12,GLITCH,0,1
20,09,2022,15,13,12,GLITCH,0,1
20,09,2022,15,17,47,GLITCH,0,1
20,09,2022,15,18,27,GLITCH,0,1
20,09,2022,15,19,06,GLITCH,0,1
20,09,2022,15,21,42,GLITCH,0,1
20,09,2022,15,27,40,GLITCH,0,1
20,09,2022,15,28,11,GLITCH,0,1
20,09,2022,15,31,47,GLITCH,0,1
20,09,2022,15,34,44,GLITCH,0,1
20,09,2022,15,35,10,GLITCH,0,1
20,09,2022,15,39,09,GLITCH,0,1
20,09,2022,15,40,37,GLITCH,0,1
20,09,2022,15,42,24,GLITCH,0,1
20,09,2022,15,43,57,GLITCH,0,1
20,09,2022,15,44,10,GLITCH,0,1
20,09,2022,15,44,19,GLITCH,0,1
20,09,2022,15,46,23,GLITCH,0,1
20,09,2022,15,48,58,GLITCH,0,1
20,09,2022,15,49,52,GLITCH,0,1
20,09,2022,15,51,25,GLITCH,0,1
20,09,2022,15,52,41,GLITCH,0,1
20,09,2022,15,59,45,GLITCH,0,1
20,09,2022,15,59,50,GLITCH,0,1
20,09,2022,16,01,18,GLITCH,0,1
20,09,2022,16,10,16,GLITCH,0,1
20,09,2022,16,23,38,GLITCH,0,1
20,09,2022,16,23,54,GLITCH,0,1
20,09,2022,16,26,18,GLITCH,0,1
20,09,2022,16,26,27,GLITCH,0,1
20,09,2022,16,29,19,GLITCH,0,1
20,09,2022,16,46,36,BRAKE,0x01,0x00,0x00,0x00,0x01,0x00,0x00,0x00,0x00,0x00,0x00,0x00,0x00,0x00,0x00,0x00,0x00,0x00
20,09,2022,16,50,13,GLITCH,1,0
20,09,2022,16,50,46,BRAKE,0x00,0x00,0x00,0x00,0x01,0x00,0x00,0x00,0x00,0x00,0x00,0x00,0x00,0x00,0x00,0x00,0x00,0x00
20,09,2022,16,51,39,BRAKE,0x00,0x00,0x00,0x01,0x01,0x00,0x00,0x00,0x00,0x00,0x00,0x00,0x00,0x00,0x00,0x00,0x00,0x00
20,09,2022,16,51,55,GLITCH,0,1
20,09,2022,16,54,21,GLITCH,0,1
20,09,2022,16,54,25,GLITCH,0,1
20,09,2022,17,17,31,GLITCH,1,0
20,09,2022,17,17,41,BRAKE,0x00,0x00,0x00,0x00,0x01,0x00,0x00,0x00,0x00,0x00,0x00,0x00,0x00,0x00,0x00,0x00,0x00,0x00
20,09,2022,17,28,25,GLITCH,1,0
20,09,2022,17,29,04,BRAKE,0x00,0x00,0x00,0x01,0x01,0x00,0x00,0x00,0x00,0x00,0x00,0x00,0x00,0x00,0x00,0x00,0x00,0x00
20,09,2022,17,35,20,GLITCH,0,1
20,09,2022,17,36,29,GLITCH,0,1
20,09,2022,17,37,49,GLITCH,0,1
20,09,2022,17,57,51,GLITCH,0,1
20,09,2022,18,05,47,GLITCH,0,1
20,09,2022,18,09,06,GLITCH,0,1
20,09,2022,18,13,47,GLITCH,0,1
20,09,2022,18,17,44,GLITCH,0,1
20,09,2022,18,18,35,GLITCH,0,1
20,09,2022,18,45,30,GLITCH,0,1
20,09,2022,19,12,50,BRAKE,0x01,0x00,0x00,0x00,0x01,0x00,0x00,0x00,0x00,0x00,0x00,0x00,0x00,0x00,0x00,0x00,0x00,0x00
20,09,2022,19,12,57,LIMIT,0x00,0x00,0x00,0x00,0x00,0x00,0x00,0x00,0x00,0x01
20,09,2022,19,12,58,BRAKE,0x01,0x00,0x00,0x00,0x01,0x00,0x00,0x00,0x00,0x00,0x00,0x00,0x00,0x00,0x00,0x00,0x00,0x00
