26,09,2022,09,10,15,GLITCH,1,0
26,09,2022,09,20,55,BRAKE,0x00,0x00,0x00,0x00,0x01,0x00,0x00,0x00,0x00,0x00,0x00,0x00,0x00,0x00,0x00,0x00,0x00,0x00
26,09,2022,09,21,00,BRAKE,0x00,0x00,0x00,0x01,0x01,0x00,0x00,0x00,0x00,0x00,0x00,0x00,0x00,0x00,0x00,0x00,0x00,0x00
26,09,2022,09,21,32,GLITCH,0,1
26,09,2022,09,22,36,GLITCH,0,1
26,09,2022,09,23,43,GLITCH,0,1
26,09,2022,09,23,43,GLITCH,0,1
26,09,2022,09,23,43,GLITCH,0,1
26,09,2022,09,23,44,GLITCH,0,1
26,09,2022,09,23,49,GLITCH,1,0
26,09,2022,09,24,10,GLITCH,0,1
26,09,2022,09,24,10,GLITCH,0,1
26,09,2022,09,24,11,GLITCH,0,1
26,09,2022,09,24,25,GLITCH,0,1
26,09,2022,09,24,30,GLITCH,0,1
26,09,2022,09,24,41,GLITCH,0,1
26,09,2022,09,25,25,GLITCH,0,1
26,09,2022,09,25,25,GLITCH,0,1
26,09,2022,09,25,25,GLITCH,0,1
26,09,2022,09,25,38,GLITCH,0,1
26,09,2022,09,25,39,GLITCH,0,1
26,09,2022,09,25,39,GLITCH,0,1
26,09,2022,09,25,57,GLITCH,0,1
26,09,2022,09,26,56,GLITCH,0,1
26,09,2022,09,27,01,GLITCH,0,1
26,09,2022,09,27,14,GLITCH,0,1
26,09,2022,09,27,14,GLITCH,0,1
26,09,2022,09,27,15,GLITCH,0,1
26,09,2022,09,27,40,GLITCH,0,1
26,09,2022,09,28,24,GLITCH,0,1
26,09,2022,09,28,37,GLITCH,0,1
26,09,2022,09,29,18,GLITCH,0,1
26,09,2022,09,29,19,GLITCH,0,1
26,09,2022,09,29,19,GLITCH,0,1
26,09,2022,09,30,20,GLITCH,0,1
26,09,2022,09,30,39,GLITCH,0,1
26,09,2022,09,31,15,GLITCH,1,0
26,09,2022,09,31,25,GLITCH,0,1
26,09,2022,09,32,00,GLITCH,1,0
26,09,2022,09,32,00,GLITCH,1,0
26,09,2022,09,32,01,GLITCH,1,0
26,09,2022,09,32,09,GLITCH,1,0
26,09,2022,09,32,11,GLITCH,1,0
26,09,2022,09,32,12,GLITCH,1,0
26,09,2022,09,32,12,GLITCH,1,0
26,09,2022,09,32,21,GLITCH,0,1
26,09,2022,09,32,39,GLITCH,0,1
26,09,2022,09,32,39,GLITCH,0,1
26,09,2022,09,32,40,GLITCH,0,1
26,09,2022,09,32,44,GLITCH,0,1
26,09,2022,09,33,28,GLITCH,0,1
26,09,2022,09,33,40,GLITCH,0,1
26,09,2022,09,34,07,GLITCH,0,1
26,09,2022,09,34,59,GLITCH,0,1
26,09,2022,09,36,39,GLITCH,0,1
26,09,2022,09,37,29,GLITCH,0,1
26,09,2022,09,37,37,GLITCH,0,1
26,09,2022,09,38,08,GLITCH,0,1
26,09,2022,09,38,25,GLITCH,0,1
26,09,2022,09,38,25,GLITCH,0,1
26,09,2022,09,38,47,GLITCH,0,1
26,09,2022,09,39,14,GLITCH,0,1
26,09,2022,09,39,48,GLITCH,0,1
26,09,2022,09,39,50,GLITCH,0,1
26,09,2022,09,39,58,GLITCH,0,1
26,09,2022,09,40,14,GLITCH,0,1
26,09,2022,09,40,16,GLITCH,0,1
26,09,2022,09,40,43,GLITCH,0,1
26,09,2022,09,40,55,GLITCH,0,1
26,09,2022,09,41,05,GLITCH,0,1
26,09,2022,09,41,52,GLITCH,1,0
26,09,2022,09,42,51,GLITCH,0,1
26,09,2022,09,46,34,GLITCH,0,1
26,09,2022,09,46,34,GLITCH,0,1
26,09,2022,09,46,35,GLITCH,0,1
26,09,2022,09,46,44,GLITCH,0,1
26,09,2022,09,46,47,GLITCH,0,1
26,09,2022,09,46,51,GLITCH,0,1
26,09,2022,09,46,57,GLITCH,0,1
26,09,2022,09,46,57,GLITCH,0,1
26,09,2022,09,46,58,GLITCH,0,1
26,09,2022,09,47,48,GLITCH,0,1
26,09,2022,09,47,57,GLITCH,0,1
26,09,2022,09,48,00,GLITCH,0,1
26,09,2022,09,49,47,GLITCH,0,1
26,09,2022,09,49,47,GLITCH,0,1
26,09,2022,09,49,48,GLITCH,0,1
26,09,2022,09,50,34,GLITCH,0,1
26,09,2022,09,50,41,GLITCH,1,0
26,09,2022,09,50,55,GLITCH,0,1
26,09,2022,09,51,12,GLITCH,1,0
26,09,2022,09,51,12,GLITCH,1,0
26,09,2022,09,51,13,GLITCH,1,0
26,09,2022,09,54,35,GLITCH,0,1
26,09,2022,09,54,39,GLITCH,0,1
26,09,2022,09,56,24,GLITCH,0,1
26,09,2022,09,56,38,GLITCH,1,1
26,09,2022,09,58,19,GLITCH,1,0
26,09,2022,09,58,55,GLITCH,0,1
26,09,2022,10,00,19,GLITCH,0,1
26,09,2022,10,00,27,GLITCH,0,1
26,09,2022,10,08,07,BRAKE,0x01,0x00,0x00,0x00,0x01,0x00,0x00,0x00,0x00,0x00,0x00,0x00,0x00,0x00,0x00,0x00,0x00,0x00
26,09,2022,10,13,41,LIMIT,0x00,0x00,0x00,0x00,0x00,0x00,0x00,0x00,0x01,0x00
26,09,2022,10,13,41,BRAKE,0x01,0x00,0x00,0x00,0x01,0x00,0x00,0x00,0x00,0x00,0x00,0x00,0x00,0x00,0x00,0x00,0x00,0x00
26,09,2022,10,14,58,LIMIT,0x00,0x00,0x00,0x00,0x00,0x00,0x00,0x00,0x01,0x00
26,09,2022,10,14,58,BRAKE,0x01,0x00,0x00,0x00,0x01,0x00,0x00,0x00,0x00,0x00,0x00,0x00,0x00,0x00,0x00,0x00,0x00,0x00
26,09,2022,10,14,58,LIMIT,0x00,0x00,0x00,0x00,0x00,0x00,0x00,0x00,0x01,0x00
26,09,2022,10,14,58,BRAKE,0x01,0x00,0x00,0x00,0x01,0x00,0x00,0x00,0x00,0x00,0x00,0x00,0x00,0x00,0x00,0x00,0x00,0x00
26,09,2022,10,14,59,LIMIT,0x00,0x00,0x00,0x00,0x00,0x00,0x00,0x00,0x01,0x00
26,09,2022,10,14,59,BRAKE,0x01,0x00,0x00,0x00,0x01,0x00,0x00,0x00,0x00,0x00,0x00,0x00,0x00,0x00,0x00,0x00,0x00,0x00
26,09,2022,10,14,59,LIMIT,0x00,0x00,0x00,0x00,0x00,0x00,0x00,0x00,0x01,0x00
26,09,2022,10,14,59,BRAKE,0x01,0x00,0x00,0x00,0x01,0x00,0x00,0x00,0x00,0x00,0x00,0x00,0x00,0x00,0x00,0x00,0x00,0x00
26,09,2022,10,14,59,LIMIT,0x00,0x00,0x00,0x00,0x00,0x00,0x00,0x00,0x01,0x00
26,09,2022,10,14,59,BRAKE,0x01,0x00,0x00,0x00,0x01,0x00,0x00,0x00,0x00,0x00,0x00,0x00,0x00,0x00,0x00,0x00,0x00,0x00
26,09,2022,10,15,00,LIMIT,0x00,0x00,0x00,0x00,0x00,0x00,0x00,0x00,0x01,0x00
26,09,2022,10,15,00,BRAKE,0x01,0x00,0x00,0x00,0x01,0x00,0x00,0x00,0x00,0x00,0x00,0x00,0x00,0x00,0x00,0x00,0x00,0x00
26,09,2022,10,15,00,LIMIT,0x00,0x00,0x00,0x00,0x00,0x00,0x00,0x00,0x01,0x00
26,09,2022,10,23,02,GLITCH,1,0
26,09,2022,10,23,35,BRAKE,0x00,0x00,0x00,0x00,0x01,0x00,0x00,0x00,0x00,0x00,0x00,0x00,0x00,0x00,0x00,0x00,0x00,0x00
26,09,2022,10,24,22,GLITCH,0,1
26,09,2022,10,25,24,GLITCH,0,1
26,09,2022,10,25,56,GLITCH,0,1
26,09,2022,10,28,58,GLITCH,0,1
26,09,2022,10,29,58,GLITCH,0,1
26,09,2022,10,30,01,GLITCH,0,1
26,09,2022,10,30,01,GLITCH,0,1
26,09,2022,10,30,02,GLITCH,0,1
26,09,2022,10,30,02,GLITCH,0,1
26,09,2022,10,30,16,GLITCH,0,1
26,09,2022,10,30,27,GLITCH,0,1
26,09,2022,10,31,18,GLITCH,0,1
26,09,2022,10,31,21,GLITCH,0,1
26,09,2022,10,31,31,GLITCH,0,1
26,09,2022,10,31,45,GLITCH,0,1
26,09,2022,10,32,16,GLITCH,0,1
26,09,2022,10,32,16,GLITCH,0,1
26,09,2022,10,32,16,GLITCH,0,1
26,09,2022,10,32,17,GLITCH,0,1
26,09,2022,10,32,18,GLITCH,0,1
26,09,2022,10,32,27,GLITCH,0,1
26,09,2022,10,32,28,GLITCH,0,1
26,09,2022,10,32,28,GLITCH,0,1
26,09,2022,10,33,12,GLITCH,0,1
26,09,2022,10,33,19,GLITCH,1,0
26,09,2022,10,33,45,GLITCH,0,1
26,09,2022,10,33,55,GLITCH,0,1
26,09,2022,10,34,52,GLITCH,0,1
26,09,2022,10,36,00,GLITCH,0,1
26,09,2022,10,36,07,GLITCH,0,1
26,09,2022,10,36,10,GLITCH,0,1
26,09,2022,10,38,10,GLITCH,0,1
26,09,2022,10,39,11,GLITCH,0,1
26,09,2022,10,39,43,GLITCH,0,1
26,09,2022,10,40,02,GLITCH,0,1
26,09,2022,10,40,21,GLITCH,0,1
26,09,2022,10,40,37,GLITCH,0,1
26,09,2022,10,40,51,GLITCH,0,1
26,09,2022,10,41,00,GLITCH,0,1
26,09,2022,10,41,08,GLITCH,0,1
26,09,2022,10,41,09,GLITCH,0,1
26,09,2022,10,41,09,GLITCH,0,1
26,09,2022,10,42,05,GLITCH,0,1
26,09,2022,10,42,28,GLITCH,0,1
26,09,2022,10,42,29,GLITCH,0,1
26,09,2022,10,42,29,GLITCH,0,1
26,09,2022,10,42,42,GLITCH,1,0
26,09,2022,10,42,50,GLITCH,0,1
26,09,2022,10,43,20,GLITCH,0,1
26,09,2022,10,43,34,GLITCH,0,1
26,09,2022,10,43,52,GLITCH,0,1
26,09,2022,10,44,00,GLITCH,0,1
26,09,2022,10,44,49,GLITCH,0,1
26,09,2022,10,45,10,GLITCH,0,1
26,09,2022,10,46,21,GLITCH,0,1
26,09,2022,10,46,21,GLITCH,0,1
26,09,2022,10,46,22,GLITCH,0,1
26,09,2022,10,46,22,GLITCH,0,1
26,09,2022,10,46,26,GLITCH,0,1
26,09,2022,10,46,30,GLITCH,1,0
26,09,2022,10,46,31,GLITCH,1,0
26,09,2022,10,46,31,GLITCH,1,0
26,09,2022,10,46,57,GLITCH,0,1
26,09,2022,10,47,28,GLITCH,0,1
26,09,2022,10,48,28,GLITCH,0,1
26,09,2022,10,48,42,GLITCH,0,1
26,09,2022,10,48,45,GLITCH,0,1
26,09,2022,10,48,50,GLITCH,0,1
26,09,2022,10,49,53,GLITCH,0,1
26,09,2022,10,50,03,GLITCH,0,1
26,09,2022,10,51,52,GLITCH,0,1
26,09,2022,10,52,36,GLITCH,0,1
26,09,2022,10,52,41,GLITCH,0,1
26,09,2022,10,53,06,GLITCH,0,1
26,09,2022,10,54,20,GLITCH,0,1
26,09,2022,10,54,50,GLITCH,0,1
26,09,2022,10,55,13,GLITCH,0,1
26,09,2022,10,55,22,GLITCH,0,1
26,09,2022,10,55,58,GLITCH,0,1
26,09,2022,10,55,59,GLITCH,0,1
26,09,2022,10,55,59,GLITCH,0,1
26,09,2022,10,58,43,GLITCH,0,1
26,09,2022,10,59,37,GLITCH,0,1
26,09,2022,10,59,50,GLITCH,0,1
26,09,2022,10,59,50,GLITCH,0,1
26,09,2022,10,59,51,GLITCH,0,1
26,09,2022,10,59,51,GLITCH,0,1
26,09,2022,11,00,10,GLITCH,0,1
26,09,2022,11,00,46,GLITCH,0,1
26,09,2022,11,01,30,GLITCH,0,1
26,09,2022,11,01,30,GLITCH,0,1
26,09,2022,11,01,30,GLITCH,0,1
26,09,2022,11,01,31,GLITCH,0,1
26,09,2022,11,01,46,GLITCH,0,1
26,09,2022,11,01,46,GLITCH,0,1
26,09,2022,11,01,47,GLITCH,0,1
26,09,2022,11,01,59,GLITCH,0,1
26,09,2022,11,02,52,GLITCH,0,1
26,09,2022,11,02,56,GLITCH,0,1
26,09,2022,11,03,57,GLITCH,0,1
26,09,2022,11,05,02,GLITCH,0,1
26,09,2022,11,05,17,GLITCH,0,1
26,09,2022,11,05,17,GLITCH,0,1
26,09,2022,11,05,18,GLITCH,0,1
26,09,2022,11,05,18,GLITCH,0,1
26,09,2022,11,05,45,GLITCH,0,1
26,09,2022,11,06,06,GLITCH,0,1
26,09,2022,11,06,07,GLITCH,0,1
26,09,2022,11,06,10,GLITCH,0,1
26,09,2022,11,06,11,GLITCH,0,1
26,09,2022,11,07,03,GLITCH,0,1
26,09,2022,11,08,19,GLITCH,0,1
26,09,2022,11,08,28,GLITCH,0,1
26,09,2022,11,08,32,GLITCH,0,1
26,09,2022,11,09,21,GLITCH,0,1
26,09,2022,11,09,27,GLITCH,0,1
26,09,2022,11,09,35,GLITCH,0,1
26,09,2022,11,11,30,GLITCH,0,1
26,09,2022,11,11,35,GLITCH,0,1
26,09,2022,11,11,35,GLITCH,0,1
26,09,2022,11,11,36,GLITCH,0,1
26,09,2022,11,11,36,GLITCH,0,1
26,09,2022,11,11,37,GLITCH,0,1
26,09,2022,11,11,38,GLITCH,0,1
26,09,2022,11,11,39,GLITCH,0,1
26,09,2022,11,11,39,GLITCH,0,1
26,09,2022,11,11,56,GLITCH,0,1
26,09,2022,11,12,05,GLITCH,0,1
26,09,2022,11,12,05,GLITCH,0,1
26,09,2022,11,12,59,GLITCH,0,1
26,09,2022,11,13,02,GLITCH,0,1
26,09,2022,11,13,15,GLITCH,0,1
26,09,2022,11,13,36,GLITCH,0,1
26,09,2022,11,13,54,GLITCH,0,1
26,09,2022,11,13,59,GLITCH,0,1
26,09,2022,11,14,06,GLITCH,0,1
26,09,2022,11,14,15,GLITCH,0,1
26,09,2022,11,14,42,GLITCH,0,1
26,09,2022,11,14,51,GLITCH,0,1
26,09,2022,11,14,56,GLITCH,0,1
26,09,2022,11,14,56,GLITCH,0,1
26,09,2022,11,14,56,GLITCH,0,1
26,09,2022,11,15,03,GLITCH,0,1
26,09,2022,11,15,39,GLITCH,0,1
26,09,2022,11,15,39,GLITCH,0,1
26,09,2022,11,15,39,GLITCH,0,1
26,09,2022,11,15,48,GLITCH,0,1
26,09,2022,11,16,10,GLITCH,0,1
26,09,2022,11,16,56,GLITCH,0,1
26,09,2022,11,16,56,GLITCH,0,1
26,09,2022,11,16,57,GLITCH,0,1
26,09,2022,11,16,57,GLITCH,0,1
26,09,2022,11,16,59,GLITCH,0,1
26,09,2022,11,17,00,GLITCH,0,1
26,09,2022,11,17,00,GLITCH,0,1
26,09,2022,11,17,00,GLITCH,0,1
26,09,2022,11,17,04,GLITCH,0,1
26,09,2022,11,17,05,GLITCH,0,1
26,09,2022,11,17,05,GLITCH,0,1
26,09,2022,11,17,09,GLITCH,0,1
26,09,2022,11,17,14,GLITCH,0,1
26,09,2022,11,17,14,GLITCH,0,1
26,09,2022,11,17,14,GLITCH,0,1
26,09,2022,11,17,43,GLITCH,0,1
26,09,2022,11,17,43,GLITCH,0,1
26,09,2022,11,17,43,GLITCH,0,1
26,09,2022,11,17,46,GLITCH,0,1
26,09,2022,11,17,46,GLITCH,0,1
26,09,2022,11,17,46,GLITCH,0,1
26,09,2022,11,17,47,GLITCH,0,1
26,09,2022,11,17,48,GLITCH,0,1
26,09,2022,11,17,49,GLITCH,0,1
26,09,2022,11,17,49,GLITCH,0,1
26,09,2022,11,18,24,GLITCH,0,1
26,09,2022,11,18,25,GLITCH,0,1
26,09,2022,11,18,25,GLITCH,0,1
26,09,2022,11,18,29,GLITCH,0,1
26,09,2022,11,18,29,GLITCH,0,1
26,09,2022,11,18,29,GLITCH,0,1
26,09,2022,11,18,30,GLITCH,0,1
26,09,2022,11,18,40,GLITCH,1,0
26,09,2022,11,19,50,GLITCH,0,1
26,09,2022,11,21,18,GLITCH,1,0
26,09,2022,11,21,27,GLITCH,1,0
26,09,2022,11,21,27,GLITCH,1,0
26,09,2022,11,21,28,GLITCH,1,0
26,09,2022,11,21,28,GLITCH,1,0
26,09,2022,11,21,57,GLITCH,0,1
26,09,2022,11,22,19,GLITCH,0,1
26,09,2022,11,22,36,GLITCH,0,1
26,09,2022,11,22,58,GLITCH,0,1
26,09,2022,11,23,11,GLITCH,0,1
26,09,2022,11,24,04,GLITCH,0,1
26,09,2022,11,24,04,GLITCH,0,1
26,09,2022,11,24,05,GLITCH,0,1
26,09,2022,11,24,05,GLITCH,0,1
26,09,2022,11,24,28,GLITCH,0,1
26,09,2022,11,24,59,GLITCH,0,1
26,09,2022,11,25,08,GLITCH,0,1
26,09,2022,11,25,21,GLITCH,1,0
26,09,2022,11,25,25,GLITCH,1,0
26,09,2022,11,25,39,GLITCH,0,1
26,09,2022,11,25,52,GLITCH,1,0
26,09,2022,11,26,22,GLITCH,1,0
26,09,2022,11,27,06,GLITCH,0,1
26,09,2022,11,27,10,GLITCH,0,1
26,09,2022,11,27,14,GLITCH,0,1
26,09,2022,11,27,17,GLITCH,0,1
26,09,2022,11,27,23,GLITCH,0,1
26,09,2022,11,27,32,GLITCH,1,0
26,09,2022,11,27,46,GLITCH,0,1
26,09,2022,11,27,58,GLITCH,0,1
26,09,2022,11,27,58,GLITCH,0,1
26,09,2022,11,27,59,GLITCH,0,1
26,09,2022,11,28,02,GLITCH,0,1
26,09,2022,11,28,13,GLITCH,0,1
26,09,2022,11,29,15,GLITCH,0,1
26,09,2022,11,29,25,GLITCH,0,1
26,09,2022,11,29,44,GLITCH,0,1
26,09,2022,11,30,05,GLITCH,0,1
26,09,2022,11,30,05,GLITCH,0,1
26,09,2022,11,30,09,GLITCH,0,1
26,09,2022,11,30,18,GLITCH,0,1
26,09,2022,11,30,18,GLITCH,0,1
26,09,2022,11,30,19,GLITCH,0,1
26,09,2022,11,30,36,GLITCH,0,1
26,09,2022,11,30,36,GLITCH,0,1
26,09,2022,11,30,36,GLITCH,0,1
26,09,2022,11,30,37,GLITCH,0,1
26,09,2022,11,30,37,GLITCH,0,1
26,09,2022,11,31,29,GLITCH,0,1
26,09,2022,11,31,37,GLITCH,0,1
26,09,2022,11,32,20,GLITCH,0,1
26,09,2022,11,32,21,GLITCH,0,1
26,09,2022,11,32,25,GLITCH,0,1
26,09,2022,11,32,33,GLITCH,0,1
26,09,2022,11,32,45,GLITCH,0,1
26,09,2022,11,32,46,GLITCH,0,1
26,09,2022,11,32,46,GLITCH,0,1
26,09,2022,11,32,56,GLITCH,0,1
26,09,2022,11,33,08,GLITCH,0,1
26,09,2022,11,33,26,GLITCH,0,1
26,09,2022,11,33,35,GLITCH,0,1
26,09,2022,11,33,38,GLITCH,0,1
26,09,2022,11,34,01,GLITCH,0,1
26,09,2022,11,34,04,GLITCH,0,1
26,09,2022,11,34,09,GLITCH,0,1
26,09,2022,11,34,19,GLITCH,0,1
26,09,2022,11,34,31,GLITCH,0,1
26,09,2022,11,34,44,GLITCH,0,1
26,09,2022,11,35,01,GLITCH,0,1
26,09,2022,11,35,14,GLITCH,1,0
26,09,2022,11,35,31,GLITCH,0,1
26,09,2022,11,35,41,GLITCH,0,1
26,09,2022,11,36,10,GLITCH,0,1
26,09,2022,11,37,56,GLITCH,0,1
26,09,2022,11,38,01,GLITCH,0,1
26,09,2022,11,38,11,GLITCH,0,1
26,09,2022,11,38,11,GLITCH,0,1
26,09,2022,11,38,12,GLITCH,0,1
26,09,2022,11,38,40,GLITCH,0,1
26,09,2022,11,38,49,GLITCH,0,1
26,09,2022,11,39,15,GLITCH,0,1
26,09,2022,11,39,24,GLITCH,0,1
26,09,2022,11,39,41,GLITCH,0,1
26,09,2022,11,39,41,GLITCH,0,1
26,09,2022,11,39,41,GLITCH,0,1
26,09,2022,11,39,42,GLITCH,0,1
26,09,2022,11,40,24,GLITCH,1,0
26,09,2022,11,41,54,GLITCH,0,1
26,09,2022,11,43,43,GLITCH,0,1
26,09,2022,11,44,41,GLITCH,0,1
26,09,2022,11,45,16,GLITCH,0,1
26,09,2022,11,46,56,GLITCH,1,0
26,09,2022,11,48,40,GLITCH,1,0
26,09,2022,11,48,41,GLITCH,1,0
26,09,2022,11,48,41,GLITCH,1,0
26,09,2022,11,48,43,GLITCH,1,0
26,09,2022,11,49,46,GLITCH,0,1
26,09,2022,11,50,08,GLITCH,0,1
26,09,2022,11,50,22,GLITCH,0,1
26,09,2022,11,51,05,GLITCH,1,0
26,09,2022,11,51,45,GLITCH,0,1
26,09,2022,11,52,17,GLITCH,0,1
26,09,2022,11,52,25,GLITCH,0,1
26,09,2022,11,52,56,GLITCH,0,1
26,09,2022,11,53,05,GLITCH,0,1
26,09,2022,11,53,27,GLITCH,0,1
26,09,2022,11,53,45,GLITCH,0,1
26,09,2022,11,54,47,GLITCH,0,1
26,09,2022,11,55,00,GLITCH,0,1
26,09,2022,11,55,01,GLITCH,0,1
26,09,2022,11,55,01,GLITCH,0,1
26,09,2022,11,55,54,GLITCH,0,1
26,09,2022,11,56,03,GLITCH,0,1
26,09,2022,11,56,11,GLITCH,0,1
26,09,2022,11,56,11,GLITCH,0,1
26,09,2022,11,56,11,GLITCH,0,1
26,09,2022,11,56,16,GLITCH,0,1
26,09,2022,11,57,44,GLITCH,0,1
26,09,2022,11,58,03,GLITCH,0,1
26,09,2022,11,58,06,GLITCH,0,1
26,09,2022,11,58,23,GLITCH,1,0
26,09,2022,11,58,52,GLITCH,0,1
26,09,2022,11,59,13,GLITCH,0,1
26,09,2022,11,59,45,GLITCH,0,1
26,09,2022,12,00,03,GLITCH,0,1
26,09,2022,12,00,16,GLITCH,0,1
26,09,2022,12,00,29,GLITCH,0,1
26,09,2022,12,00,30,GLITCH,0,1
26,09,2022,12,00,30,GLITCH,0,1
26,09,2022,12,02,55,GLITCH,0,1
26,09,2022,12,03,22,GLITCH,0,1
26,09,2022,12,03,44,GLITCH,0,1
26,09,2022,12,10,52,GLITCH,1,0
26,09,2022,12,11,34,GLITCH,0,1
26,09,2022,12,12,10,GLITCH,0,1
26,09,2022,12,12,45,GLITCH,0,1
26,09,2022,12,14,01,GLITCH,1,0
26,09,2022,12,14,01,GLITCH,1,0
26,09,2022,12,14,02,GLITCH,1,0
26,09,2022,12,14,30,GLITCH,0,1
26,09,2022,12,14,31,GLITCH,0,1
26,09,2022,12,15,10,GLITCH,0,1
26,09,2022,12,15,10,GLITCH,0,1
26,09,2022,12,15,11,GLITCH,0,1
26,09,2022,12,15,11,GLITCH,0,1
26,09,2022,12,15,19,GLITCH,0,1
26,09,2022,12,15,19,GLITCH,0,1
26,09,2022,12,15,20,GLITCH,0,1
26,09,2022,12,15,20,GLITCH,0,1
26,09,2022,12,15,23,GLITCH,0,1
26,09,2022,12,15,23,GLITCH,0,1
26,09,2022,12,15,24,GLITCH,0,1
26,09,2022,12,15,38,GLITCH,0,1
26,09,2022,12,15,39,GLITCH,0,1
26,09,2022,12,15,39,GLITCH,0,1
26,09,2022,12,16,40,GLITCH,0,1
26,09,2022,12,16,58,GLITCH,1,0
26,09,2022,12,17,07,GLITCH,0,1
26,09,2022,12,17,07,GLITCH,0,1
26,09,2022,12,17,07,GLITCH,0,1
26,09,2022,12,17,29,GLITCH,0,1
26,09,2022,12,17,41,GLITCH,0,1
26,09,2022,12,18,17,GLITCH,0,1
26,09,2022,12,18,23,GLITCH,0,1
26,09,2022,12,18,55,GLITCH,0,1
26,09,2022,12,19,23,GLITCH,0,1
26,09,2022,12,19,53,GLITCH,0,1
26,09,2022,12,19,54,GLITCH,0,1
26,09,2022,12,19,54,GLITCH,0,1
26,09,2022,12,20,20,GLITCH,0,1
26,09,2022,12,20,54,GLITCH,0,1
26,09,2022,12,21,17,GLITCH,0,1
26,09,2022,12,21,21,GLITCH,0,1
26,09,2022,12,21,56,GLITCH,0,1
26,09,2022,12,22,05,GLITCH,1,0
26,09,2022,12,22,56,GLITCH,0,1
26,09,2022,12,25,23,GLITCH,1,0
26,09,2022,12,25,45,BRAKE,0x00,0x00,0x00,0x01,0x01,0x00,0x00,0x00,0x00,0x00,0x00,0x00,0x00,0x00,0x00,0x00,0x00,0x00
26,09,2022,12,25,53,GLITCH,0,1
26,09,2022,12,25,53,GLITCH,0,1
26,09,2022,12,26,30,GLITCH,1,0
26,09,2022,12,26,40,GLITCH,0,1
26,09,2022,12,27,06,GLITCH,0,1
26,09,2022,12,27,06,GLITCH,0,1
26,09,2022,12,27,07,GLITCH,0,1
26,09,2022,12,27,30,GLITCH,0,1
26,09,2022,12,27,30,GLITCH,0,1
26,09,2022,12,27,31,GLITCH,0,1
26,09,2022,12,27,42,GLITCH,0,1
26,09,2022,12,27,43,GLITCH,0,1
26,09,2022,12,28,30,GLITCH,0,1
26,09,2022,12,28,39,GLITCH,0,1
26,09,2022,12,28,53,GLITCH,0,1
26,09,2022,12,28,53,GLITCH,0,1
26,09,2022,12,28,54,GLITCH,0,1
26,09,2022,12,28,54,GLITCH,0,1
26,09,2022,12,28,54,GLITCH,0,1
26,09,2022,12,28,57,GLITCH,0,1
26,09,2022,12,28,57,GLITCH,0,1
26,09,2022,12,28,58,GLITCH,0,1
26,09,2022,12,29,16,GLITCH,0,1
26,09,2022,12,29,16,GLITCH,0,1
26,09,2022,12,29,16,GLITCH,0,1
26,09,2022,12,29,17,GLITCH,0,1
26,09,2022,12,29,30,GLITCH,1,0
26,09,2022,12,29,30,GLITCH,1,0
26,09,2022,12,29,30,GLITCH,1,0
26,09,2022,12,31,56,GLITCH,1,0
26,09,2022,12,32,07,BRAKE,0x00,0x00,0x00,0x00,0x01,0x00,0x00,0x00,0x00,0x00,0x00,0x00,0x00,0x00,0x00,0x00,0x00,0x00
26,09,2022,12,32,32,BRAKE,0x00,0x00,0x00,0x01,0x01,0x00,0x00,0x00,0x00,0x00,0x00,0x00,0x00,0x00,0x00,0x00,0x00,0x00
26,09,2022,13,45,26,BRAKE,0x00,0x00,0x00,0x01,0x01,0x00,0x00,0x00,0x00,0x00,0x00,0x00,0x00,0x00,0x00,0x00,0x00,0x00
26,09,2022,15,11,13,BRAKE,0x00,0x00,0x00,0x01,0x01,0x01,0x00,0x00,0x00,0x00,0x00,0x00,0x00,0x00,0x00,0x00,0x00,0x00
26,09,2022,15,17,11,BRAKE,0x00,0x00,0x00,0x00,0x01,0x00,0x00,0x00,0x00,0x00,0x00,0x00,0x00,0x00,0x00,0x00,0x00,0x00
26,09,2022,16,31,19,BRAKE,0x00,0x00,0x00,0x01,0x01,0x00,0x00,0x00,0x00,0x00,0x00,0x00,0x00,0x00,0x00,0x00,0x00,0x00
27,09,2022,09,29,35,GLITCH,1,0
27,09,2022,09,29,56,BRAKE,0x00,0x00,0x00,0x00,0x01,0x01,0x00,0x00,0x00,0x00,0x00,0x00,0x00,0x00,0x00,0x00,0x00,0x00
