29,09,2022,12,36,08,0,0,744,492
29,09,2022,12,36,09,142,357,744,492
29,09,2022,12,36,09,142,357,750,496
29,09,2022,12,36,10,138,341,750,496
29,09,2022,12,36,11,138,341,750,501
29,09,2022,12,36,12,139,339,750,498
29,09,2022,12,36,15,138,320,750,500
29,09,2022,12,36,16,138,320,750,496
29,09,2022,12,36,17,138,321,750,499
29,09,2022,12,36,19,138,295,750,501
29,09,2022,12,36,20,138,295,751,332
29,09,2022,12,36,21,138,261,751,332
29,09,2022,12,36,22,138,261,750,250
29,09,2022,12,36,22,133,228,750,250
29,09,2022,12,36,23,133,228,750,160
29,09,2022,12,36,24,130,212,750,160
29,09,2022,12,36,25,130,212,750,152
29,09,2022,12,36,25,130,158,750,152
29,09,2022,12,36,26,130,158,750,61
29,09,2022,12,36,28,128,163,750,57
29,09,2022,12,36,31,126,162,749,61
29,09,2022,12,36,32,126,160,750,31
29,09,2022,12,36,33,126,144,750,31
29,09,2022,12,36,34,126,144,750,27
29,09,2022,12,36,45,125,130,750,28
29,09,2022,12,36,46,125,130,736,18
29,09,2022,12,36,47,89,135,736,18
29,09,2022,12,36,48,89,135,261,18
29,09,2022,12,36,49,66,144,261,18
29,09,2022,12,36,51,57,141,151,18
29,09,2022,12,36,52,49,144,75,15
29,09,2022,12,36,54,39,134,43,17
29,09,2022,12,36,56,39,130,9,16
29,09,2022,12,36,56,18,134,9,16
29,09,2022,12,36,58,32,121,9,16
29,09,2022,12,36,59,32,121,9,5
29,09,2022,12,37,00,32,126,27,9
29,09,2022,12,37,03,32,134,0,6
29,09,2022,12,37,04,21,126,0,6
29,09,2022,12,37,06,20,128,0,3
29,09,2022,12,37,08,20,133,26,4
29,09,2022,12,37,09,20,133,0,3
29,09,2022,12,37,11,17,124,0,7
29,09,2022,12,37,12,17,124,0,1
29,09,2022,12,37,14,17,132,0,8
29,09,2022,12,37,18,33,132,0,6
29,09,2022,12,37,20,23,131,0,3
29,09,2022,12,37,22,14,130,0,6
29,09,2022,12,37,23,14,127,0,2
29,09,2022,12,37,26,14,123,0,6
29,09,2022,12,37,28,15,125,55,5
29,09,2022,12,37,28,39,125,55,5
29,09,2022,12,37,29,39,125,36,3
29,09,2022,12,37,30,24,118,36,3
29,09,2022,12,37,31,24,118,0,1
29,09,2022,12,37,35,22,99,0,0
29,09,2022,12,37,38,40,93,0,0
29,09,2022,12,37,38,40,93,48,0
29,09,2022,12,37,39,12,91,48,0
29,09,2022,12,37,40,12,91,0,0
29,09,2022,12,37,48,11,87,35,2
29,09,2022,12,37,48,30,123,35,2
29,09,2022,12,37,49,30,123,0,0
29,09,2022,12,37,50,18,105,0,0
29,09,2022,12,37,58,31,96,0,0
29,09,2022,12,38,01,20,94,0,0
29,09,2022,12,38,08,18,93,26,2
29,09,2022,12,38,08,27,115,26,2
29,09,2022,12,38,09,27,115,0,0
29,09,2022,12,38,10,18,93,0,0
29,09,2022,12,38,18,33,82,0,0
29,09,2022,12,38,18,33,82,27,0
29,09,2022,12,38,22,28,81,8,0
29,09,2022,12,38,24,14,81,0,0
29,09,2022,12,38,28,15,79,0,7
29,09,2022,12,38,28,37,115,0,7
29,09,2022,12,38,29,37,115,23,0
29,09,2022,12,38,30,18,96,23,0
29,09,2022,12,38,31,18,96,0,0
29,09,2022,12,38,38,15,88,22,0
29,09,2022,12,38,39,29,87,22,0
29,09,2022,12,38,40,29,87,0,0
29,09,2022,12,38,48,22,86,25,3
29,09,2022,12,38,48,34,111,25,3
29,09,2022,12,38,49,34,111,9,0
29,09,2022,12,38,50,29,86,9,0
29,09,2022,12,38,58,31,76,36,0
29,09,2022,12,39,00,36,75,0,0
29,09,2022,12,39,02,18,74,0,0
29,09,2022,12,39,08,10,73,51,7
29,09,2022,12,39,08,43,113,51,7
29,09,2022,12,39,09,43,113,38,0
29,09,2022,12,39,10,31,100,38,0
29,09,2022,12,39,11,31,100,6,0
29,09,2022,12,39,14,20,90,0,0
29,09,2022,12,39,18,35,88,0,0
29,09,2022,12,39,18,35,88,53,0
29,09,2022,12,39,20,45,87,36,0
29,09,2022,12,39,21,33,86,36,0
29,09,2022,12,39,21,33,86,8,0
29,09,2022,12,39,27,21,84,0,0
29,09,2022,12,39,28,21,84,12,5
29,09,2022,12,39,28,6,126,12,5
29,09,2022,12,39,29,6,126,0,5
29,09,2022,12,39,30,6,94,0,5
29,09,2022,12,39,31,6,94,0,0
29,09,2022,12,39,38,41,85,0,0
29,09,2022,12,39,38,41,85,28,0
29,09,2022,12,39,39,0,84,28,0
29,09,2022,12,39,40,0,84,0,0
29,09,2022,12,39,42,0,0,0,0
29,09,2022,14,16,54,0,0,42,15
29,09,2022,14,16,55,64,206,42,15
29,09,2022,14,16,56,64,206,150,333
29,09,2022,14,16,57,58,170,150,333
29,09,2022,14,16,57,58,170,75,250
29,09,2022,14,16,58,42,134,75,250
29,09,2022,14,16,59,42,134,45,168
29,09,2022,14,17,00,37,134,9,72
29,09,2022,14,17,01,21,94,9,72
29,09,2022,14,17,02,21,94,0,58
29,09,2022,14,17,05,29,92,54,58
29,09,2022,14,17,07,38,97,33,56
29,09,2022,14,17,08,28,88,0,32
29,09,2022,14,17,09,20,71,0,32
29,09,2022,14,17,13,20,80,0,28
29,09,2022,14,17,15,43,70,0,29
29,09,2022,14,17,16,43,70,53,34
29,09,2022,14,17,17,38,66,22,31
29,09,2022,14,17,18,27,66,22,31
29,09,2022,14,17,20,23,71,0,30
29,09,2022,14,17,23,22,72,0,19
29,09,2022,14,17,25,22,64,55,19
29,09,2022,14,17,26,40,68,55,19
29,09,2022,14,17,27,40,68,36,21
29,09,2022,14,17,28,31,66,0,18
29,09,2022,14,17,29,20,69,0,18
29,09,2022,14,17,35,43,68,0,17
29,09,2022,14,17,36,43,68,50,21
29,09,2022,14,17,37,37,63,11,20
29,09,2022,14,17,39,31,71,0,7
29,09,2022,14,17,41,26,57,0,8
29,09,2022,14,17,45,26,62,54,5
29,09,2022,14,17,46,41,47,54,5
29,09,2022,14,17,47,41,47,36,5
29,09,2022,14,17,48,31,47,0,7
29,09,2022,14,17,53,20,47,0,5
29,09,2022,14,17,55,43,49,0,5
29,09,2022,14,17,56,43,49,54,8
29,09,2022,14,17,57,38,54,10,4
29,09,2022,14,17,58,22,55,10,4
29,09,2022,14,17,59,22,55,0,8
29,09,2022,14,18,04,20,44,0,6
29,09,2022,14,18,05,20,44,54,8
29,09,2022,14,18,06,20,54,37,9
29,09,2022,14,18,07,34,68,37,9
29,09,2022,14,18,08,34,68,0,4
29,09,2022,14,18,09,19,57,0,4
29,09,2022,14,18,10,19,57,0,7
29,09,2022,14,18,15,45,59,0,6
29,09,2022,14,18,16,45,59,54,5
29,09,2022,14,18,17,38,58,11,2
29,09,2022,14,18,18,26,61,11,2
29,09,2022,14,18,19,26,61,0,7
29,09,2022,14,18,22,25,55,0,4
29,09,2022,14,18,25,22,53,54,4
29,09,2022,14,18,26,46,56,54,4
29,09,2022,14,18,26,46,56,37,7
29,09,2022,14,18,27,33,60,37,7
29,09,2022,14,18,28,33,60,0,3
29,09,2022,14,18,30,24,58,0,7
29,09,2022,14,18,34,23,57,0,4
29,09,2022,14,18,35,47,56,0,4
29,09,2022,14,18,36,47,56,54,8
29,09,2022,14,18,38,25,59,54,8
29,09,2022,14,18,39,25,59,0,6
29,09,2022,14,18,45,24,53,55,7
29,09,2022,14,18,46,43,61,55,7
29,09,2022,14,18,46,43,61,37,3
29,09,2022,14,18,47,32,64,37,3
29,09,2022,14,18,48,32,64,9,1
29,09,2022,14,18,50,26,58,0,7
29,09,2022,14,18,51,26,57,0,3
29,09,2022,14,18,54,26,60,0,8
29,09,2022,14,18,55,44,59,0,8
29,09,2022,14,18,56,44,59,49,6
29,09,2022,14,18,57,40,56,10,7
29,09,2022,14,18,58,26,58,10,7
29,09,2022,14,19,00,24,66,0,11
29,09,2022,14,19,02,25,66,0,5
29,09,2022,14,19,03,24,51,0,5
29,09,2022,14,19,03,24,51,0,9
29,09,2022,14,19,05,25,56,55,3
29,09,2022,14,19,06,42,57,55,3
29,09,2022,14,19,06,42,57,37,4
29,09,2022,14,19,08,34,53,0,6
29,09,2022,14,19,10,24,41,0,7
29,09,2022,14,19,14,25,47,0,0
29,09,2022,14,19,15,46,43,0,0
29,09,2022,14,19,16,46,43,50,3
29,09,2022,14,19,17,39,47,10,9
29,09,2022,14,19,19,29,42,0,6
29,09,2022,14,19,22,28,36,0,0
29,09,2022,14,19,23,28,25,0,0
29,09,2022,14,19,25,28,22,54,8
29,09,2022,14,19,25,43,43,54,8
29,09,2022,14,19,26,43,43,33,3
29,09,2022,14,19,27,25,44,33,3
29,09,2022,14,19,28,25,44,0,8
29,09,2022,14,19,29,22,43,0,4
29,09,2022,14,19,32,22,30,0,6
29,09,2022,14,19,32,22,30,0,0
29,09,2022,14,19,35,46,25,0,0
29,09,2022,14,19,36,46,25,50,3
29,09,2022,14,19,36,39,54,50,3
29,09,2022,14,19,37,39,54,11,7
29,09,2022,14,19,39,30,44,0,3
29,09,2022,14,19,42,27,40,0,0
29,09,2022,14,19,43,26,27,0,0
29,09,2022,14,19,45,26,25,51,6
29,09,2022,14,19,46,26,49,51,6
29,09,2022,14,19,46,26,49,37,7
29,09,2022,14,19,48,33,52,0,4
29,09,2022,14,19,49,25,66,0,4
29,09,2022,14,19,52,25,38,0,5
29,09,2022,14,19,52,25,38,0,0
29,09,2022,14,19,55,47,61,0,0
29,09,2022,14,19,56,47,61,53,5
29,09,2022,14,19,56,39,50,53,5
29,09,2022,14,19,57,39,50,22,11
29,09,2022,14,19,59,31,57,0,13
29,09,2022,14,20,00,29,67,0,4
29,09,2022,14,20,02,29,30,0,4
29,09,2022,14,20,03,29,30,0,0
29,09,2022,14,20,05,29,28,51,6
29,09,2022,14,20,05,44,60,51,6
29,09,2022,14,20,06,44,60,46,3
29,09,2022,14,20,07,33,46,46,3
29,09,2022,14,20,08,33,46,1,7
29,09,2022,14,20,10,22,57,0,9
29,09,2022,14,20,11,22,57,0,6
29,09,2022,14,20,12,22,39,0,6
29,09,2022,14,20,12,22,39,0,0
29,09,2022,14,20,13,22,28,0,0
29,09,2022,14,20,15,44,52,0,0
29,09,2022,14,20,15,44,52,54,9
29,09,2022,14,20,17,39,45,23,7
29,09,2022,14,20,19,30,48,0,7
29,09,2022,14,20,23,30,30,0,9
29,09,2022,14,20,23,30,30,0,0
29,09,2022,14,20,25,30,28,52,4
29,09,2022,14,20,25,42,55,52,4
29,09,2022,14,20,26,42,55,37,6
29,09,2022,14,20,28,42,56,0,7
29,09,2022,14,20,29,27,50,0,7
29,09,2022,14,20,31,28,53,0,3
29,09,2022,14,20,32,27,35,0,3
29,09,2022,14,20,33,27,35,0,0
29,09,2022,14,20,35,43,54,0,0
29,09,2022,14,20,35,43,54,53,7
29,09,2022,14,20,37,38,60,22,8
29,09,2022,14,20,39,29,52,0,2
29,09,2022,14,20,42,19,26,0,0
29,09,2022,14,20,45,42,55,0,2
29,09,2022,14,20,46,42,55,37,6
29,09,2022,14,20,47,17,58,37,6
29,09,2022,14,20,48,17,58,0,5
29,09,2022,14,20,51,16,63,0,11
29,09,2022,14,20,52,16,38,0,11
29,09,2022,14,20,52,16,38,0,0
29,09,2022,14,20,55,36,69,0,0
29,09,2022,14,20,55,36,69,36,6
29,09,2022,14,20,58,37,49,37,6
29,09,2022,14,20,58,37,49,23,4
29,09,2022,14,20,59,25,52,23,4
29,09,2022,14,21,00,25,52,0,2
29,09,2022,14,21,02,23,34,0,0
29,09,2022,14,21,05,23,30,70,5
29,09,2022,14,21,05,42,51,70,5
29,09,2022,14,21,06,42,51,38,5
29,09,2022,14,21,08,32,51,7,5
29,09,2022,14,21,08,19,50,7,5
29,09,2022,14,21,11,19,50,0,8
29,09,2022,14,21,12,19,32,0,8
29,09,2022,14,21,12,19,32,0,0
29,09,2022,14,21,15,45,47,0,0
29,09,2022,14,21,15,45,47,55,6
29,09,2022,14,21,17,39,47,29,8
29,09,2022,14,21,18,20,48,29,8
29,09,2022,14,21,18,20,48,0,11
29,09,2022,14,21,20,20,50,0,6
29,09,2022,14,21,21,18,32,0,6
29,09,2022,14,21,22,18,32,0,0
29,09,2022,14,21,25,18,25,52,3
29,09,2022,14,21,25,44,49,52,3
29,09,2022,14,21,26,44,49,52,11
29,09,2022,14,21,28,35,45,0,8
29,09,2022,14,21,31,26,46,0,1
29,09,2022,14,21,32,27,31,0,1
29,09,2022,14,21,35,47,45,0,0
29,09,2022,14,21,35,47,45,54,7
29,09,2022,14,21,37,37,40,25,10
29,09,2022,14,21,38,28,39,0,7
29,09,2022,14,21,41,21,30,0,0
29,09,2022,14,21,45,21,22,53,5
29,09,2022,14,21,45,43,38,53,5
29,09,2022,14,21,46,43,38,37,7
29,09,2022,14,21,47,30,44,37,7
29,09,2022,14,21,48,30,44,6,6
29,09,2022,14,21,48,17,46,6,6
29,09,2022,14,21,51,17,42,0,0
29,09,2022,14,21,51,16,28,0,0
29,09,2022,14,21,55,46,50,0,0
29,09,2022,14,21,55,46,50,54,6
29,09,2022,14,21,57,44,40,24,4
29,09,2022,14,21,58,27,34,24,4
29,09,2022,14,21,58,27,34,0,11
29,09,2022,14,22,00,25,37,0,5
29,09,2022,14,22,01,26,46,0,0
29,09,2022,14,22,02,25,28,0,0
29,09,2022,14,22,04,25,27,11,0
29,09,2022,14,22,05,44,48,11,0
29,09,2022,14,22,06,44,48,46,5
29,09,2022,14,22,08,39,58,9,5
29,09,2022,14,22,09,29,54,0,9
29,09,2022,14,22,11,27,50,0,1
29,09,2022,14,22,11,28,37,0,1
29,09,2022,14,22,15,40,35,0,0
29,09,2022,14,22,15,40,35,55,5
29,09,2022,14,22,16,41,55,55,5
29,09,2022,14,22,17,41,55,32,4
29,09,2022,14,22,18,31,51,0,6
29,09,2022,14,22,21,26,57,0,1
29,09,2022,14,22,22,26,37,0,1
29,09,2022,14,22,25,26,32,16,0
29,09,2022,14,22,25,46,59,16,0
29,09,2022,14,22,26,46,59,47,6
29,09,2022,14,22,28,39,52,10,4
29,09,2022,14,22,30,28,46,0,6
29,09,2022,14,22,31,28,46,0,0
29,09,2022,14,22,31,27,30,0,0
29,09,2022,14,22,35,41,28,0,0
29,09,2022,14,22,35,41,28,55,15
29,09,2022,14,22,36,44,54,55,15
29,09,2022,14,22,37,44,54,33,7
29,09,2022,14,22,38,30,53,33,7
29,09,2022,14,22,38,30,53,0,6
29,09,2022,14,22,39,31,42,0,6
29,09,2022,14,22,41,31,44,0,0
29,09,2022,14,22,42,22,25,0,0
29,09,2022,14,22,44,21,24,15,0
29,09,2022,14,22,45,21,45,15,0
29,09,2022,14,22,46,21,45,27,5
29,09,2022,14,22,47,32,40,27,5
29,09,2022,14,22,48,32,40,0,8
29,09,2022,14,22,49,23,43,0,5
29,09,2022,14,22,51,23,50,0,0
29,09,2022,14,22,51,23,28,0,0
29,09,2022,14,22,55,33,26,76,7
29,09,2022,14,22,56,43,51,76,7
29,09,2022,14,22,57,43,51,45,7
29,09,2022,14,22,58,42,52,9,4
29,09,2022,14,22,59,31,50,9,4
29,09,2022,14,23,00,31,50,0,7
29,09,2022,14,23,00,29,39,0,7
29,09,2022,14,23,01,29,39,0,0
29,09,2022,14,23,02,29,19,0,0
29,09,2022,14,23,04,29,18,14,2
29,09,2022,14,23,05,47,55,14,2
29,09,2022,14,23,06,47,55,43,8
29,09,2022,14,23,08,47,52,9,4
29,09,2022,14,23,08,22,49,9,4
29,09,2022,14,23,10,20,51,0,1
29,09,2022,14,23,11,20,32,0,1
29,09,2022,14,23,14,33,34,0,0
29,09,2022,14,23,15,33,34,56,11
29,09,2022,14,23,16,40,53,56,11
29,09,2022,14,23,17,40,53,34,7
29,09,2022,14,23,18,37,51,0,6
29,09,2022,14,23,22,35,34,0,5
29,09,2022,14,23,23,35,34,0,0
29,09,2022,14,23,24,35,32,30,0
29,09,2022,14,23,25,42,48,30,0
29,09,2022,14,23,26,42,48,44,5
29,09,2022,14,23,28,24,60,44,7
29,09,2022,14,23,29,24,60,0,7
29,09,2022,14,23,30,24,54,0,0
29,09,2022,14,23,31,24,24,0,0
29,09,2022,14,23,35,36,25,0,0
29,09,2022,14,23,35,36,25,56,4
29,09,2022,14,23,37,45,25,34,6
29,09,2022,14,23,38,43,56,34,6
29,09,2022,14,23,38,43,56,0,6
29,09,2022,14,23,41,39,34,0,8
29,09,2022,14,23,41,39,34,0,0
29,09,2022,14,23,44,39,27,16,0
29,09,2022,14,23,45,45,46,16,0
29,09,2022,14,23,46,45,46,45,7
29,09,2022,14,23,47,45,54,9,6
29,09,2022,14,23,48,25,46,9,6
29,09,2022,14,23,51,25,42,0,0
29,09,2022,14,23,51,25,27,0,0
29,09,2022,14,23,55,30,26,55,12
29,09,2022,14,23,56,44,43,55,12
29,09,2022,14,23,57,44,43,34,3
29,09,2022,14,23,58,37,40,0,2
29,09,2022,14,24,01,32,23,0,4
29,09,2022,14,24,01,32,23,0,0
29,09,2022,14,24,04,32,13,17,0
29,09,2022,14,24,05,46,44,17,0
29,09,2022,14,24,06,46,44,17,5
29,09,2022,14,24,07,41,44,6,6
29,09,2022,14,24,08,29,38,6,6
29,09,2022,14,24,11,28,33,0,0
29,09,2022,14,24,11,27,17,0,0
29,09,2022,14,24,15,27,13,55,4
29,09,2022,14,24,16,51,36,55,4
29,09,2022,14,24,17,51,36,36,12
29,09,2022,14,24,17,39,42,36,12
29,09,2022,14,24,18,39,42,1,4
29,09,2022,14,24,20,40,49,0,10
29,09,2022,14,24,21,40,40,0,0
29,09,2022,14,24,22,41,18,0,0
29,09,2022,14,24,25,50,42,0,0
29,09,2022,14,24,26,50,42,52,12
29,09,2022,14,24,27,42,51,22,4
29,09,2022,14,24,29,37,43,0,3
29,09,2022,14,24,30,35,37,0,0
29,09,2022,14,24,31,35,18,0,0
29,09,2022,14,24,35,35,15,55,4
29,09,2022,14,24,36,46,40,55,4
29,09,2022,14,24,37,46,40,37,6
29,09,2022,14,24,37,34,40,37,6
29,09,2022,14,24,38,34,40,0,4
29,09,2022,14,24,41,35,45,0,0
29,09,2022,14,24,42,35,21,0,0
29,09,2022,14,24,45,32,56,0,1
29,09,2022,14,24,46,32,56,0,5
29,09,2022,14,24,47,10,56,0,5
29,09,2022,14,24,49,12,48,0,8
29,09,2022,14,24,50,10,43,0,0
29,09,2022,14,24,51,10,28,0,0
29,09,2022,14,24,55,10,25,54,5
29,09,2022,14,24,56,42,50,54,5
29,09,2022,14,25,00,34,52,7,11
29,09,2022,14,25,00,27,39,7,11
29,09,2022,14,25,01,27,39,7,0
29,09,2022,14,25,03,27,27,0,0
29,09,2022,14,25,05,44,48,0,0
29,09,2022,14,25,06,44,48,54,8
29,09,2022,14,25,07,44,40,23,7
29,09,2022,14,25,08,20,55,23,7
29,09,2022,14,25,09,20,55,0,7
29,09,2022,14,25,10,18,48,0,0
29,09,2022,14,25,11,18,29,0,0
29,09,2022,14,25,15,18,26,55,3
29,09,2022,14,25,16,41,51,55,3
29,09,2022,14,25,17,41,51,36,3
29,09,2022,14,25,17,29,44,36,3
29,09,2022,14,25,18,29,44,1,8
29,09,2022,14,25,20,27,29,0,9
29,09,2022,14,25,21,27,29,0,0
29,09,2022,14,25,25,45,47,0,0
29,09,2022,14,25,26,45,47,53,5
29,09,2022,14,25,27,40,38,10,5
29,09,2022,14,25,28,29,43,10,5
29,09,2022,14,25,30,28,43,0,0
29,09,2022,14,25,33,29,32,0,0
29,09,2022,14,25,35,29,32,55,7
29,09,2022,14,25,36,43,53,55,7
29,09,2022,14,25,36,43,53,37,3
29,09,2022,14,25,38,37,53,7,5
29,09,2022,14,25,40,31,25,0,6
29,09,2022,14,25,43,31,18,0,0
29,09,2022,14,25,45,49,50,0,0
29,09,2022,14,25,46,49,50,49,1
29,09,2022,14,25,47,40,53,49,5
29,09,2022,14,25,48,24,48,49,5
29,09,2022,14,25,49,24,48,0,3
29,09,2022,14,25,50,23,45,0,0
29,09,2022,14,25,51,21,28,0,0
29,09,2022,14,25,55,21,26,55,3
29,09,2022,14,25,56,45,49,55,3
29,09,2022,14,25,56,45,49,37,6
29,09,2022,14,25,57,33,54,37,6
29,09,2022,14,25,58,33,54,7,7
29,09,2022,14,26,00,28,33,0,7
29,09,2022,14,26,01,28,33,0,0
29,09,2022,14,26,05,45,50,0,1
29,09,2022,14,26,06,45,50,54,4
29,09,2022,14,26,07,37,48,22,5
29,09,2022,14,26,09,28,48,0,7
29,09,2022,14,26,10,19,52,0,0
29,09,2022,14,26,11,20,35,0,0
29,09,2022,14,26,15,20,30,53,7
29,09,2022,14,26,16,48,60,53,7
29,09,2022,14,26,17,35,53,45,5
29,09,2022,14,26,18,35,53,8,3
29,09,2022,14,26,19,25,42,8,3
29,09,2022,14,26,19,25,42,0,6
29,09,2022,14,26,20,23,26,0,6
29,09,2022,14,26,21,23,26,0,0
29,09,2022,14,26,25,43,23,0,0
29,09,2022,14,26,26,43,23,53,6
29,09,2022,14,26,26,43,41,53,6
29,09,2022,14,26,27,43,41,23,5
29,09,2022,14,26,28,18,56,23,5
29,09,2022,14,26,29,18,56,0,5
29,09,2022,14,26,29,16,43,0,5
29,09,2022,14,26,30,16,43,0,0
29,09,2022,14,26,31,17,25,0,0
29,09,2022,14,26,35,17,22,52,6
29,09,2022,14,26,36,45,53,52,6
29,09,2022,14,26,36,45,53,37,4
29,09,2022,14,26,37,36,36,37,4
29,09,2022,14,26,38,36,36,7,8
29,09,2022,14,26,39,24,33,7,8
29,09,2022,14,26,39,24,33,0,2
29,09,2022,14,26,40,23,22,0,2
29,09,2022,14,26,45,45,37,0,0
29,09,2022,14,26,46,45,37,55,7
29,09,2022,14,26,47,44,36,22,5
29,09,2022,14,26,48,25,38,22,5
29,09,2022,14,26,49,25,38,0,7
29,09,2022,14,26,50,25,42,0,1
29,09,2022,14,26,51,19,18,0,1
29,09,2022,14,26,55,19,13,63,7
29,09,2022,14,26,56,41,42,63,7
29,09,2022,14,26,56,41,42,37,8
29,09,2022,14,26,58,31,40,0,8
29,09,2022,14,27,00,22,23,0,7
29,09,2022,14,27,01,22,23,0,0
29,09,2022,14,27,05,45,38,0,0
29,09,2022,14,27,06,45,38,55,5
29,09,2022,14,27,08,31,37,55,7
29,09,2022,14,27,09,31,37,0,11
29,09,2022,14,27,10,18,43,0,11
29,09,2022,14,27,10,18,43,0,0
29,09,2022,14,27,11,17,27,0,0
29,09,2022,14,27,15,16,22,52,8
29,09,2022,14,27,16,44,38,52,8
29,09,2022,14,27,16,44,38,37,8
29,09,2022,14,27,18,44,45,8,7
29,09,2022,14,27,19,25,45,8,7
29,09,2022,14,27,20,23,27,0,6
29,09,2022,14,27,21,23,27,0,0
29,09,2022,14,27,25,44,42,0,0
29,09,2022,14,27,26,44,42,55,6
29,09,2022,14,27,27,37,40,23,7
29,09,2022,14,27,29,31,38,0,4
29,09,2022,14,27,30,28,43,0,0
29,09,2022,14,27,31,28,28,0,0
29,09,2022,14,27,35,27,27,51,3
29,09,2022,14,27,36,43,50,51,3
29,09,2022,14,27,36,43,50,37,3
29,09,2022,14,27,37,27,52,37,3
29,09,2022,14,27,38,27,52,7,6
29,09,2022,14,27,39,19,54,0,1
29,09,2022,14,27,40,18,26,0,1
29,09,2022,14,27,45,42,54,0,0
29,09,2022,14,27,46,42,54,55,8
29,09,2022,14,27,47,39,56,23,5
29,09,2022,14,27,49,36,55,0,5
29,09,2022,14,27,49,29,40,0,5
29,09,2022,14,27,50,29,40,0,1
29,09,2022,14,27,51,29,27,0,1
29,09,2022,14,27,55,29,23,52,6
29,09,2022,14,27,55,46,23,52,6
29,09,2022,14,27,56,46,23,38,9
29,09,2022,14,27,57,34,50,38,9
29,09,2022,14,27,58,34,50,7,5
29,09,2022,14,27,59,23,54,7,5
29,09,2022,14,27,59,23,54,0,1
29,09,2022,14,28,00,21,31,0,1
29,09,2022,14,28,05,43,51,0,0
29,09,2022,14,28,05,43,51,54,5
29,09,2022,14,28,07,39,45,23,9
29,09,2022,14,28,09,33,51,0,2
29,09,2022,14,28,11,33,32,0,2
29,09,2022,14,28,15,26,28,53,3
29,09,2022,14,28,16,40,53,53,3
29,09,2022,14,28,16,40,53,53,6
29,09,2022,14,28,17,9,55,53,6
29,09,2022,14,28,18,9,55,0,8
29,09,2022,14,28,19,9,46,0,0
29,09,2022,14,28,20,9,21,0,0
29,09,2022,14,28,25,34,39,0,0
29,09,2022,14,28,25,34,39,0,3
29,09,2022,14,28,27,33,42,24,3
29,09,2022,14,28,28,17,48,24,3
29,09,2022,14,28,28,17,48,0,5
29,09,2022,14,28,30,16,48,0,0
29,09,2022,14,28,31,16,27,0,0
29,09,2022,14,28,35,16,25,53,7
29,09,2022,14,28,35,37,49,53,7
29,09,2022,14,28,36,37,49,28,5
29,09,2022,14,28,37,21,53,28,5
29,09,2022,14,28,38,21,53,0,7
29,09,2022,14,28,39,20,53,0,1
29,09,2022,14,28,40,20,27,0,1
29,09,2022,14,28,45,42,48,0,0
29,09,2022,14,28,45,42,48,55,10
29,09,2022,14,28,47,44,57,56,6
29,09,2022,14,28,48,44,53,36,3
29,09,2022,14,28,49,32,42,36,3
29,09,2022,14,28,50,32,42,0,0
29,09,2022,14,28,51,30,28,0,0
29,09,2022,14,28,56,26,24,0,8
29,09,2022,14,28,57,23,56,0,8
29,09,2022,14,28,58,23,56,0,4
29,09,2022,14,28,59,22,49,0,0
29,09,2022,14,29,00,22,31,0,0
29,09,2022,14,29,05,42,32,0,0
29,09,2022,14,29,05,42,32,75,6
29,09,2022,14,29,06,47,48,75,6
29,09,2022,14,29,07,47,48,55,8
29,09,2022,14,29,08,41,51,37,6
29,09,2022,14,29,09,37,29,37,6
29,09,2022,14,29,10,37,29,1,0
29,09,2022,14,29,12,26,21,0,0
29,09,2022,14,29,15,26,48,0,0
29,09,2022,14,29,17,38,49,0,2
29,09,2022,14,29,18,38,49,9,6
29,09,2022,14,29,18,18,50,9,6
29,09,2022,14,29,19,18,50,0,1
29,09,2022,14,29,20,17,31,0,1
29,09,2022,14,29,25,24,29,54,4
29,09,2022,14,29,26,42,47,54,4
29,09,2022,14,29,27,42,47,34,2
29,09,2022,14,29,28,33,51,0,5
29,09,2022,14,29,29,19,32,0,5
29,09,2022,14,29,30,19,32,0,0
29,09,2022,14,29,35,43,37,8,0
29,09,2022,14,29,36,43,37,49,3
29,09,2022,14,29,38,39,45,9,11
29,09,2022,14,29,39,30,46,0,1
29,09,2022,14,29,40,27,23,0,1
29,09,2022,14,29,43,8,17,0,0
29,09,2022,14,29,45,8,22,0,9
29,09,2022,14,29,46,7,41,0,9
29,09,2022,14,29,47,7,41,0,4
29,09,2022,14,29,49,7,20,0,5
29,09,2022,14,29,50,7,20,0,0
29,09,2022,14,29,54,8,13,15,0
29,09,2022,14,29,55,41,44,15,0
29,09,2022,14,29,56,41,44,50,7
29,09,2022,14,29,58,35,34,9,9
29,09,2022,14,29,59,25,27,0,1
29,09,2022,14,30,03,0,18,0,0
29,09,2022,14,30,04,0,0,0,0
29,09,2022,15,19,32,154,299,0,0
29,09,2022,15,19,33,154,299,748,496
29,09,2022,15,19,34,132,288,748,496
29,09,2022,15,19,34,132,288,748,499
29,09,2022,15,19,40,127,273,749,501
29,09,2022,15,19,40,127,273,749,498
29,09,2022,15,19,46,123,261,749,500
29,09,2022,15,19,53,122,250,749,500
29,09,2022,15,19,54,122,250,749,493
29,09,2022,15,19,56,127,252,748,498
29,09,2022,15,20,01,120,215,749,500
29,09,2022,15,20,02,120,215,749,414
29,09,2022,15,20,03,109,196,749,414
29,09,2022,15,20,03,109,196,473,260
29,09,2022,15,20,04,68,168,473,260
29,09,2022,15,20,05,68,168,186,244
29,09,2022,15,20,06,58,141,186,244
29,09,2022,15,20,06,58,141,186,161
29,09,2022,15,20,08,54,143,79,62
29,09,2022,15,20,09,42,95,79,62
29,09,2022,15,20,09,42,95,55,56
29,09,2022,15,20,11,35,100,36,64
29,09,2022,15,20,12,23,93,36,64
29,09,2022,15,20,13,23,93,27,61
29,09,2022,15,20,14,28,101,9,62
29,09,2022,15,20,15,27,81,9,62
29,09,2022,15,20,16,27,81,9,30
29,09,2022,15,20,23,31,87,33,29
29,09,2022,15,20,26,22,81,0,34
29,09,2022,15,20,28,21,75,0,30
29,09,2022,15,20,30,21,73,0,16
29,09,2022,15,20,33,24,83,28,15
29,09,2022,15,20,34,34,79,28,19
29,09,2022,15,20,36,31,73,27,16
29,09,2022,15,20,37,35,74,11,16
29,09,2022,15,20,38,21,75,11,16
29,09,2022,15,20,39,21,75,0,18
29,09,2022,15,20,42,18,69,10,6
29,09,2022,15,20,43,32,74,10,6
29,09,2022,15,20,44,21,69,6,5
29,09,2022,15,20,46,20,65,0,9
29,09,2022,15,20,48,19,68,0,4
29,09,2022,15,20,50,18,79,0,4
29,09,2022,15,20,52,27,78,52,4
29,09,2022,15,20,54,36,75,20,4
29,09,2022,15,20,56,32,69,0,5
29,09,2022,15,20,59,25,74,0,2
29,09,2022,15,21,00,23,70,0,7
29,09,2022,15,21,03,32,78,27,10
29,09,2022,15,21,06,34,61,37,8
29,09,2022,15,21,06,34,61,21,3
29,09,2022,15,21,08,25,69,0,5
29,09,2022,15,21,09,17,73,0,9
29,09,2022,15,21,11,17,69,0,4
29,09,2022,15,21,12,25,64,11,10
29,09,2022,15,21,14,24,69,0,10
29,09,2022,15,21,15,13,59,0,10
29,09,2022,15,21,16,13,59,0,4
29,09,2022,15,21,16,12,47,0,4
29,09,2022,15,21,17,12,47,0,0
29,09,2022,15,21,22,39,37,10,0
29,09,2022,15,21,23,39,37,36,0
29,09,2022,15,21,25,31,36,9,1
29,09,2022,15,21,26,20,35,9,1
29,09,2022,15,21,32,28,33,37,0
29,09,2022,15,21,37,29,33,0,0
29,09,2022,15,21,42,26,57,5,0
29,09,2022,15,21,46,17,45,0,0
29,09,2022,15,21,52,18,41,54,0
29,09,2022,15,21,53,40,34,54,0
29,09,2022,15,22,02,39,25,11,0
29,09,2022,15,22,02,54,24,11,0
29,09,2022,15,22,03,54,24,134,0
29,09,2022,15,22,04,41,24,134,0
29,09,2022,15,22,06,37,23,50,0
29,09,2022,15,22,08,31,23,28,0
29,09,2022,15,22,09,24,23,6,0
29,09,2022,15,22,22,32,52,0,0
29,09,2022,15,22,23,32,52,21,0
29,09,2022,15,22,24,25,38,21,0
29,09,2022,15,22,25,25,38,9,2
29,09,2022,15,22,32,29,31,37,0
29,09,2022,15,22,34,33,30,1,0
29,09,2022,15,22,35,22,30,1,0
29,09,2022,15,22,42,42,64,0,0
29,09,2022,15,22,43,42,64,44,0
29,09,2022,15,22,44,35,38,44,0
29,09,2022,15,22,45,35,38,7,0
29,09,2022,15,22,45,24,34,7,0
29,09,2022,15,22,52,23,30,27,1
29,09,2022,15,22,53,28,44,27,1
29,09,2022,15,22,54,28,44,9,0
29,09,2022,15,23,12,18,34,27,0
29,09,2022,15,23,13,33,32,27,0
29,09,2022,15,23,17,36,31,7,0
29,09,2022,15,23,18,25,31,7,0
29,09,2022,15,23,22,29,58,0,0
29,09,2022,15,23,24,19,46,9,0
29,09,2022,15,23,32,16,37,22,1
29,09,2022,15,23,33,29,36,22,1
29,09,2022,15,23,34,29,36,0,0
29,09,2022,15,23,42,31,73,0,0
29,09,2022,15,23,44,21,41,9,0
29,09,2022,15,23,52,20,31,20,0
29,09,2022,15,23,53,32,30,20,0
29,09,2022,15,23,54,32,30,0,0
29,09,2022,15,23,54,19,30,0,0
29,09,2022,15,24,02,33,60,0,0
29,09,2022,15,24,04,20,43,9,0
29,09,2022,15,24,22,44,64,0,0
29,09,2022,15,24,23,44,64,44,0
29,09,2022,15,24,24,36,41,44,0
29,09,2022,15,24,24,36,41,0,0
29,09,2022,15,24,32,26,31,25,7
29,09,2022,15,24,33,33,51,25,7
29,09,2022,15,24,34,33,51,27,0
29,09,2022,15,24,38,22,39,27,0
29,09,2022,15,24,38,22,39,0,0
29,09,2022,15,24,42,34,74,0,0
29,09,2022,15,24,44,21,49,9,0
29,09,2022,15,24,52,17,40,40,0
29,09,2022,15,24,53,40,40,40,0
29,09,2022,15,24,55,40,39,7,0
29,09,2022,15,24,57,18,38,0,0
29,09,2022,15,25,02,32,72,0,0
29,09,2022,15,25,03,32,72,28,4
29,09,2022,15,25,04,33,44,28,4
29,09,2022,15,25,04,33,44,28,0
29,09,2022,15,25,07,36,37,1,0
29,09,2022,15,25,08,24,35,1,0
29,09,2022,15,25,12,21,34,50,0
29,09,2022,15,25,13,40,33,50,0
29,09,2022,15,25,14,40,33,33,0
29,09,2022,15,25,15,31,33,0,0
29,09,2022,15,25,17,18,32,0,0
29,09,2022,15,25,22,31,53,0,0
29,09,2022,15,25,23,31,53,28,0
29,09,2022,15,25,24,30,43,0,0
29,09,2022,15,25,27,17,37,0,0
29,09,2022,15,25,33,31,33,7,0
29,09,2022,15,25,42,47,68,0,0
29,09,2022,15,25,43,47,68,55,8
29,09,2022,15,25,43,32,32,55,8
29,09,2022,15,25,44,32,32,0,1
29,09,2022,15,25,45,14,28,0,1
29,09,2022,15,25,52,15,23,32,0
29,09,2022,15,25,53,39,22,32,0
29,09,2022,15,25,54,39,22,21,0
29,09,2022,15,25,54,21,21,21,0
29,09,2022,15,25,55,21,21,0,0
29,09,2022,15,26,02,38,61,0,0
29,09,2022,15,26,03,38,61,55,0
29,09,2022,15,26,03,40,35,55,0
29,09,2022,15,26,04,40,35,37,0
29,09,2022,15,26,05,28,31,37,0
29,09,2022,15,26,06,28,31,1,0
29,09,2022,15,26,07,17,29,1,0
29,09,2022,15,26,12,16,27,34,0
29,09,2022,15,26,13,36,26,34,0
29,09,2022,15,26,15,36,26,5,0
29,09,2022,15,26,16,21,26,5,0
29,09,2022,15,26,22,31,59,0,0
29,09,2022,15,26,23,31,59,28,4
29,09,2022,15,26,23,33,46,28,4
29,09,2022,15,26,24,33,46,27,0
29,09,2022,15,26,27,31,40,1,0
29,09,2022,15,26,34,20,37,1,0
29,09,2022,15,26,43,28,40,9,5
29,09,2022,15,26,44,26,36,0,0
29,09,2022,15,27,13,32,53,8,0
29,09,2022,15,27,14,22,31,8,0
29,09,2022,15,27,33,32,67,10,0
29,09,2022,15,27,34,20,38,0,0
29,09,2022,15,27,43,28,31,20,0
29,09,2022,15,27,44,25,30,0,0
29,09,2022,15,27,52,23,61,10,0
29,09,2022,15,27,54,16,38,0,0
29,09,2022,15,28,12,28,63,0,0
29,09,2022,15,28,14,24,40,0,0
29,09,2022,15,28,28,23,29,0,0
29,09,2022,15,28,32,32,55,6,0
29,09,2022,15,28,34,25,35,1,0
29,09,2022,15,28,45,14,28,0,0
29,09,2022,15,28,52,15,27,14,0
29,09,2022,15,28,52,31,53,14,0
29,09,2022,15,28,54,25,35,6,1
29,09,2022,15,29,02,23,27,21,0
29,09,2022,15,29,04,24,27,0,0
29,09,2022,15,29,08,13,27,0,0
29,09,2022,15,29,12,31,56,0,0
29,09,2022,15,29,14,22,39,9,1
29,09,2022,15,29,22,22,31,26,7
29,09,2022,15,29,24,29,37,0,0
29,09,2022,15,29,32,38,63,0,0
29,09,2022,15,29,33,38,63,36,1
29,09,2022,15,29,34,40,42,36,1
29,09,2022,15,29,35,40,42,22,0
29,09,2022,15,29,35,24,40,22,0
29,09,2022,15,29,36,24,40,0,0
29,09,2022,15,29,42,23,36,27,5
29,09,2022,15,29,44,23,36,27,1
29,09,2022,15,29,45,34,37,27,1
29,09,2022,15,29,47,35,35,10,0
29,09,2022,15,29,48,19,34,10,0
29,09,2022,15,29,52,32,65,0,0
29,09,2022,15,29,54,21,51,8,0
29,09,2022,15,30,02,20,45,21,3
29,09,2022,15,30,04,30,51,0,0
29,09,2022,15,30,12,35,71,0,0
29,09,2022,15,30,14,18,55,0,0
29,09,2022,15,30,22,16,49,0,9
29,09,2022,15,30,24,18,53,0,0
29,09,2022,15,30,32,36,44,0,0
29,09,2022,15,30,34,20,61,10,0
29,09,2022,15,30,42,16,54,23,9
29,09,2022,15,30,43,29,53,23,9
29,09,2022,15,30,44,29,53,0,0
29,09,2022,15,30,49,21,42,0,0
29,09,2022,15,30,52,36,73,0,0
29,09,2022,15,30,54,19,55,0,0
29,09,2022,15,31,02,19,47,18,7
29,09,2022,15,31,04,26,51,0,0
29,09,2022,15,31,12,30,40,0,0
29,09,2022,15,31,14,17,40,6,0
29,09,2022,15,31,22,17,38,27,4
29,09,2022,15,31,23,29,65,27,4
29,09,2022,15,31,24,29,65,0,2
29,09,2022,15,31,25,21,46,0,2
29,09,2022,15,31,32,37,39,0,0
29,09,2022,15,31,34,24,39,9,0
29,09,2022,15,31,42,24,38,25,4
29,09,2022,15,31,43,28,59,25,4
29,09,2022,15,31,44,28,59,0,0
29,09,2022,15,31,44,18,45,0,0
29,09,2022,15,31,52,37,77,0,0
29,09,2022,15,31,54,37,41,0,0
29,09,2022,15,31,55,24,38,0,0
29,09,2022,15,32,02,24,33,20,7
29,09,2022,15,32,03,24,60,20,7
29,09,2022,15,32,04,24,60,8,0
29,09,2022,15,32,07,19,49,0,0
29,09,2022,15,32,12,46,83,0,0
29,09,2022,15,32,13,46,83,49,0
29,09,2022,15,32,14,34,38,49,0
29,09,2022,15,32,14,34,38,6,0
29,09,2022,15,32,22,27,31,25,3
29,09,2022,15,32,23,34,68,25,3
29,09,2022,15,32,24,34,68,27,0
29,09,2022,15,32,24,39,45,27,0
29,09,2022,15,32,26,17,44,37,0
29,09,2022,15,32,27,17,44,0,1
29,09,2022,15,32,32,45,79,0,0
29,09,2022,15,32,33,45,79,43,0
29,09,2022,15,32,34,34,48,43,0
29,09,2022,15,32,34,34,48,0,0
29,09,2022,15,32,42,26,42,26,5
29,09,2022,15,32,43,27,56,26,5
29,09,2022,15,32,44,27,56,6,2
29,09,2022,15,32,47,16,48,0,0
29,09,2022,15,32,52,35,83,0,0
29,09,2022,15,32,53,20,51,8,1
29,09,2022,15,33,02,19,45,29,6
29,09,2022,15,33,03,43,50,29,6
29,09,2022,15,33,03,43,50,49,0
29,09,2022,15,33,05,37,41,9,0
29,09,2022,15,33,06,24,39,9,0
29,09,2022,15,33,12,34,77,0,0
29,09,2022,15,33,13,18,53,8,0
29,09,2022,15,33,22,17,47,19,4
29,09,2022,15,33,23,17,64,19,4
29,09,2022,15,33,24,17,64,0,0
29,09,2022,15,33,24,17,44,0,0
29,09,2022,15,33,33,22,43,48,1
29,09,2022,15,33,33,39,51,48,1
29,09,2022,15,33,34,39,51,8,0
29,09,2022,15,33,38,23,45,0,0
29,09,2022,15,33,42,21,43,18,0
29,09,2022,15,33,43,43,65,18,0
29,09,2022,15,33,43,43,65,50,0
29,09,2022,15,33,44,35,48,50,0
29,09,2022,15,33,45,35,48,10,0
29,09,2022,15,33,46,23,46,10,0
29,09,2022,15,33,53,25,45,10,9
29,09,2022,15,33,54,25,38,0,0
29,09,2022,15,34,03,29,59,2,0
29,09,2022,15,34,07,22,48,0,0
29,09,2022,15,34,13,17,50,49,3
29,09,2022,15,34,14,39,47,49,3
29,09,2022,15,34,14,39,47,9,0
29,09,2022,15,34,15,25,43,9,0
29,09,2022,15,34,23,41,70,9,0
29,09,2022,15,34,23,41,70,49,0
29,09,2022,15,34,24,38,37,49,0
29,09,2022,15,34,25,38,37,10,0
29,09,2022,15,34,26,22,35,10,0
29,09,2022,15,34,33,34,56,10,2
29,09,2022,15,34,36,21,48,0,0
29,09,2022,15,34,46,20,36,0,0
29,09,2022,15,34,53,24,37,10,8
29,09,2022,15,34,53,29,54,10,8
29,09,2022,15,34,54,29,54,0,0
29,09,2022,15,35,01,22,43,0,0
29,09,2022,15,35,03,26,67,5,0
29,09,2022,15,35,04,18,46,1,2
29,09,2022,15,35,18,23,35,0,0
29,09,2022,15,35,23,31,70,5,0
29,09,2022,15,35,24,24,43,6,0
29,09,2022,15,35,32,27,34,10,4
29,09,2022,15,35,33,22,52,10,4
29,09,2022,15,35,34,22,52,0,0
29,09,2022,15,35,42,34,57,9,0
29,09,2022,15,35,44,29,36,1,0
29,09,2022,15,35,52,28,31,20,8
29,09,2022,15,35,54,28,38,0,0
29,09,2022,15,35,58,19,26,0,0
29,09,2022,15,36,02,36,62,0,0
29,09,2022,15,36,04,26,49,6,0
29,09,2022,15,36,13,25,42,22,7
29,09,2022,15,36,13,37,48,22,7
29,09,2022,15,36,14,37,48,0,7
29,09,2022,15,36,15,25,42,0,7
29,09,2022,15,36,16,25,42,0,0
29,09,2022,15,36,22,38,69,0,0
29,09,2022,15,36,24,26,44,6,0
29,09,2022,15,36,32,25,38,22,0
29,09,2022,15,36,33,25,57,22,0
29,09,2022,15,36,34,25,57,0,1
29,09,2022,15,36,35,26,46,0,1
29,09,2022,15,36,42,33,67,0,0
29,09,2022,15,36,44,22,45,7,0
29,09,2022,15,36,52,21,37,21,7
29,09,2022,15,36,53,28,48,21,7
29,09,2022,15,36,54,28,48,0,1
29,09,2022,15,36,58,26,37,0,0
29,09,2022,15,37,02,30,74,0,0
29,09,2022,15,37,03,30,74,0,3
29,09,2022,15,37,04,17,48,0,3
29,09,2022,15,37,05,17,48,0,0
29,09,2022,15,37,12,17,40,22,3
29,09,2022,15,37,13,28,57,22,3
29,09,2022,15,37,14,28,57,0,0
29,09,2022,15,37,18,17,47,0,0
29,09,2022,15,37,22,44,79,0,0
29,09,2022,15,37,23,44,79,45,0
29,09,2022,15,37,24,35,43,45,0
29,09,2022,15,37,25,35,43,0,0
29,09,2022,15,37,30,12,37,0,0
29,09,2022,15,37,32,12,36,36,5
29,09,2022,15,37,33,39,48,36,5
29,09,2022,15,37,34,39,48,37,0
29,09,2022,15,37,35,39,38,10,0
29,09,2022,15,37,36,26,36,10,0
29,09,2022,15,37,38,15,34,0,2
29,09,2022,15,37,42,36,63,0,0
29,09,2022,15,37,44,28,48,9,0
29,09,2022,15,37,52,24,39,18,5
29,09,2022,15,37,53,26,50,18,5
29,09,2022,15,37,54,26,50,0,0
29,09,2022,15,38,02,35,82,0,0
29,09,2022,15,38,03,35,82,6,4
29,09,2022,15,38,04,23,49,6,4
29,09,2022,15,38,05,23,49,0,0
29,09,2022,15,38,12,23,39,26,9
29,09,2022,15,38,13,33,64,26,9
29,09,2022,15,38,14,33,64,0,0
29,09,2022,15,38,16,28,52,0,0
29,09,2022,15,38,22,35,84,0,0
29,09,2022,15,38,23,35,84,5,11
29,09,2022,15,38,24,19,52,5,11
29,09,2022,15,38,25,19,52,0,0
29,09,2022,15,38,32,17,43,26,7
29,09,2022,15,38,33,34,66,26,7
29,09,2022,15,38,34,34,66,0,0
29,09,2022,15,38,35,34,51,0,0
29,09,2022,15,38,36,23,49,0,0
29,09,2022,15,38,42,35,85,0,0
29,09,2022,15,38,44,21,49,10,0
29,09,2022,15,38,52,19,42,25,0
29,09,2022,15,38,53,32,73,25,0
29,09,2022,15,38,54,32,73,1,1
29,09,2022,15,38,54,27,50,1,1
29,09,2022,15,39,02,37,83,0,0
29,09,2022,15,39,04,34,56,9,1
29,09,2022,15,39,12,31,49,25,7
29,09,2022,15,39,13,27,66,25,7
29,09,2022,15,39,14,27,66,0,0
29,09,2022,15,39,14,18,51,0,0
29,09,2022,15,39,22,18,83,0,0
29,09,2022,15,39,24,17,40,0,0
29,09,2022,15,39,32,18,34,34,8
29,09,2022,15,39,33,31,69,34,8
29,09,2022,15,39,34,31,69,10,0
29,09,2022,15,39,34,17,39,10,0
29,09,2022,15,39,42,38,77,0,0
29,09,2022,15,39,43,38,77,9,4
29,09,2022,15,39,44,30,47,9,4
29,09,2022,15,39,44,30,47,0,0
29,09,2022,15,39,52,28,38,26,3
29,09,2022,15,39,53,31,76,26,3
29,09,2022,15,39,54,31,76,0,0
29,09,2022,15,39,54,28,53,0,0
29,09,2022,15,40,02,40,91,0,0
29,09,2022,15,40,03,40,91,1,4
29,09,2022,15,40,04,15,61,1,4
29,09,2022,15,40,04,15,61,0,0
29,09,2022,15,40,12,16,53,17,0
29,09,2022,15,40,13,16,66,17,0
29,09,2022,15,40,14,16,66,35,1
29,09,2022,15,40,14,31,42,35,1
29,09,2022,15,40,15,31,42,0,0
29,09,2022,15,40,19,20,38,0,0
29,09,2022,15,40,23,22,38,27,6
29,09,2022,15,40,24,34,57,27,6
29,09,2022,15,40,24,34,57,24,0
29,09,2022,15,40,25,19,53,24,0
29,09,2022,15,40,26,19,53,0,0
29,09,2022,15,40,33,34,49,2,0
29,09,2022,15,40,34,22,55,0,0
29,09,2022,15,40,43,23,50,28,5
29,09,2022,15,40,43,35,61,28,5
29,09,2022,15,40,44,35,61,37,0
29,09,2022,15,40,47,25,52,0,0
29,09,2022,15,40,53,22,66,2,0
29,09,2022,15,40,54,26,52,0,0
29,09,2022,15,40,57,15,46,0,0
29,09,2022,15,41,03,22,49,53,4
29,09,2022,15,41,04,36,48,53,4
29,09,2022,15,41,04,36,48,9,0
29,09,2022,15,41,05,24,44,9,0
29,09,2022,15,41,13,42,68,0,0
29,09,2022,15,41,13,42,68,53,0
29,09,2022,15,41,14,40,37,53,0
29,09,2022,15,41,15,40,37,8,0
29,09,2022,15,41,17,23,32,0,0
29,09,2022,15,41,23,27,31,10,9
29,09,2022,15,41,23,26,48,10,9
29,09,2022,15,41,24,26,48,0,0
29,09,2022,15,41,30,21,37,0,0
29,09,2022,15,41,32,22,36,17,0
29,09,2022,15,41,33,45,65,17,0
29,09,2022,15,41,33,45,65,37,1
29,09,2022,15,41,34,32,37,37,1
29,09,2022,15,41,35,32,37,0,0
29,09,2022,15,41,36,19,34,0,0
29,09,2022,15,41,43,20,30,22,7
29,09,2022,15,41,43,28,50,22,7
29,09,2022,15,41,44,28,50,0,0
29,09,2022,15,41,53,28,63,8,0
29,09,2022,15,41,54,19,50,0,0
29,09,2022,15,42,03,17,46,10,5
29,09,2022,15,42,04,17,49,0,0
29,09,2022,15,42,05,27,38,0,0
29,09,2022,15,42,11,0,32,0,0
29,09,2022,15,42,13,29,66,10,0
29,09,2022,15,42,14,24,43,1,0
29,09,2022,15,42,23,24,37,28,10
29,09,2022,15,42,23,37,36,28,10
29,09,2022,15,42,24,37,36,27,0
29,09,2022,15,42,27,36,29,6,0
29,09,2022,15,42,30,25,27,0,0
29,09,2022,15,42,33,38,27,0,0
29,09,2022,15,42,34,26,42,8,2
29,09,2022,15,42,42,25,31,0,0
29,09,2022,15,42,43,25,31,22,5
29,09,2022,15,42,43,35,50,22,5
29,09,2022,15,42,44,35,50,0,0
29,09,2022,15,42,46,29,39,0,0
29,09,2022,15,42,53,35,58,0,0
29,09,2022,15,42,53,35,58,5,8
29,09,2022,15,42,54,33,35,5,8
29,09,2022,15,42,55,33,35,0,0
29,09,2022,15,43,03,33,27,25,5
29,09,2022,15,43,04,35,33,0,0
29,09,2022,15,43,13,37,27,9,4
29,09,2022,15,43,14,35,39,9,4
29,09,2022,15,43,15,35,39,0,0
29,09,2022,15,43,22,34,32,21,4
29,09,2022,15,43,24,34,41,0,1
29,09,2022,15,43,26,32,30,0,0
29,09,2022,15,43,32,37,63,0,0
29,09,2022,15,43,33,37,63,7,6
29,09,2022,15,43,34,25,39,7,6
29,09,2022,15,43,35,25,39,0,0
29,09,2022,15,43,42,22,29,23,7
29,09,2022,15,43,43,33,51,23,7
29,09,2022,15,43,44,33,51,0,0
29,09,2022,15,43,45,33,29,0,0
29,09,2022,15,43,52,32,58,0,0
29,09,2022,15,43,54,24,31,0,1
29,09,2022,15,44,02,24,26,23,10
29,09,2022,15,44,03,34,41,23,10
29,09,2022,15,44,04,34,41,0,0
29,09,2022,15,44,06,30,29,0,0
29,09,2022,15,44,12,35,53,0,0
29,09,2022,15,44,14,21,23,6,0
29,09,2022,15,44,22,19,18,26,7
29,09,2022,15,44,23,35,36,26,7
29,09,2022,15,44,24,35,36,0,0
29,09,2022,15,44,32,33,54,0,0
29,09,2022,15,44,33,33,54,7,6
29,09,2022,15,44,34,32,37,7,6
29,09,2022,15,44,35,32,37,0,0
29,09,2022,15,44,42,32,30,18,6
29,09,2022,15,44,43,34,58,18,6
29,09,2022,15,44,44,34,58,0,0
29,09,2022,15,44,45,27,33,0,0
29,09,2022,15,44,52,39,57,0,0
29,09,2022,15,44,53,39,57,7,5
29,09,2022,15,44,54,26,42,7,5
29,09,2022,15,44,55,26,42,0,0
29,09,2022,15,45,02,25,35,27,2
29,09,2022,15,45,03,37,51,27,2
29,09,2022,15,45,04,37,51,0,0
29,09,2022,15,45,05,25,33,0,0
29,09,2022,15,45,12,42,62,0,0
29,09,2022,15,45,13,42,62,0,4
29,09,2022,15,45,14,27,34,0,4
29,09,2022,15,45,15,27,34,0,0
29,09,2022,15,45,22,25,26,26,7
29,09,2022,15,45,23,35,52,26,7
29,09,2022,15,45,24,35,52,0,0
29,09,2022,15,45,25,25,34,0,0
29,09,2022,15,45,32,39,64,0,0
29,09,2022,15,45,33,39,64,9,8
29,09,2022,15,45,34,31,38,9,8
29,09,2022,15,45,35,31,38,0,0
29,09,2022,15,45,42,31,30,25,8
29,09,2022,15,45,43,30,47,25,8
29,09,2022,15,45,44,30,47,0,0
29,09,2022,15,45,45,27,31,0,0
29,09,2022,15,45,52,39,58,0,0
29,09,2022,15,45,53,39,58,6,5
29,09,2022,15,45,54,26,36,6,5
29,09,2022,15,45,55,26,36,0,0
29,09,2022,15,46,00,25,25,0,0
29,09,2022,15,46,02,24,25,26,6
29,09,2022,15,46,03,37,52,26,6
29,09,2022,15,46,04,37,52,0,0
29,09,2022,15,46,05,28,35,0,0
29,09,2022,15,46,12,40,70,0,0
29,09,2022,15,46,13,40,70,9,6
29,09,2022,15,46,14,26,42,9,6
29,09,2022,15,46,14,26,42,0,0
29,09,2022,15,46,22,25,33,25,9
29,09,2022,15,46,23,33,64,25,9
29,09,2022,15,46,24,33,64,0,0
29,09,2022,15,46,24,24,38,0,0
29,09,2022,15,46,32,41,67,0,0
29,09,2022,15,46,33,41,67,9,4
29,09,2022,15,46,34,25,46,9,4
29,09,2022,15,46,34,25,46,0,1
29,09,2022,15,46,40,24,35,0,0
29,09,2022,15,46,42,23,34,26,6
29,09,2022,15,46,43,39,73,26,6
29,09,2022,15,46,44,39,73,0,0
29,09,2022,15,46,44,31,38,0,0
29,09,2022,15,46,52,40,78,0,0
29,09,2022,15,46,53,40,78,7,6
29,09,2022,15,46,54,28,48,7,6
29,09,2022,15,46,54,28,48,0,0
29,09,2022,15,47,02,28,39,27,6
29,09,2022,15,47,03,34,68,27,6
29,09,2022,15,47,04,34,68,0,1
29,09,2022,15,47,04,31,37,0,1
29,09,2022,15,47,13,40,32,9,5
29,09,2022,15,47,14,25,48,9,5
29,09,2022,15,47,14,25,48,0,0
29,09,2022,15,47,23,36,67,9,0
29,09,2022,15,47,24,36,67,0,6
29,09,2022,15,47,24,30,42,0,6
29,09,2022,15,47,25,30,42,0,0
29,09,2022,15,47,33,30,38,52,7
29,09,2022,15,47,34,39,46,6,0
29,09,2022,15,47,35,26,39,6,0
29,09,2022,15,47,43,44,69,11,0
29,09,2022,15,47,44,44,69,49,7
29,09,2022,15,47,44,38,46,49,7
29,09,2022,15,47,45,38,46,1,0
29,09,2022,15,47,46,19,42,1,0
29,09,2022,15,47,53,25,43,1,8
29,09,2022,15,47,54,23,53,1,0
29,09,2022,15,47,58,22,40,0,0
29,09,2022,15,48,02,22,38,14,0
29,09,2022,15,48,03,45,68,14,0
29,09,2022,15,48,04,45,68,36,0
29,09,2022,15,48,04,37,53,36,0
29,09,2022,15,48,05,37,53,0,0
29,09,2022,15,48,13,33,50,28,5
29,09,2022,15,48,14,37,58,27,0
29,09,2022,15,48,15,36,40,27,0
29,09,2022,15,48,17,30,38,0,0
29,09,2022,15,48,23,41,64,10,0
29,09,2022,15,48,24,41,64,31,2
29,09,2022,15,48,24,28,37,31,2
29,09,2022,15,48,25,28,37,0,0
29,09,2022,15,48,33,22,30,27,4
29,09,2022,15,48,33,33,54,27,4
29,09,2022,15,48,34,33,54,27,0
29,09,2022,15,48,35,37,41,27,0
29,09,2022,15,48,37,35,38,0,0
29,09,2022,15,48,38,20,37,0,0
29,09,2022,15,48,43,29,69,8,0
29,09,2022,15,48,44,29,44,0,0
29,09,2022,15,48,53,35,37,0,4
29,09,2022,15,48,53,24,37,0,4
29,09,2022,15,48,54,24,37,0,1
29,09,2022,15,49,03,33,67,8,0
29,09,2022,15,49,03,33,67,1,7
29,09,2022,15,49,04,21,47,1,7
29,09,2022,15,49,05,21,47,0,0
29,09,2022,15,49,13,31,42,10,5
29,09,2022,15,49,14,23,44,0,0
29,09,2022,15,49,20,21,32,0,0
29,09,2022,15,49,22,21,31,11,0
29,09,2022,15,49,23,29,66,11,0
29,09,2022,15,49,23,29,66,0,0
29,09,2022,15,49,24,26,38,0,0
29,09,2022,15,49,33,26,30,22,3
29,09,2022,15,49,34,31,30,22,0
29,09,2022,15,49,36,23,39,0,0
29,09,2022,15,49,43,33,63,0,0
29,09,2022,15,49,43,33,63,5,8
29,09,2022,15,49,44,26,41,5,8
29,09,2022,15,49,45,26,41,0,0
29,09,2022,15,49,53,27,34,27,0
29,09,2022,15,49,53,32,55,27,0
29,09,2022,15,49,54,32,55,0,0
29,09,2022,15,49,55,23,36,0,0
29,09,2022,15,50,03,35,67,0,0
29,09,2022,15,50,03,35,67,9,5
29,09,2022,15,50,04,25,45,9,5
29,09,2022,15,50,05,25,45,0,0
29,09,2022,15,50,12,24,39,20,10
29,09,2022,15,50,13,28,61,20,10
29,09,2022,15,50,14,28,61,0,0
29,09,2022,15,50,15,20,45,0,0
29,09,2022,15,50,23,33,63,0,0
29,09,2022,15,50,23,33,63,0,9
29,09,2022,15,50,24,25,50,0,9
29,09,2022,15,50,25,25,50,0,0
29,09,2022,15,50,29,25,39,0,0
29,09,2022,15,50,33,25,37,24,5
29,09,2022,15,50,33,31,62,24,5
29,09,2022,15,50,34,31,62,0,0
29,09,2022,15,50,35,27,33,0,0
29,09,2022,15,50,43,33,24,7,4
29,09,2022,15,50,44,24,40,7,4
29,09,2022,15,50,45,24,40,0,0
29,09,2022,15,50,50,21,29,0,1
29,09,2022,15,50,52,21,28,21,6
29,09,2022,15,50,53,29,50,21,6
29,09,2022,15,50,54,29,50,0,0
29,09,2022,15,50,55,28,23,0,0
29,09,2022,15,51,03,32,58,0,0
29,09,2022,15,51,03,32,58,7,5
29,09,2022,15,51,04,20,36,7,5
29,09,2022,15,51,05,20,36,0,0
29,09,2022,15,51,12,17,29,53,4
29,09,2022,15,51,13,41,58,53,4
29,09,2022,15,51,14,41,58,26,0
29,09,2022,15,51,15,24,34,26,0
29,09,2022,15,51,15,24,34,0,0
29,09,2022,15,51,22,36,66,0,0
29,09,2022,15,51,23,36,66,27,5
29,09,2022,15,51,24,34,44,27,5
29,09,2022,15,51,25,34,44,25,0
29,09,2022,15,51,26,34,41,0,0
29,09,2022,15,51,27,15,39,0,0
29,09,2022,15,51,32,15,37,35,8
29,09,2022,15,51,33,31,59,35,8
29,09,2022,15,51,34,31,59,0,0
29,09,2022,15,51,35,21,41,0,0
29,09,2022,15,51,36,21,0,0,0
29,09,2022,15,51,38,21,37,0,0
29,09,2022,15,51,42,32,77,0,0
29,09,2022,15,51,43,32,77,28,7
29,09,2022,15,51,44,44,47,28,7
29,09,2022,15,51,45,44,47,49,0
29,09,2022,15,51,46,34,42,10,0
29,09,2022,15,51,47,23,40,10,0
29,09,2022,15,51,52,22,38,26,9
29,09,2022,15,51,53,33,61,26,9
29,09,2022,15,51,54,33,61,0,0
29,09,2022,15,51,55,22,43,0,0
29,09,2022,15,52,02,37,81,0,0
29,09,2022,15,52,03,37,81,7,7
29,09,2022,15,52,04,27,57,7,7
29,09,2022,15,52,05,27,57,0,0
29,09,2022,15,52,07,25,45,0,0
29,09,2022,15,52,12,25,42,25,6
29,09,2022,15,52,13,33,66,25,6
29,09,2022,15,52,14,33,66,0,0
29,09,2022,15,52,15,25,48,0,0
29,09,2022,15,52,22,37,42,0,0
29,09,2022,15,52,23,37,42,9,4
29,09,2022,15,52,25,27,45,0,0
29,09,2022,15,52,32,25,38,26,9
29,09,2022,15,52,33,30,70,26,9
29,09,2022,15,52,34,30,70,0,0
29,09,2022,15,52,35,25,44,0,0
29,09,2022,15,52,42,40,71,0,0
29,09,2022,15,52,43,40,71,10,11
29,09,2022,15,52,44,27,43,10,11
29,09,2022,15,52,45,27,43,0,2
29,09,2022,15,52,51,25,32,0,0
29,09,2022,15,52,52,25,32,25,10
29,09,2022,15,52,54,26,32,0,10
29,09,2022,15,52,55,25,43,0,10
29,09,2022,15,52,55,25,43,0,0
29,09,2022,15,53,02,39,77,0,0
29,09,2022,15,53,03,39,77,0,5
29,09,2022,15,53,04,25,33,0,5
29,09,2022,15,53,05,25,33,0,0
29,09,2022,15,53,12,22,24,25,4
29,09,2022,15,53,13,31,64,25,4
29,09,2022,15,53,14,31,64,0,0
29,09,2022,15,53,15,25,43,0,0
29,09,2022,15,53,22,24,71,0,0
29,09,2022,15,53,23,24,71,9,7
29,09,2022,15,53,24,20,55,9,7
29,09,2022,15,53,25,20,55,0,0
29,09,2022,15,53,32,18,45,27,6
29,09,2022,15,53,33,31,59,27,6
29,09,2022,15,53,34,31,59,0,0
29,09,2022,15,53,35,22,42,0,0
29,09,2022,15,53,42,35,73,0,0
29,09,2022,15,53,44,22,73,6,0
29,09,2022,15,53,45,22,33,6,0
29,09,2022,15,53,53,34,63,4,0
29,09,2022,15,53,54,26,34,7,1
29,09,2022,15,54,03,34,28,10,5
29,09,2022,15,54,04,19,40,10,5
29,09,2022,15,54,04,19,40,0,0
29,09,2022,15,54,08,17,29,0,0
29,09,2022,15,54,12,18,28,12,0
29,09,2022,15,54,13,30,63,12,0
29,09,2022,15,54,14,30,63,0,7
29,09,2022,15,54,14,20,39,0,7
29,09,2022,15,54,15,20,39,0,0
29,09,2022,15,54,16,21,0,0,0
29,09,2022,15,54,17,20,32,0,0
29,09,2022,15,54,23,30,31,10,5
29,09,2022,15,54,24,30,38,0,0
29,09,2022,15,54,27,29,27,0,0
29,09,2022,15,54,33,31,57,4,0
29,09,2022,15,54,34,19,57,0,2
29,09,2022,15,54,36,18,38,0,0
29,09,2022,15,54,43,18,35,9,3
29,09,2022,15,54,44,27,46,9,3
29,09,2022,15,54,44,27,46,0,0
29,09,2022,15,54,47,26,35,0,0
29,09,2022,15,54,52,26,33,11,0
29,09,2022,15,54,53,30,49,11,0
29,09,2022,15,54,53,30,49,0,8
29,09,2022,15,54,54,20,32,0,8
29,09,2022,15,54,55,20,32,0,0
29,09,2022,15,55,03,23,27,0,4
29,09,2022,15,55,04,26,50,0,4
29,09,2022,15,55,04,26,50,0,0
29,09,2022,15,55,05,25,31,0,0
29,09,2022,15,55,13,29,58,8,1
29,09,2022,15,55,14,20,29,0,2
29,09,2022,15,55,23,28,24,10,6
29,09,2022,15,55,24,26,53,10,6
29,09,2022,15,55,24,26,53,0,0
29,09,2022,15,55,25,25,38,0,0
29,09,2022,15,55,34,21,25,0,1
29,09,2022,15,55,43,27,23,10,5
29,09,2022,15,55,44,28,54,10,5
29,09,2022,15,55,44,28,54,0,0
29,09,2022,15,55,45,26,29,0,0
29,09,2022,15,55,53,31,48,10,0
29,09,2022,15,55,54,31,48,1,6
29,09,2022,15,55,54,24,25,1,6
29,09,2022,15,55,55,24,25,0,0
29,09,2022,15,56,03,28,23,10,10
29,09,2022,15,56,04,24,36,10,10
29,09,2022,15,56,04,24,36,0,0
29,09,2022,15,56,13,26,60,8,0
29,09,2022,15,56,13,26,60,0,6
29,09,2022,15,56,14,25,44,0,6
29,09,2022,15,56,15,25,44,0,0
29,09,2022,15,56,23,25,38,20,0
29,09,2022,15,56,23,24,53,20,0
29,09,2022,15,56,24,24,53,0,1
29,09,2022,15,56,25,21,40,0,1
29,09,2022,15,56,33,35,49,0,0
29,09,2022,15,56,36,25,36,0,0
29,09,2022,15,56,43,24,31,26,9
29,09,2022,15,56,43,27,54,26,9
29,09,2022,15,56,44,27,54,0,0
29,09,2022,15,56,45,21,22,0,0
29,09,2022,15,56,53,35,52,0,0
29,09,2022,15,56,53,35,52,1,4
29,09,2022,15,56,55,27,52,0,0
29,09,2022,15,56,56,26,29,0,0
29,09,2022,15,57,03,26,23,20,5
29,09,2022,15,57,03,24,53,20,5
29,09,2022,15,57,04,24,53,0,0
29,09,2022,15,57,05,22,34,0,0
29,09,2022,15,57,13,46,68,0,0
29,09,2022,15,57,13,46,68,46,5
29,09,2022,15,57,14,33,50,46,5
29,09,2022,15,57,15,33,50,7,0
29,09,2022,15,57,17,21,39,0,0
29,09,2022,15,57,23,21,37,27,6
29,09,2022,15,57,23,35,64,27,6
29,09,2022,15,57,25,34,38,27,6
29,09,2022,15,57,26,34,38,28,0
29,09,2022,15,57,27,35,35,9,0
29,09,2022,15,57,28,21,33,9,0
29,09,2022,15,57,33,32,61,0,0
29,09,2022,15,57,33,32,61,7,11
29,09,2022,15,57,34,20,49,7,11
29,09,2022,15,57,35,20,49,0,0
29,09,2022,15,57,43,19,40,19,0
29,09,2022,15,57,43,27,62,19,0
29,09,2022,15,57,44,27,62,0,0
29,09,2022,15,57,45,27,39,0,0
29,09,2022,15,57,52,31,64,0,0
29,09,2022,15,57,53,31,64,1,5
29,09,2022,15,57,54,24,41,1,5
29,09,2022,15,57,55,24,41,1,0
29,09,2022,15,58,02,24,33,22,5
29,09,2022,15,58,03,26,67,22,5
29,09,2022,15,58,04,26,67,0,0
29,09,2022,15,58,05,24,46,0,0
29,09,2022,15,58,13,33,65,0,0
29,09,2022,15,58,13,33,65,0,6
29,09,2022,15,58,14,22,46,0,6
29,09,2022,15,58,15,22,46,0,0
29,09,2022,15,58,23,20,38,17,3
29,09,2022,15,58,23,29,62,17,3
29,09,2022,15,58,24,29,62,0,0
29,09,2022,15,58,25,24,44,0,0
29,09,2022,15,58,32,37,78,0,0
29,09,2022,15,58,33,37,78,6,5
29,09,2022,15,58,34,26,53,6,5
29,09,2022,15,58,35,26,53,0,0
29,09,2022,15,58,37,25,41,0,0
29,09,2022,15,58,42,25,38,25,10
29,09,2022,15,58,43,28,60,25,10
29,09,2022,15,58,44,28,60,0,5
29,09,2022,15,58,45,25,38,0,5
29,09,2022,15,58,45,25,38,0,0
29,09,2022,15,58,52,35,68,0,0
29,09,2022,15,58,53,35,68,7,6
29,09,2022,15,58,54,19,44,7,6
29,09,2022,15,58,55,19,44,0,0
29,09,2022,15,58,59,19,32,0,0
29,09,2022,15,59,03,19,31,27,9
29,09,2022,15,59,03,32,52,27,9
29,09,2022,15,59,04,32,52,0,0
29,09,2022,15,59,08,22,40,0,0
29,09,2022,15,59,12,36,75,0,0
29,09,2022,15,59,13,36,75,9,5
29,09,2022,15,59,14,26,55,9,5
29,09,2022,15,59,15,26,55,0,0
29,09,2022,15,59,15,25,31,0,0
29,09,2022,15,59,22,25,26,26,7
29,09,2022,15,59,23,28,63,26,7
29,09,2022,15,59,24,28,63,0,0
29,09,2022,15,59,25,18,46,0,0
29,09,2022,15,59,32,37,75,0,0
29,09,2022,15,59,33,37,75,9,8
29,09,2022,15,59,34,25,48,9,8
29,09,2022,15,59,35,25,48,0,0
29,09,2022,15,59,42,23,37,0,0
29,09,2022,15,59,42,23,37,25,8
29,09,2022,15,59,43,30,64,25,8
29,09,2022,15,59,44,30,64,0,2
29,09,2022,15,59,45,19,40,0,2
29,09,2022,15,59,52,18,73,0,0
29,09,2022,15,59,53,18,73,9,6
29,09,2022,15,59,54,25,39,9,6
29,09,2022,15,59,55,25,39,0,0
29,09,2022,15,59,57,24,27,0,0
29,09,2022,16,00,02,24,24,26,5
29,09,2022,16,00,03,24,58,26,5
29,09,2022,16,00,04,24,58,0,5
29,09,2022,16,00,05,15,36,0,5
29,09,2022,16,00,05,15,36,0,0
29,09,2022,16,00,12,35,71,0,0
29,09,2022,16,00,13,35,71,9,7
29,09,2022,16,00,14,24,55,9,7
29,09,2022,16,00,15,24,55,0,0
29,09,2022,16,00,15,24,36,0,0
29,09,2022,16,00,22,25,30,26,7
29,09,2022,16,00,23,27,69,26,7
29,09,2022,16,00,24,27,69,0,2
29,09,2022,16,00,25,18,43,0,2
29,09,2022,16,00,30,18,38,57318,0
29,09,2022,16,00,30,18,38,8217,0
29,09,2022,16,00,30,18,38,57318,0
29,09,2022,16,00,31,18,37,8217,0
29,09,2022,16,00,31,18,37,57318,0
29,09,2022,16,00,31,18,37,8217,0
29,09,2022,16,00,31,18,37,0,1
29,09,2022,16,00,32,36,81,0,1
29,09,2022,16,00,33,36,81,0,6
29,09,2022,16,00,34,24,56,0,6
29,09,2022,16,00,34,24,56,0,0
29,09,2022,16,00,35,23,40,0,0
29,09,2022,16,00,42,23,36,26,6
29,09,2022,16,00,43,30,57,26,6
29,09,2022,16,00,44,30,57,0,0
29,09,2022,16,00,45,28,41,0,0
29,09,2022,16,00,53,28,37,11,6
29,09,2022,16,00,54,21,64,11,6
29,09,2022,16,00,54,21,64,0,0
29,09,2022,16,00,55,20,28,0,0
29,09,2022,16,01,03,19,60,5,0
29,09,2022,16,01,04,19,60,0,8
29,09,2022,16,01,04,26,43,0,8
29,09,2022,16,01,05,26,43,0,0
29,09,2022,16,01,13,30,37,53,0
29,09,2022,16,01,14,38,64,53,0
29,09,2022,16,01,15,38,64,23,0
29,09,2022,16,01,15,23,37,23,0
29,09,2022,16,01,18,21,35,0,0
29,09,2022,16,01,23,33,66,2,0
29,09,2022,16,01,24,33,66,10,5
29,09,2022,16,01,24,32,38,10,5
29,09,2022,16,01,25,32,38,8,0
29,09,2022,16,01,33,22,31,0,7
29,09,2022,16,01,34,23,58,0,7
29,09,2022,16,01,34,23,58,0,0
29,09,2022,16,01,35,23,37,0,0
29,09,2022,16,01,42,21,32,12,0
29,09,2022,16,01,43,45,68,12,0
29,09,2022,16,01,44,45,68,49,5
29,09,2022,16,01,44,33,44,49,5
29,09,2022,16,01,45,33,44,7,0
29,09,2022,16,01,46,17,39,7,0
29,09,2022,16,01,53,19,37,6,7
29,09,2022,16,01,54,21,59,6,7
29,09,2022,16,01,54,21,59,0,0
29,09,2022,16,01,55,21,34,0,0
29,09,2022,16,02,02,20,28,28,0
29,09,2022,16,02,03,43,65,28,0
29,09,2022,16,02,04,43,65,36,5
29,09,2022,16,02,04,33,42,36,5
29,09,2022,16,02,05,33,42,0,0
29,09,2022,16,02,06,22,37,0,0
29,09,2022,16,02,12,33,36,0,0
29,09,2022,16,02,13,33,36,56,6
29,09,2022,16,02,14,40,65,56,6
29,09,2022,16,02,14,40,65,34,0
29,09,2022,16,02,15,28,52,34,0
29,09,2022,16,02,16,28,52,0,0
29,09,2022,16,02,24,31,59,7,5
29,09,2022,16,02,24,20,48,7,5
29,09,2022,16,02,25,20,48,0,0
29,09,2022,16,02,33,24,41,11,11
29,09,2022,16,02,34,26,71,11,11
29,09,2022,16,02,34,26,71,0,0
29,09,2022,16,02,37,25,44,0,0
29,09,2022,16,02,43,30,71,6,0
29,09,2022,16,02,44,22,47,0,2
29,09,2022,16,02,53,27,43,49,7
29,09,2022,16,02,53,36,65,49,7
29,09,2022,16,02,54,36,65,10,0
29,09,2022,16,02,55,22,40,10,0
29,09,2022,16,03,03,34,61,7,0
29,09,2022,16,03,03,34,61,28,10
29,09,2022,16,03,04,34,38,28,10
29,09,2022,16,03,05,34,38,28,0
29,09,2022,16,03,07,37,32,9,1
29,09,2022,16,03,09,16,29,0,0
29,09,2022,16,03,13,15,28,48,8
29,09,2022,16,03,14,38,61,48,8
29,09,2022,16,03,14,38,61,9,0
29,09,2022,16,03,15,24,39,9,0
29,09,2022,16,03,23,45,66,0,0
29,09,2022,16,03,23,45,66,53,5
29,09,2022,16,03,24,45,49,53,5
29,09,2022,16,03,25,45,49,0,1
29,09,2022,16,03,26,26,42,0,1
29,09,2022,16,03,33,25,37,26,7
29,09,2022,16,03,33,36,63,26,7
29,09,2022,16,03,34,36,63,19,0
29,09,2022,16,03,35,25,36,19,0
29,09,2022,16,03,36,25,36,0,0
29,09,2022,16,03,43,43,56,0,0
29,09,2022,16,03,43,43,56,50,11
29,09,2022,16,03,45,36,50,10,0
29,09,2022,16,03,49,26,39,0,0
29,09,2022,16,03,53,26,38,23,7
29,09,2022,16,03,54,26,38,0,1
29,09,2022,16,03,55,19,27,0,1
29,09,2022,16,04,03,32,49,0,1
29,09,2022,16,04,03,32,49,6,12
29,09,2022,16,04,04,26,34,6,12
29,09,2022,16,04,05,26,34,0,0
29,09,2022,16,04,13,25,25,0,6
29,09,2022,16,04,13,20,39,0,6
29,09,2022,16,04,14,20,39,0,1
29,09,2022,16,04,23,35,43,0,0
29,09,2022,16,04,23,35,43,6,4
29,09,2022,16,04,26,27,42,0,0
29,09,2022,16,04,33,27,32,22,2
29,09,2022,16,04,33,20,51,22,2
29,09,2022,16,04,34,20,51,0,0
29,09,2022,16,04,35,18,30,0,0
29,09,2022,16,04,43,34,47,0,0
29,09,2022,16,04,44,22,49,7,0
29,09,2022,16,04,50,22,38,0,0
29,09,2022,16,04,53,22,38,23,4
29,09,2022,16,04,54,29,47,0,0
29,09,2022,16,04,56,26,18,0,0
29,09,2022,16,05,03,32,50,0,0
29,09,2022,16,05,03,32,50,7,3
29,09,2022,16,05,04,21,31,7,3
29,09,2022,16,05,08,19,26,0,0
29,09,2022,16,05,13,19,24,21,2
29,09,2022,16,05,13,25,46,21,2
29,09,2022,16,05,14,25,46,0,0
29,09,2022,16,05,15,24,33,0,0
29,09,2022,16,05,23,23,50,0,0
29,09,2022,16,05,23,23,50,0,13
29,09,2022,16,05,24,18,33,0,13
29,09,2022,16,05,25,18,33,0,0
29,09,2022,16,05,33,18,25,26,3
29,09,2022,16,05,33,30,46,26,3
29,09,2022,16,05,34,30,46,0,2
29,09,2022,16,05,41,20,35,0,0
29,09,2022,16,05,42,35,50,0,0
29,09,2022,16,05,43,35,50,5,3
29,09,2022,16,05,44,20,41,5,3
29,09,2022,16,05,45,20,41,0,0
29,09,2022,16,05,49,19,29,0,0
29,09,2022,16,05,52,19,28,25,7
29,09,2022,16,05,53,27,49,25,7
29,09,2022,16,05,54,27,49,0,1
29,09,2022,16,05,55,21,20,0,1
29,09,2022,16,06,02,36,38,0,0
29,09,2022,16,06,03,36,38,10,4
29,09,2022,16,06,04,22,46,10,4
29,09,2022,16,06,05,22,46,0,0
29,09,2022,16,06,05,21,33,0,0
29,09,2022,16,06,12,21,29,26,11
29,09,2022,16,06,13,31,51,26,11
29,09,2022,16,06,14,31,51,0,11
29,09,2022,16,06,15,27,38,0,11
29,09,2022,16,06,15,27,38,0,0
29,09,2022,16,06,22,26,62,0,0
29,09,2022,16,06,23,26,62,10,8
29,09,2022,16,06,25,25,56,0,0
29,09,2022,16,06,25,24,45,0,0
29,09,2022,16,06,32,24,39,25,9
29,09,2022,16,06,33,33,58,25,9
29,09,2022,16,06,34,33,58,0,3
29,09,2022,16,06,35,27,45,0,3
29,09,2022,16,06,36,27,45,0,0
29,09,2022,16,06,42,41,77,0,0
29,09,2022,16,06,43,41,77,5,7
29,09,2022,16,06,44,27,55,5,7
29,09,2022,16,06,45,27,55,0,0
29,09,2022,16,06,47,26,35,0,0
29,09,2022,16,06,52,26,32,26,4
29,09,2022,16,06,53,26,56,26,4
29,09,2022,16,06,54,26,56,0,4
29,09,2022,16,06,56,24,45,0,2
29,09,2022,16,07,02,36,85,0,0
29,09,2022,16,07,04,30,63,8,2
29,09,2022,16,07,05,29,36,0,0
29,09,2022,16,07,12,29,31,27,7
29,09,2022,16,07,13,27,60,27,7
29,09,2022,16,07,14,27,60,0,1
29,09,2022,16,07,15,20,35,0,1
29,09,2022,16,07,23,27,33,10,6
29,09,2022,16,07,24,26,67,10,6
29,09,2022,16,07,25,26,67,0,0
29,09,2022,16,07,25,25,40,0,0
29,09,2022,16,07,33,30,57,6,0
29,09,2022,16,07,34,30,57,0,3
29,09,2022,16,07,35,22,34,0,3
29,09,2022,16,07,35,22,34,0,0
29,09,2022,16,07,43,29,29,10,5
29,09,2022,16,07,44,28,48,10,5
29,09,2022,16,07,45,28,48,0,1
29,09,2022,16,07,45,28,34,0,1
29,09,2022,16,07,53,35,52,9,0
29,09,2022,16,07,54,35,52,0,3
29,09,2022,16,07,55,26,37,0,3
29,09,2022,16,07,55,26,37,0,0
29,09,2022,16,08,03,36,32,10,6
29,09,2022,16,08,04,25,54,10,6
29,09,2022,16,08,05,25,54,0,0
29,09,2022,16,08,05,23,41,0,0
29,09,2022,16,08,13,31,55,8,0
29,09,2022,16,08,14,31,55,0,4
29,09,2022,16,08,15,24,28,0,4
29,09,2022,16,08,15,24,28,0,0
29,09,2022,16,08,23,34,28,10,5
29,09,2022,16,08,24,28,55,10,5
29,09,2022,16,08,25,28,55,0,0
29,09,2022,16,08,25,28,33,0,0
29,09,2022,16,08,33,31,55,8,0
29,09,2022,16,08,34,31,55,0,6
29,09,2022,16,08,35,28,41,0,6
29,09,2022,16,08,35,28,41,0,0
29,09,2022,16,08,36,28,30,0,0
29,09,2022,16,08,53,36,50,5,0
29,09,2022,16,08,54,36,50,0,8
29,09,2022,16,08,55,27,43,0,0
29,09,2022,16,08,56,13,37,0,0
29,09,2022,16,09,02,28,35,0,0
29,09,2022,16,09,03,28,35,53,6
29,09,2022,16,09,04,28,54,53,6
29,09,2022,16,09,04,28,54,9,1
29,09,2022,16,09,05,24,35,9,1
29,09,2022,16,09,13,37,63,5,0
29,09,2022,16,09,14,37,63,28,6
29,09,2022,16,09,14,38,45,28,6
29,09,2022,16,09,15,38,45,28,0
29,09,2022,16,09,18,33,35,0,2
29,09,2022,16,09,23,33,33,11,5
29,09,2022,16,09,24,29,60,11,5
29,09,2022,16,09,24,29,60,0,0
29,09,2022,16,09,25,28,29,0,0
29,09,2022,16,09,33,29,60,6,0
29,09,2022,16,09,34,29,60,0,6
29,09,2022,16,09,34,22,33,0,6
29,09,2022,16,09,35,22,33,0,1
29,09,2022,16,09,43,28,26,0,6
29,09,2022,16,09,44,26,58,0,6
29,09,2022,16,09,44,26,58,0,0
29,09,2022,16,09,45,24,28,0,0
29,09,2022,16,09,53,34,53,0,0
29,09,2022,16,09,54,34,53,1,3
29,09,2022,16,09,55,27,61,0,0
29,09,2022,16,09,56,27,37,0,0
29,09,2022,16,10,03,27,31,19,5
29,09,2022,16,10,03,24,69,19,5
29,09,2022,16,10,04,24,69,0,1
29,09,2022,16,10,05,23,41,0,1
29,09,2022,16,10,13,37,70,0,0
29,09,2022,16,10,13,37,70,0,9
29,09,2022,16,10,14,33,56,0,9
29,09,2022,16,10,15,33,56,0,0
29,09,2022,16,10,20,31,45,0,0
29,09,2022,16,10,23,31,45,26,7
29,09,2022,16,10,24,27,67,26,7
29,09,2022,16,10,24,27,67,0,0
29,09,2022,16,10,25,23,41,0,0
29,09,2022,16,10,33,39,35,0,0
29,09,2022,16,10,34,39,35,0,3
29,09,2022,16,10,37,29,37,0,0
29,09,2022,16,10,43,28,31,24,6
29,09,2022,16,10,43,37,57,24,6
29,09,2022,16,10,44,37,57,0,0
29,09,2022,16,10,45,26,38,0,0
29,09,2022,16,10,53,40,63,0,0
29,09,2022,16,10,53,40,63,0,13
29,09,2022,16,10,54,29,56,0,13
29,09,2022,16,10,55,29,56,0,0
29,09,2022,16,10,56,28,39,0,0
29,09,2022,16,11,03,27,34,22,6
29,09,2022,16,11,04,30,34,0,0
29,09,2022,16,11,05,22,51,0,0
29,09,2022,16,11,13,35,69,0,0
29,09,2022,16,11,13,35,69,0,4
29,09,2022,16,11,14,26,57,0,4
29,09,2022,16,11,15,26,57,0,0
29,09,2022,16,11,16,25,38,0,0
29,09,2022,16,11,23,25,32,24,6
29,09,2022,16,11,23,33,55,24,6
29,09,2022,16,11,24,33,55,0,0
29,09,2022,16,11,25,26,36,0,0
29,09,2022,16,11,33,35,60,0,0
29,09,2022,16,11,33,35,60,1,7
29,09,2022,16,11,34,22,38,1,7
29,09,2022,16,11,35,22,38,0,0
29,09,2022,16,11,37,20,27,0,0
29,09,2022,16,11,43,19,24,27,6
29,09,2022,16,11,43,33,58,27,6
29,09,2022,16,11,44,33,58,0,5
29,09,2022,16,11,45,28,35,0,5
29,09,2022,16,11,46,28,35,0,0
29,09,2022,16,11,53,40,66,0,0
29,09,2022,16,11,53,40,66,7,4
29,09,2022,16,11,54,21,52,7,4
29,09,2022,16,11,55,21,52,0,0
29,09,2022,16,11,56,20,36,0,0
29,09,2022,16,12,03,20,32,26,9
29,09,2022,16,12,03,34,60,26,9
29,09,2022,16,12,04,34,60,0,3
29,09,2022,16,12,05,28,43,0,3
29,09,2022,16,12,06,28,43,0,0
29,09,2022,16,12,13,37,64,0,0
29,09,2022,16,12,13,37,64,5,11
29,09,2022,16,12,14,23,53,5,11
29,09,2022,16,12,15,23,53,0,0
29,09,2022,16,12,16,22,32,0,0
29,09,2022,16,12,23,21,27,27,3
29,09,2022,16,12,23,32,44,27,3
29,09,2022,16,12,24,32,44,0,7
29,09,2022,16,12,25,28,29,0,7
29,09,2022,16,12,26,28,29,0,0
29,09,2022,16,12,33,42,52,0,0
29,09,2022,16,12,34,21,49,6,0
29,09,2022,16,12,36,20,35,0,0
29,09,2022,16,12,42,20,31,25,4
29,09,2022,16,12,43,33,40,25,4
29,09,2022,16,12,44,33,40,0,9
29,09,2022,16,12,45,29,22,0,9
29,09,2022,16,12,46,29,22,0,0
29,09,2022,16,12,52,39,43,0,0
29,09,2022,16,12,53,39,43,5,4
29,09,2022,16,12,54,25,47,5,4
29,09,2022,16,12,55,25,47,0,1
29,09,2022,16,12,55,24,36,0,1
29,09,2022,16,13,02,25,29,26,8
29,09,2022,16,13,03,36,42,26,8
29,09,2022,16,13,04,36,42,0,10
29,09,2022,16,13,05,33,26,0,10
29,09,2022,16,13,06,33,26,0,0
29,09,2022,16,13,12,39,42,0,0
29,09,2022,16,13,13,39,42,0,9
29,09,2022,16,13,14,22,42,0,9
29,09,2022,16,13,15,22,42,0,0
29,09,2022,16,13,17,21,29,0,0
29,09,2022,16,13,22,21,24,0,6
29,09,2022,16,13,23,32,35,0,6
29,09,2022,16,13,24,32,35,0,0
29,09,2022,16,13,28,28,23,0,0
29,09,2022,16,13,32,38,40,0,0
29,09,2022,16,13,33,38,40,6,10
29,09,2022,16,13,34,20,43,6,10
29,09,2022,16,13,35,20,43,0,0
29,09,2022,16,13,35,19,31,0,0
29,09,2022,16,13,42,19,24,0,4
29,09,2022,16,13,43,30,47,0,4
29,09,2022,16,13,44,30,47,0,1
29,09,2022,16,13,45,27,35,0,1
29,09,2022,16,13,53,37,39,9,6
29,09,2022,16,13,54,26,43,9,6
29,09,2022,16,13,55,26,43,0,0
29,09,2022,16,14,04,31,34,6,5
29,09,2022,16,14,05,27,30,0,0
29,09,2022,16,14,13,35,21,9,4
29,09,2022,16,14,14,27,34,9,4
29,09,2022,16,14,15,27,34,0,0
29,09,2022,16,14,24,36,42,0,4
29,09,2022,16,14,25,33,29,0,4
29,09,2022,16,14,25,33,29,0,0
29,09,2022,16,14,33,41,26,9,5
29,09,2022,16,14,34,30,53,9,5
29,09,2022,16,14,35,30,53,0,1
29,09,2022,16,14,35,29,41,0,1
29,09,2022,16,14,44,29,51,0,8
29,09,2022,16,14,45,38,37,0,8
29,09,2022,16,14,47,38,31,0,0
29,09,2022,16,14,53,44,28,6,5
29,09,2022,16,14,54,36,54,6,5
29,09,2022,16,14,55,36,54,0,0
29,09,2022,16,14,55,36,37,0,0
29,09,2022,16,15,03,44,57,10,0
29,09,2022,16,15,04,44,57,0,6
29,09,2022,16,15,05,39,45,0,6
29,09,2022,16,15,05,39,45,0,0
29,09,2022,16,15,13,38,36,36,0
29,09,2022,16,15,14,42,56,36,0
29,09,2022,16,15,16,34,46,0,0
29,09,2022,16,15,17,20,43,0,0
29,09,2022,16,15,22,17,40,22,0
29,09,2022,16,15,23,44,59,22,0
29,09,2022,16,15,24,44,59,50,4
29,09,2022,16,15,25,42,43,50,4
29,09,2022,16,15,25,42,43,6,0
29,09,2022,16,15,28,31,34,0,0
29,09,2022,16,15,33,35,32,0,4
29,09,2022,16,15,34,31,58,0,4
29,09,2022,16,15,35,31,58,0,0
29,09,2022,16,15,37,30,45,0,1
29,09,2022,16,15,43,34,61,10,0
29,09,2022,16,15,44,34,61,0,8
29,09,2022,16,15,45,25,31,0,8
29,09,2022,16,15,45,25,31,0,0
29,09,2022,16,15,53,34,24,10,8
29,09,2022,16,15,54,35,56,10,8
29,09,2022,16,15,54,35,56,0,0
29,09,2022,16,15,55,33,38,0,0
29,09,2022,16,16,04,30,48,0,7
29,09,2022,16,16,05,23,39,0,0
29,09,2022,16,16,13,30,30,10,3
29,09,2022,16,16,14,29,50,10,3
29,09,2022,16,16,15,29,50,0,0
29,09,2022,16,16,15,28,35,0,0
29,09,2022,16,16,23,36,60,0,0
29,09,2022,16,16,24,36,60,1,5
29,09,2022,16,16,25,33,52,0,0
29,09,2022,16,16,27,33,24,0,0
29,09,2022,16,16,33,33,21,19,5
29,09,2022,16,16,34,31,57,19,5
29,09,2022,16,16,34,31,57,0,5
29,09,2022,16,16,35,31,36,0,5
29,09,2022,16,16,37,31,33,0,0
29,09,2022,16,16,43,37,59,0,0
29,09,2022,16,16,44,37,59,1,5
29,09,2022,16,16,45,29,59,0,0
29,09,2022,16,16,46,29,29,0,0
29,09,2022,16,16,53,29,24,19,8
29,09,2022,16,16,54,34,46,19,8
29,09,2022,16,16,54,34,46,0,8
29,09,2022,16,16,55,32,35,0,8
29,09,2022,16,16,56,32,35,0,0
29,09,2022,16,17,03,44,49,0,0
29,09,2022,16,17,04,44,49,1,5
29,09,2022,16,17,05,40,45,0,0
29,09,2022,16,17,07,40,33,0,0
29,09,2022,16,17,13,40,30,24,6
29,09,2022,16,17,14,36,53,24,6
29,09,2022,16,17,14,36,53,0,1
29,09,2022,16,17,15,36,39,0,1
29,09,2022,16,17,23,39,57,0,0
29,09,2022,16,17,24,39,57,8,8
29,09,2022,16,17,24,39,40,8,8
29,09,2022,16,17,25,39,40,0,0
29,09,2022,16,17,27,33,29,0,0
29,09,2022,16,17,33,32,26,23,4
29,09,2022,16,17,34,29,46,23,4
29,09,2022,16,17,34,29,46,0,7
29,09,2022,16,17,35,28,34,0,7
29,09,2022,16,17,36,28,34,0,0
29,09,2022,16,17,43,36,54,0,0
29,09,2022,16,17,44,36,54,0,10
29,09,2022,16,17,44,23,41,0,10
29,09,2022,16,17,47,23,32,0,0
29,09,2022,16,17,53,23,26,23,7
29,09,2022,16,17,54,35,54,23,7
29,09,2022,16,17,54,35,54,0,0
29,09,2022,16,17,55,31,38,0,0
29,09,2022,16,18,03,46,57,0,0
29,09,2022,16,18,03,46,57,45,7
29,09,2022,16,18,05,38,59,0,0
29,09,2022,16,18,06,29,39,0,0
29,09,2022,16,18,13,25,32,55,7
29,09,2022,16,18,14,44,60,55,7
29,09,2022,16,18,14,44,60,36,1
29,09,2022,16,18,15,34,37,36,1
29,09,2022,16,18,16,34,37,0,0
29,09,2022,16,18,20,23,32,0,0
29,09,2022,16,18,23,38,59,0,0
29,09,2022,16,18,23,38,59,0,3
29,09,2022,16,18,24,32,43,0,3
29,09,2022,16,18,25,32,43,0,0
29,09,2022,16,18,27,0,32,0,0
29,09,2022,16,18,29,31,31,0,0
29,09,2022,16,18,30,0,30,0,0
29,09,2022,16,18,32,31,29,0,0
29,09,2022,16,18,33,31,29,19,6
29,09,2022,16,18,34,36,57,19,6
29,09,2022,16,18,34,36,57,0,7
29,09,2022,16,18,36,31,47,0,0
29,09,2022,16,18,44,37,57,0,7
29,09,2022,16,18,45,32,57,0,0
29,09,2022,16,18,46,32,31,0,0
29,09,2022,16,18,53,32,25,26,11
29,09,2022,16,18,53,36,60,26,11
29,09,2022,16,18,54,36,60,0,6
29,09,2022,16,18,55,36,42,0,6
29,09,2022,16,18,56,36,42,0,0
29,09,2022,16,19,03,43,70,0,0
29,09,2022,16,19,03,43,70,4,4
29,09,2022,16,19,04,36,57,4,4
29,09,2022,16,19,05,36,57,0,0
29,09,2022,16,19,06,36,41,0,0
29,09,2022,16,19,13,35,35,49,5
29,09,2022,16,19,13,47,59,49,5
29,09,2022,16,19,14,47,59,31,4
29,09,2022,16,19,15,35,42,31,4
29,09,2022,16,19,16,35,42,0,0
29,09,2022,16,19,23,37,74,0,0
29,09,2022,16,19,23,37,74,29,5
29,09,2022,16,19,24,40,51,29,5
29,09,2022,16,19,25,40,51,45,0
29,09,2022,16,19,26,44,30,45,0
29,09,2022,16,19,27,44,30,0,0
29,09,2022,16,19,33,39,24,25,6
29,09,2022,16,19,33,37,44,25,6
29,09,2022,16,19,34,37,44,0,8
29,09,2022,16,19,35,30,33,0,8
29,09,2022,16,19,36,30,33,0,0
29,09,2022,16,19,43,37,52,0,0
29,09,2022,16,19,43,37,52,0,10
29,09,2022,16,19,45,28,51,0,0
29,09,2022,16,19,46,27,40,0,0
29,09,2022,16,19,53,27,35,45,5
29,09,2022,16,19,53,48,50,45,5
29,09,2022,16,19,54,48,50,27,2
29,09,2022,16,19,55,29,32,27,2
29,09,2022,16,19,56,29,32,0,0
29,09,2022,16,20,03,49,57,0,0
29,09,2022,16,20,03,49,57,55,4
29,09,2022,16,20,05,46,47,21,0
29,09,2022,16,20,06,39,32,21,0
29,09,2022,16,20,06,39,32,0,0
29,09,2022,16,20,12,35,28,26,6
29,09,2022,16,20,13,22,45,26,6
29,09,2022,16,20,14,22,45,0,7
29,09,2022,16,20,15,20,30,0,7
29,09,2022,16,20,16,20,30,0,0
29,09,2022,16,20,22,37,47,0,0
29,09,2022,16,20,23,37,47,8,7
29,09,2022,16,20,24,36,36,8,7
29,09,2022,16,20,25,36,36,0,0
29,09,2022,16,20,32,36,31,27,7
29,09,2022,16,20,33,29,44,27,7
29,09,2022,16,20,34,29,44,0,7
29,09,2022,16,20,35,24,23,0,7
29,09,2022,16,20,36,24,23,0,0
29,09,2022,16,20,43,38,39,0,0
29,09,2022,16,20,43,38,39,7,5
29,09,2022,16,20,45,33,39,0,0
29,09,2022,16,20,46,34,28,0,0
29,09,2022,16,20,52,34,24,27,4
29,09,2022,16,20,53,33,41,27,4
29,09,2022,16,20,54,33,41,0,6
29,09,2022,16,20,55,26,25,0,6
29,09,2022,16,20,56,26,25,0,0
29,09,2022,16,21,03,34,17,9,8
29,09,2022,16,21,04,26,37,9,8
29,09,2022,16,21,05,26,37,0,0
29,09,2022,16,21,06,24,22,0,0
29,09,2022,16,21,13,34,39,7,0
29,09,2022,16,21,14,34,39,0,5
29,09,2022,16,21,15,32,29,0,0
29,09,2022,16,21,18,32,18,0,0
29,09,2022,16,21,23,38,20,10,6
29,09,2022,16,21,24,28,34,10,6
29,09,2022,16,21,25,28,34,0,0
29,09,2022,16,21,30,29,23,0,1
29,09,2022,16,21,33,39,45,10,0
29,09,2022,16,21,34,39,45,0,10
29,09,2022,16,21,35,30,40,0,1
29,09,2022,16,21,36,30,27,0,1
29,09,2022,16,21,44,26,45,9,3
29,09,2022,16,21,45,26,45,0,0
29,09,2022,16,21,45,26,30,0,0
29,09,2022,16,21,52,26,24,13,0
29,09,2022,16,21,53,35,45,13,0
29,09,2022,16,21,54,35,45,0,7
29,09,2022,16,21,55,25,30,0,7
29,09,2022,16,21,55,25,30,0,0
29,09,2022,16,22,03,33,28,7,13
29,09,2022,16,22,04,24,49,7,13
29,09,2022,16,22,05,24,49,0,0
29,09,2022,16,22,05,24,30,0,0
29,09,2022,16,22,13,34,42,10,0
29,09,2022,16,22,14,34,42,0,5
29,09,2022,16,22,15,30,30,0,5
29,09,2022,16,22,15,30,30,0,0
29,09,2022,16,22,23,33,24,9,5
29,09,2022,16,22,24,24,56,9,5
29,09,2022,16,22,25,24,56,0,1
29,09,2022,16,22,25,22,39,0,1
29,09,2022,16,22,33,39,52,8,0
29,09,2022,16,22,36,29,39,0,0
29,09,2022,16,22,43,35,38,7,4
29,09,2022,16,22,44,21,57,7,4
29,09,2022,16,22,44,21,57,0,0
29,09,2022,16,22,45,20,35,0,0
29,09,2022,16,22,53,33,57,6,0
29,09,2022,16,22,54,33,57,0,8
29,09,2022,16,22,55,29,37,0,8
29,09,2022,16,22,55,29,37,0,0
29,09,2022,16,22,59,0,29,0,0
29,09,2022,16,23,01,28,28,0,0
29,09,2022,16,23,03,31,30,8,7
29,09,2022,16,23,04,23,51,8,7
29,09,2022,16,23,05,23,51,0,0
29,09,2022,16,23,05,22,28,0,0
29,09,2022,16,23,13,38,54,0,0
29,09,2022,16,23,14,38,54,1,8
29,09,2022,16,23,16,31,43,1,8
29,09,2022,16,23,17,31,43,0,0
29,09,2022,16,23,23,30,38,20,4
29,09,2022,16,23,24,31,59,20,4
29,09,2022,16,23,24,31,59,0,6
29,09,2022,16,23,25,28,40,0,6
29,09,2022,16,23,26,28,40,0,0
29,09,2022,16,23,33,31,67,0,0
29,09,2022,16,23,34,31,67,6,4
29,09,2022,16,23,35,26,58,0,0
29,09,2022,16,23,36,25,36,0,0
29,09,2022,16,23,43,23,31,21,7
29,09,2022,16,23,44,27,54,21,7
29,09,2022,16,23,44,27,54,0,7
29,09,2022,16,23,45,25,36,0,7
29,09,2022,16,23,46,25,36,0,0
29,09,2022,16,23,53,34,54,0,0
29,09,2022,16,23,54,34,54,1,5
29,09,2022,16,23,54,21,45,1,5
29,09,2022,16,23,55,21,45,0,0
29,09,2022,16,23,56,20,29,0,0
29,09,2022,16,24,03,20,25,24,4
29,09,2022,16,24,04,25,48,24,4
29,09,2022,16,24,04,25,48,0,0
29,09,2022,16,24,07,23,37,0,0
29,09,2022,16,24,13,43,54,0,0
29,09,2022,16,24,14,43,54,47,6
29,09,2022,16,24,15,36,49,0,0
29,09,2022,16,24,16,23,33,0,0
29,09,2022,16,24,23,16,28,55,3
29,09,2022,16,24,24,42,58,55,3
29,09,2022,16,24,24,42,58,37,0
29,09,2022,16,24,25,34,39,37,0
29,09,2022,16,24,26,34,39,0,0
29,09,2022,16,24,28,23,34,0,0
29,09,2022,16,24,33,33,49,0,0
29,09,2022,16,24,34,33,49,0,4
29,09,2022,16,24,35,25,43,0,0
29,09,2022,16,24,36,24,23,0,0
29,09,2022,16,24,43,21,19,10,7
29,09,2022,16,24,44,31,46,10,7
29,09,2022,16,24,44,31,46,0,10
29,09,2022,16,24,45,27,24,0,10
29,09,2022,16,24,46,27,24,0,0
29,09,2022,16,24,53,29,52,0,0
29,09,2022,16,24,54,29,52,9,7
29,09,2022,16,24,55,32,52,9,0
29,09,2022,16,24,56,23,37,9,0
29,09,2022,16,25,03,22,32,24,8
29,09,2022,16,25,04,24,57,24,8
29,09,2022,16,25,04,24,57,0,1
29,09,2022,16,25,05,23,28,0,1
29,09,2022,16,25,13,36,58,0,0
29,09,2022,16,25,14,36,58,0,5
29,09,2022,16,25,14,23,54,0,5
29,09,2022,16,25,15,23,54,0,0
29,09,2022,16,25,16,20,32,0,0
29,09,2022,16,25,23,19,28,10,7
29,09,2022,16,25,23,37,57,10,7
29,09,2022,16,25,24,37,57,0,0
29,09,2022,16,25,25,34,34,0,0
29,09,2022,16,25,33,45,64,0,0
29,09,2022,16,25,33,45,64,0,6
29,09,2022,16,25,34,45,52,0,6
29,09,2022,16,25,35,45,52,0,0
29,09,2022,16,25,36,20,34,0,0
29,09,2022,16,25,43,18,27,9,3
29,09,2022,16,25,43,20,59,9,3
29,09,2022,16,25,45,17,37,0,4
29,09,2022,16,25,46,17,37,0,0
29,09,2022,16,25,53,15,68,0,0
29,09,2022,16,25,53,15,68,0,3
29,09,2022,16,25,54,15,55,0,3
29,09,2022,16,25,55,15,55,0,0
29,09,2022,16,25,56,15,29,0,0
29,09,2022,16,26,03,15,25,34,1
29,09,2022,16,26,03,37,60,34,1
29,09,2022,16,26,04,37,60,1,6
29,09,2022,16,26,05,20,53,1,6
29,09,2022,16,26,06,20,53,0,0
29,09,2022,16,26,13,36,82,0,0
29,09,2022,16,26,13,36,82,1,6
29,09,2022,16,26,14,23,52,1,6
29,09,2022,16,26,15,23,52,0,0
29,09,2022,16,26,16,23,30,0,0
29,09,2022,16,26,23,23,23,25,13
29,09,2022,16,26,23,24,57,25,13
29,09,2022,16,26,24,24,57,0,5
29,09,2022,16,26,25,23,39,0,5
29,09,2022,16,26,26,23,39,0,0
29,09,2022,16,26,31,22,28,0,0
29,09,2022,16,26,33,38,63,0,0
29,09,2022,16,26,33,38,63,1,3
29,09,2022,16,26,36,24,34,0,3
29,09,2022,16,26,36,24,34,0,0
29,09,2022,16,26,43,24,28,25,7
29,09,2022,16,26,43,23,47,25,7
29,09,2022,16,26,44,23,47,0,7
29,09,2022,16,26,46,20,40,0,0
29,09,2022,16,26,48,20,29,0,0
29,09,2022,16,26,53,35,59,0,0
29,09,2022,16,26,54,24,52,9,0
29,09,2022,16,26,56,23,29,0,0
29,09,2022,16,27,03,23,26,23,6
29,09,2022,16,27,03,31,47,23,6
29,09,2022,16,27,04,31,47,0,6
29,09,2022,16,27,05,16,26,0,6
29,09,2022,16,27,06,16,26,0,0
29,09,2022,16,27,13,37,58,0,0
29,09,2022,16,27,13,37,58,7,5
29,09,2022,16,27,14,29,45,7,5
29,09,2022,16,27,15,29,45,0,0
29,09,2022,16,27,16,28,29,0,0
29,09,2022,16,27,23,27,24,26,4
29,09,2022,16,27,23,28,47,26,4
29,09,2022,16,27,24,28,47,0,8
29,09,2022,16,27,25,21,27,0,8
29,09,2022,16,27,26,21,27,0,0
29,09,2022,16,27,33,21,41,0,0
29,09,2022,16,27,33,21,41,7,4
29,09,2022,16,27,35,28,50,0,0
29,09,2022,16,27,36,27,35,0,0
29,09,2022,16,27,43,24,51,3,0
29,09,2022,16,27,45,18,37,0,2
29,09,2022,16,27,53,27,30,49,10
29,09,2022,16,27,54,38,43,49,10
29,09,2022,16,27,55,38,43,10,0
29,09,2022,16,27,55,18,28,10,0
29,09,2022,16,28,03,17,43,3,0
29,09,2022,16,28,04,17,43,30,8
29,09,2022,16,28,05,40,26,30,8
29,09,2022,16,28,05,40,26,37,0
29,09,2022,16,28,07,33,22,6,0
29,09,2022,16,28,14,19,50,10,2
29,09,2022,16,28,15,19,21,0,1
29,09,2022,16,28,23,28,45,2,0
29,09,2022,16,28,24,28,45,2,3
29,09,2022,16,28,25,19,27,2,3
29,09,2022,16,28,26,19,27,0,0
29,09,2022,16,28,33,25,24,8,5
29,09,2022,16,28,34,22,48,8,5
29,09,2022,16,28,35,22,48,0,1
29,09,2022,16,28,35,21,24,0,1
29,09,2022,16,28,43,29,47,0,0
29,09,2022,16,28,44,29,47,0,4
29,09,2022,16,28,45,25,29,0,4
29,09,2022,16,28,46,25,29,0,0
29,09,2022,16,28,51,25,18,0,0
29,09,2022,16,28,53,32,19,0,5
29,09,2022,16,28,54,27,39,0,5
29,09,2022,16,28,55,27,39,0,1
29,09,2022,16,28,55,27,24,0,1
29,09,2022,16,29,02,26,19,12,0
29,09,2022,16,29,04,31,19,0,4
29,09,2022,16,29,05,19,32,0,4
29,09,2022,16,29,05,19,32,0,0
29,09,2022,16,29,13,21,26,10,4
29,09,2022,16,29,14,28,38,10,4
29,09,2022,16,29,16,28,30,0,0
29,09,2022,16,29,23,33,45,6,0
29,09,2022,16,29,24,33,45,0,7
29,09,2022,16,29,25,22,26,0,7
29,09,2022,16,29,25,22,26,0,0
29,09,2022,16,29,33,32,16,10,7
29,09,2022,16,29,34,28,48,10,7
29,09,2022,16,29,35,28,48,0,0
29,09,2022,16,29,35,27,23,0,0
29,09,2022,16,29,43,32,44,4,0
29,09,2022,16,29,44,32,44,1,5
29,09,2022,16,29,45,22,35,0,0
29,09,2022,16,29,53,28,29,8,6
29,09,2022,16,29,54,26,47,8,6
29,09,2022,16,29,55,26,47,0,0
29,09,2022,16,29,55,26,30,0,0
29,09,2022,16,30,03,34,65,0,0
29,09,2022,16,30,04,34,65,1,7
29,09,2022,16,30,05,16,37,1,7
29,09,2022,16,30,05,16,37,0,0
29,09,2022,16,30,09,14,0,0,0
29,09,2022,16,30,11,14,29,0,0
29,09,2022,16,30,13,15,29,11,8
29,09,2022,16,30,14,28,55,11,8
29,09,2022,16,30,14,28,55,0,4
29,09,2022,16,30,15,25,32,0,4
29,09,2022,16,30,16,25,32,0,0
29,09,2022,16,30,23,30,59,0,0
29,09,2022,16,30,24,30,59,0,6
29,09,2022,16,30,25,20,51,0,0
29,09,2022,16,30,26,19,26,0,0
29,09,2022,16,30,33,19,21,25,9
29,09,2022,16,30,34,21,50,25,9
29,09,2022,16,30,34,21,50,0,5
29,09,2022,16,30,35,20,35,0,5
29,09,2022,16,30,36,20,35,0,0
29,09,2022,16,30,43,33,51,0,0
29,09,2022,16,30,44,33,51,0,9
29,09,2022,16,30,45,19,49,0,9
29,09,2022,16,30,45,19,49,0,0
29,09,2022,16,30,46,20,32,0,0
29,09,2022,16,30,53,20,27,22,6
29,09,2022,16,30,54,28,57,22,6
29,09,2022,16,30,54,28,57,0,9
29,09,2022,16,30,55,27,38,0,9
29,09,2022,16,30,56,27,38,0,0
29,09,2022,16,31,01,27,27,0,0
29,09,2022,16,31,03,32,57,0,0
29,09,2022,16,31,04,32,57,1,7
29,09,2022,16,31,05,19,43,1,7
29,09,2022,16,31,05,19,43,0,0
29,09,2022,16,31,09,18,32,0,0
29,09,2022,16,31,13,18,31,10,12
29,09,2022,16,31,14,33,45,10,12
29,09,2022,16,31,14,33,45,0,5
29,09,2022,16,31,15,27,25,0,5
29,09,2022,16,31,16,27,25,0,0
29,09,2022,16,31,23,32,43,0,0
29,09,2022,16,31,24,32,43,0,7
29,09,2022,16,31,24,21,46,0,7
29,09,2022,16,31,25,21,46,0,0
29,09,2022,16,31,26,21,27,0,0
29,09,2022,16,31,33,19,23,10,5
29,09,2022,16,31,34,26,50,10,5
29,09,2022,16,31,35,23,38,0,3
29,09,2022,16,31,36,23,38,0,0
29,09,2022,16,31,43,34,55,0,0
29,09,2022,16,31,44,34,55,0,12
29,09,2022,16,31,44,21,41,0,12
29,09,2022,16,31,45,21,41,0,0
29,09,2022,16,31,47,21,30,0,0
29,09,2022,16,31,52,0,28,0,0
29,09,2022,16,31,54,28,49,0,0
29,09,2022,16,31,55,0,37,0,1
29,09,2022,16,31,57,21,34,0,0
29,09,2022,16,32,03,35,51,0,0
29,09,2022,16,32,04,35,51,0,4
29,09,2022,16,32,04,24,45,0,4
29,09,2022,16,32,05,24,45,0,0
29,09,2022,16,32,07,24,34,0,0
29,09,2022,16,32,13,24,31,26,11
29,09,2022,16,32,14,24,44,26,11
29,09,2022,16,32,14,24,44,0,4
29,09,2022,16,32,15,22,25,0,4
29,09,2022,16,32,16,22,25,0,0
29,09,2022,16,32,23,36,38,0,0
29,09,2022,16,32,24,36,38,0,5
29,09,2022,16,32,24,21,41,0,5
29,09,2022,16,32,27,21,36,0,0
29,09,2022,16,32,33,21,32,26,5
29,09,2022,16,32,34,19,44,26,5
29,09,2022,16,32,34,19,44,0,7
29,09,2022,16,32,36,15,39,0,0
29,09,2022,16,32,43,35,51,0,0
29,09,2022,16,32,44,35,51,6,8
29,09,2022,16,32,45,26,59,0,0
29,09,2022,16,32,46,25,25,0,0
29,09,2022,16,32,53,25,22,19,8
29,09,2022,16,32,54,31,46,19,8
29,09,2022,16,32,54,31,46,0,2
29,09,2022,16,32,55,18,36,0,2
29,09,2022,16,33,03,34,57,0,0
29,09,2022,16,33,04,34,57,9,3
29,09,2022,16,33,04,22,42,9,3
29,09,2022,16,33,05,22,42,0,0
29,09,2022,16,33,06,20,30,0,0
29,09,2022,16,33,13,19,25,23,6
29,09,2022,16,33,13,29,47,23,6
29,09,2022,16,33,14,29,47,0,3
29,09,2022,16,33,15,19,34,0,3
29,09,2022,16,33,16,19,34,0,0
29,09,2022,16,33,23,46,53,0,0
29,09,2022,16,33,23,46,53,52,4
29,09,2022,16,33,25,38,49,9,0
29,09,2022,16,33,26,19,40,9,0
29,09,2022,16,33,33,18,36,34,5
29,09,2022,16,33,34,36,55,34,5
29,09,2022,16,33,35,37,42,36,6
29,09,2022,16,33,36,37,42,34,0
29,09,2022,16,33,37,32,34,0,0
29,09,2022,16,33,43,29,68,0,0
29,09,2022,16,33,43,29,68,8,12
29,09,2022,16,33,45,28,68,0,0
29,09,2022,16,38,07,0,0,0,0
29,09,2022,16,38,11,0,0,144,0
29,09,2022,16,38,11,65,55,144,0
29,09,2022,16,38,12,65,55,78,15
29,09,2022,16,38,13,49,53,78,15
29,09,2022,16,38,14,49,53,55,17
29,09,2022,16,38,15,40,54,36,19
29,09,2022,16,38,17,30,48,1,18
29,09,2022,16,38,18,22,44,0,8
29,09,2022,16,38,20,22,36,0,2
29,09,2022,16,38,21,34,47,0,2
29,09,2022,16,38,21,34,47,7,7
29,09,2022,16,38,22,19,41,7,7
29,09,2022,16,38,23,19,41,0,1
29,09,2022,16,38,25,18,35,0,4
29,09,2022,16,38,30,18,49,0,3
29,09,2022,16,38,31,18,49,50,10
29,09,2022,16,38,31,43,40,50,10
29,09,2022,16,38,32,43,40,35,5
29,09,2022,16,38,33,27,42,35,5
29,09,2022,16,38,34,27,42,0,9
29,09,2022,16,38,34,16,38,0,9
29,09,2022,16,38,37,16,39,0,5
29,09,2022,16,38,38,15,39,0,9
29,09,2022,16,38,41,33,52,0,7
29,09,2022,16,38,41,33,52,27,9
29,09,2022,16,38,43,32,53,27,4
29,09,2022,16,38,44,34,46,27,9
29,09,2022,16,38,46,33,47,9,6
29,09,2022,16,38,47,22,57,9,6
29,09,2022,16,38,51,19,50,26,7
29,09,2022,16,38,52,17,43,0,9
29,09,2022,16,38,54,16,48,0,4
29,09,2022,16,38,56,16,35,0,5
29,09,2022,16,38,58,15,28,0,0
29,09,2022,16,39,01,34,40,0,0
29,09,2022,16,39,01,34,40,1,9
29,09,2022,16,39,02,22,44,1,9
29,09,2022,16,39,03,22,44,0,0
29,09,2022,16,39,05,22,32,0,0
29,09,2022,16,39,11,22,29,26,4
29,09,2022,16,39,11,22,53,26,4
29,09,2022,16,39,12,22,53,0,9
29,09,2022,16,39,14,21,43,0,0
29,09,2022,16,39,21,27,35,10,6
29,09,2022,16,39,22,20,47,10,6
29,09,2022,16,39,23,20,47,0,1
29,09,2022,16,39,24,20,28,0,1
29,09,2022,16,39,30,18,24,12,0
29,09,2022,16,39,31,32,50,12,0
29,09,2022,16,39,32,32,50,0,4
29,09,2022,16,39,33,20,32,0,4
29,09,2022,16,39,34,20,32,0,0
29,09,2022,16,39,41,29,25,11,5
29,09,2022,16,39,42,26,41,11,5
29,09,2022,16,39,43,26,41,0,0
29,09,2022,16,39,52,29,44,1,6
29,09,2022,16,39,54,21,45,0,0
29,09,2022,16,39,54,21,32,0,0
29,09,2022,16,40,01,30,31,10,6
29,09,2022,16,40,02,24,45,10,6
29,09,2022,16,40,03,24,45,0,1
29,09,2022,16,40,04,22,22,0,1
29,09,2022,16,40,11,28,61,6,0
29,09,2022,16,40,12,28,61,0,4
29,09,2022,16,40,13,23,45,0,4
29,09,2022,16,40,13,23,45,0,0
29,09,2022,16,40,14,23,28,0,0
29,09,2022,16,40,21,32,28,9,9
29,09,2022,16,40,23,32,35,0,0
29,09,2022,16,40,23,18,25,0,0
29,09,2022,16,40,31,28,54,5,0
29,09,2022,16,40,32,28,54,0,9
29,09,2022,16,40,33,22,49,0,0
29,09,2022,16,40,34,22,34,0,0
29,09,2022,16,40,41,31,31,6,3
29,09,2022,16,40,42,18,49,6,3
29,09,2022,16,40,43,18,36,0,1
29,09,2022,16,40,51,28,50,9,0
29,09,2022,16,40,52,28,50,0,4
29,09,2022,16,40,53,23,51,0,0
29,09,2022,16,40,54,23,28,0,0
29,09,2022,16,41,01,23,31,9,10
29,09,2022,16,41,02,21,48,9,10
29,09,2022,16,41,03,21,48,0,4
29,09,2022,16,41,04,19,38,0,0
29,09,2022,16,41,11,30,49,10,0
29,09,2022,16,41,12,30,49,1,6
29,09,2022,16,41,13,20,35,1,6
29,09,2022,16,41,13,20,35,0,0
29,09,2022,16,41,21,25,28,8,5
29,09,2022,16,41,22,17,49,8,5
29,09,2022,16,41,23,17,49,0,2
29,09,2022,16,41,23,16,38,0,2
29,09,2022,16,41,30,16,32,12,1
29,09,2022,16,41,31,32,51,12,1
29,09,2022,16,41,32,32,51,0,8
29,09,2022,16,41,33,26,43,0,0
29,09,2022,16,41,41,35,37,10,7
29,09,2022,16,41,42,19,46,10,7
29,09,2022,16,41,43,19,46,0,1
29,09,2022,16,41,43,18,29,0,1
29,09,2022,16,41,51,28,51,0,0
29,09,2022,16,41,52,28,51,7,4
29,09,2022,16,41,53,20,42,0,0
29,09,2022,16,41,54,19,22,0,0
29,09,2022,16,42,01,19,19,10,4
29,09,2022,16,42,02,26,40,10,4
29,09,2022,16,42,04,21,33,0,1
29,09,2022,16,42,11,32,54,0,0
29,09,2022,16,42,12,32,54,0,4
29,09,2022,16,42,13,19,46,0,4
29,09,2022,16,42,13,19,46,0,0
29,09,2022,16,42,19,19,35,0,0
29,09,2022,16,42,21,19,34,21,5
29,09,2022,16,42,23,22,43,0,0
29,09,2022,16,42,23,21,17,0,0
29,09,2022,16,42,31,27,38,0,0
29,09,2022,16,42,32,27,38,6,7
29,09,2022,16,42,32,21,27,6,7
29,09,2022,16,42,33,21,27,0,3
29,09,2022,16,42,35,20,22,0,0
29,09,2022,16,42,42,29,34,10,0
29,09,2022,16,42,42,29,34,0,4
29,09,2022,16,42,43,29,21,0,4
29,09,2022,16,42,46,22,18,0,0
29,09,2022,16,42,51,28,39,0,0
29,09,2022,16,42,52,16,44,7,1
29,09,2022,16,42,54,17,26,0,0
29,09,2022,16,43,01,17,20,11,4
29,09,2022,16,43,02,27,20,0,8
29,09,2022,16,43,04,25,29,0,1
29,09,2022,16,43,12,29,38,6,6
29,09,2022,16,43,13,29,36,0,0
29,09,2022,16,43,14,22,25,0,0
29,09,2022,16,43,21,22,20,9,6
29,09,2022,16,43,25,26,11,0,0
29,09,2022,16,43,31,31,37,0,0
29,09,2022,16,43,32,31,37,8,5
29,09,2022,16,43,33,25,40,0,0
29,09,2022,16,43,34,25,27,0,0
29,09,2022,16,43,41,24,22,10,6
29,09,2022,16,43,42,24,41,10,6
29,09,2022,16,43,43,22,25,0,7
29,09,2022,16,43,44,22,25,0,0
29,09,2022,16,43,51,29,43,0,0
29,09,2022,16,43,52,26,31,0,0
29,09,2022,16,43,54,0,29,0,0
29,09,2022,16,43,55,0,0,0,0
