14,09,2022,11,32,45,BRAKE,0x00,0x00,0x00,0x00,0x01,0x00,0x00,0x00,0x00,0x00,0x00,0x00,0x00,0x00,0x00,0x00,0x00,0x00
14,09,2022,11,45,57,BRAKE,0x00,0x00,0x00,0x01,0x01,0x00,0x00,0x00,0x00,0x00,0x00,0x00,0x00,0x00,0x00,0x00,0x00,0x00
14,09,2022,11,46,46,GLITCH,1,0,9.721,58.472
14,09,2022,11,46,51,GLITCH,1,0,9.786,58.670
14,09,2022,11,47,26,GLITCH,1,0,9.996,59.361
14,09,2022,11,47,48,GLITCH,1,0,10.158,59.642
14,09,2022,11,49,13,GLITCH,1,0,10.633,60.293
14,09,2022,11,50,18,GLITCH,1,0,11.100,60.696
14,09,2022,11,50,19,GLITCH,1,0,11.111,60.707
14,09,2022,11,53,42,GLITCH,1,0,7.730,61.904
14,09,2022,11,53,42,GLITCH,1,0,5.382,61.904
14,09,2022,11,53,43,GLITCH,1,0,12.425,61.903
14,09,2022,11,53,43,GLITCH,1,0,12.425,61.903
14,09,2022,11,53,43,GLITCH,1,0,12.425,61.903
14,09,2022,11,56,07,GLITCH,1,0,13.465,62.782
14,09,2022,11,56,17,GLITCH,1,0,13.529,62.842
14,09,2022,11,56,34,GLITCH,1,0,9.801,62.927
14,09,2022,11,56,34,GLITCH,1,0,7.896,62.927
14,09,2022,11,56,34,GLITCH,1,0,13.612,62.927
14,09,2022,11,56,35,GLITCH,1,0,13.628,62.933
14,09,2022,11,56,35,GLITCH,1,0,13.628,62.933
14,09,2022,11,57,06,GLITCH,1,0,13.871,63.131
14,09,2022,11,57,17,GLITCH,1,0,13.963,63.195
14,09,2022,11,58,38,GLITCH,1,0,14.622,63.696
14,09,2022,11,59,31,GLITCH,1,0,14.922,64.014
14,09,2022,11,59,47,GLITCH,1,0,15.056,64.108
14,09,2022,12,02,45,GLITCH,1,0,16.456,65.177
14,09,2022,12,03,33,GLITCH,1,0,16.799,65.465
14,09,2022,12,03,43,GLITCH,1,0,16.883,65.530
14,09,2022,12,06,52,GLITCH,1,0,18.487,66.682
14,09,2022,12,07,24,GLITCH,1,0,22.498,66.860
14,09,2022,12,07,25,GLITCH,1,0,26.242,66.860
14,09,2022,12,07,25,GLITCH,1,0,18.753,66.863
14,09,2022,12,07,25,GLITCH,1,0,18.753,66.866
14,09,2022,12,07,26,GLITCH,1,0,18.753,66.866
14,09,2022,12,09,35,GLITCH,1,0,19.970,67.654
14,09,2022,12,09,44,GLITCH,1,0,20.102,67.709
14,09,2022,12,10,34,GLITCH,1,0,20.510,68.017
14,09,2022,12,11,34,GLITCH,1,0,21.101,68.376
14,09,2022,12,11,38,GLITCH,1,0,21.200,68.418
14,09,2022,12,11,39,GLITCH,1,0,21.196,68.431
14,09,2022,12,11,54,GLITCH,1,0,21.307,68.495
14,09,2022,12,13,36,GLITCH,1,0,22.414,69.122
14,09,2022,12,15,41,GLITCH,1,0,18.823,69.882
14,09,2022,12,15,41,GLITCH,1,0,16.371,69.882
14,09,2022,12,15,42,GLITCH,1,0,23.730,69.882
14,09,2022,12,15,42,GLITCH,1,0,23.730,69.884
14,09,2022,12,15,42,GLITCH,1,0,23.730,69.884
14,09,2022,12,16,20,GLITCH,1,0,24.169,70.104
14,09,2022,12,16,26,GLITCH,1,0,24.182,70.121
14,09,2022,12,17,02,GLITCH,1,0,24.634,70.360
14,09,2022,12,18,23,GLITCH,1,0,25.581,70.835
14,09,2022,12,19,45,GLITCH,1,0,26.614,71.318
14,09,2022,12,20,11,GLITCH,1,0,26.956,71.483
14,09,2022,12,20,16,GLITCH,1,0,27.077,71.499
14,09,2022,12,20,38,GLITCH,1,0,27.336,71.644
14,09,2022,12,20,45,GLITCH,1,0,27.347,71.664
14,09,2022,12,20,49,GLITCH,1,0,27.472,71.716
14,09,2022,12,20,59,GLITCH,1,0,27.603,71.777
14,09,2022,12,21,32,GLITCH,1,0,28.005,71.955
14,09,2022,12,22,20,GLITCH,1,0,28.683,72.246
14,09,2022,12,23,26,GLITCH,1,0,29.638,72.609
14,09,2022,12,24,15,GLITCH,1,0,30.259,72.886
14,09,2022,12,26,44,GLITCH,1,0,32.582,73.743
14,09,2022,12,26,50,GLITCH,1,0,32.733,73.798
14,09,2022,12,27,10,GLITCH,1,0,33.061,73.914
14,09,2022,12,28,15,GLITCH,1,0,34.134,74.253
14,09,2022,12,28,19,GLITCH,1,0,34.240,74.301
14,09,2022,12,28,37,GLITCH,1,0,34.584,74.389
14,09,2022,12,28,47,GLITCH,1,0,34.752,74.444
14,09,2022,12,28,52,GLITCH,1,0,34.760,74.468
14,09,2022,12,28,58,GLITCH,1,0,34.941,74.504
14,09,2022,12,29,04,GLITCH,1,0,34.950,74.527
14,09,2022,12,29,08,GLITCH,1,0,35.112,74.562
14,09,2022,12,29,14,GLITCH,1,0,35.127,74.584
14,09,2022,12,29,19,GLITCH,1,0,35.296,74.639
14,09,2022,12,29,39,GLITCH,1,0,35.658,74.707
14,09,2022,12,30,35,GLITCH,1,0,36.408,74.982
14,09,2022,12,30,51,GLITCH,1,0,36.408,74.982
14,09,2022,12,31,21,GLITCH,1,0,31.393,74.983
14,09,2022,12,31,22,GLITCH,1,0,28.883,74.982
14,09,2022,12,31,22,GLITCH,1,0,36.414,74.982
14,09,2022,12,31,22,GLITCH,1,0,36.414,74.982
14,09,2022,12,31,23,GLITCH,1,0,36.414,74.982
14,09,2022,12,31,27,GLITCH,1,0,36.414,74.982
14,09,2022,12,32,16,GLITCH,1,0,36.847,74.982
14,09,2022,12,32,31,GLITCH,1,0,36.861,74.983
14,09,2022,12,33,41,GLITCH,1,0,36.867,74.982
14,09,2022,12,33,46,GLITCH,1,0,36.863,74.982
14,09,2022,12,33,57,GLITCH,1,0,36.867,74.982
14,09,2022,12,34,18,GLITCH,1,0,36.864,74.982
14,09,2022,12,34,45,GLITCH,1,0,36.865,74.982
14,09,2022,12,35,01,GLITCH,1,0,36.864,74.982
14,09,2022,12,35,38,GLITCH,1,0,36.872,74.985
14,09,2022,12,35,54,GLITCH,1,0,36.867,74.985
14,09,2022,12,37,10,GLITCH,1,0,36.871,74.985
14,09,2022,12,38,30,GLITCH,1,0,36.869,74.985
14,09,2022,12,38,46,GLITCH,1,0,36.869,74.983
14,09,2022,12,39,24,GLITCH,1,0,36.867,74.982
14,09,2022,12,39,29,GLITCH,1,0,36.871,74.982
14,09,2022,12,39,46,GLITCH,1,0,36.869,74.982
14,09,2022,12,39,47,GLITCH,1,0,36.869,74.982
14,09,2022,12,40,08,GLITCH,1,0,36.868,74.982
14,09,2022,12,41,07,GLITCH,1,0,36.867,74.985
14,09,2022,12,41,07,GLITCH,1,0,36.869,74.985
14,09,2022,12,41,28,GLITCH,1,0,36.867,74.985
14,09,2022,12,43,15,GLITCH,1,0,36.867,74.985
14,09,2022,12,43,26,GLITCH,1,0,36.869,74.985
14,09,2022,12,43,48,GLITCH,1,0,36.869,74.985
14,09,2022,12,45,25,GLITCH,1,0,36.871,74.985
14,09,2022,12,45,30,GLITCH,1,0,36.869,74.985
14,09,2022,12,45,54,GLITCH,1,0,36.869,74.985
14,09,2022,12,46,09,GLITCH,1,0,36.869,74.985
14,09,2022,12,46,13,GLITCH,1,0,36.868,74.985
14,09,2022,12,46,39,GLITCH,1,0,36.867,74.983
14,09,2022,12,47,03,GLITCH,1,0,36.869,74.985
14,09,2022,12,47,30,GLITCH,1,0,36.867,74.982
14,09,2022,12,47,51,GLITCH,1,0,36.868,74.985
14,09,2022,12,47,56,GLITCH,1,0,36.869,74.985
14,09,2022,12,48,07,GLITCH,1,0,36.871,74.982
14,09,2022,12,49,12,GLITCH,1,0,36.869,74.982
14,09,2022,12,49,38,GLITCH,1,0,36.869,74.985
14,09,2022,12,50,06,GLITCH,1,0,36.871,74.982
14,09,2022,12,50,43,GLITCH,1,0,36.869,74.982
14,09,2022,12,51,05,GLITCH,1,0,36.869,74.985
14,09,2022,12,51,10,GLITCH,1,0,36.867,74.982
14,09,2022,12,51,58,GLITCH,1,0,36.869,74.982
14,09,2022,12,52,00,GLITCH,1,0,36.867,74.982
14,09,2022,12,52,04,GLITCH,1,0,36.869,74.985
14,09,2022,12,52,31,GLITCH,1,0,36.869,74.985
14,09,2022,12,52,58,GLITCH,1,0,36.869,74.985
14,09,2022,12,53,09,GLITCH,1,0,36.869,74.983
14,09,2022,12,53,20,GLITCH,1,0,36.867,74.982
14,09,2022,12,55,07,GLITCH,1,0,36.869,74.982
14,09,2022,12,55,51,GLITCH,1,0,36.871,74.982
14,09,2022,12,56,18,GLITCH,1,0,36.869,74.982
14,09,2022,12,56,56,GLITCH,1,0,36.869,74.982
14,09,2022,12,57,44,GLITCH,1,0,36.872,74.983
14,09,2022,12,58,08,GLITCH,1,0,36.869,74.982
14,09,2022,12,58,33,GLITCH,1,0,36.869,74.982
14,09,2022,12,59,00,GLITCH,1,0,36.869,74.982
14,09,2022,12,59,10,GLITCH,1,0,36.869,74.982
14,09,2022,12,59,16,GLITCH,1,0,36.871,74.982
14,09,2022,12,59,22,GLITCH,1,0,36.871,74.982
14,09,2022,12,59,32,GLITCH,1,0,36.869,74.982
14,09,2022,13,00,07,GLITCH,1,0,36.872,74.982
14,09,2022,13,01,26,GLITCH,1,0,36.872,74.982
14,09,2022,13,01,58,GLITCH,1,0,36.871,74.983
14,09,2022,13,02,52,GLITCH,1,0,36.869,74.982
14,09,2022,13,02,57,GLITCH,1,0,36.868,74.982
14,09,2022,13,04,46,GLITCH,1,0,36.869,74.982
14,09,2022,13,05,29,GLITCH,1,0,36.869,74.982
14,09,2022,13,05,45,GLITCH,1,0,36.872,74.982
14,09,2022,13,06,55,GLITCH,1,0,36.869,74.982
14,09,2022,13,08,21,GLITCH,1,0,36.869,74.982
14,09,2022,13,08,42,GLITCH,1,0,36.872,74.982
14,09,2022,13,08,43,GLITCH,1,0,36.867,74.982
14,09,2022,13,09,04,GLITCH,1,0,36.869,74.982
14,09,2022,13,10,32,GLITCH,1,0,36.869,74.983
14,09,2022,13,10,47,GLITCH,1,0,36.871,74.982
14,09,2022,13,12,13,GLITCH,1,0,36.869,74.983
14,09,2022,13,12,41,GLITCH,1,0,36.869,74.982
14,09,2022,13,12,46,GLITCH,1,0,36.868,74.982
14,09,2022,13,13,08,GLITCH,1,0,36.867,74.985
14,09,2022,13,13,18,GLITCH,1,0,36.869,74.985
14,09,2022,13,13,30,GLITCH,1,0,36.869,74.983
14,09,2022,13,13,40,GLITCH,1,0,36.869,74.985
14,09,2022,13,14,13,GLITCH,1,0,36.869,74.985
14,09,2022,13,14,18,GLITCH,1,0,36.869,74.983
14,09,2022,13,14,23,GLITCH,1,0,36.869,74.985
14,09,2022,13,14,39,GLITCH,1,0,36.871,74.985
14,09,2022,13,16,27,GLITCH,1,0,36.867,74.982
14,09,2022,13,16,44,GLITCH,1,0,36.871,74.982
14,09,2022,13,17,05,GLITCH,1,0,36.869,74.982
14,09,2022,13,17,16,GLITCH,1,0,36.867,74.982
14,09,2022,13,18,10,GLITCH,1,0,36.871,74.982
14,09,2022,13,18,16,GLITCH,1,0,36.869,74.982
14,09,2022,13,19,38,GLITCH,1,0,36.869,74.982
14,09,2022,13,19,42,GLITCH,1,0,36.868,74.982
14,09,2022,13,20,31,GLITCH,1,0,36.869,74.982
14,09,2022,13,20,32,GLITCH,1,0,36.869,74.983
14,09,2022,13,20,36,GLITCH,1,0,36.871,74.982
14,09,2022,13,20,47,GLITCH,1,0,36.867,74.982
14,09,2022,13,21,03,GLITCH,1,0,36.871,74.982
14,09,2022,13,22,56,GLITCH,1,0,36.871,74.983
14,09,2022,13,23,02,GLITCH,1,0,36.869,74.982
14,09,2022,13,23,19,GLITCH,1,0,46.587,74.982
14,09,2022,13,23,20,GLITCH,1,0,51.176,74.982
14,09,2022,13,23,56,GLITCH,1,0,136.398,74.809
14,09,2022,13,23,57,GLITCH,1,0,133.601,74.806
14,09,2022,13,23,57,GLITCH,1,0,143.984,74.801
14,09,2022,13,23,57,GLITCH,1,0,144.024,74.798
14,09,2022,13,23,58,GLITCH,1,0,144.024,74.798
14,09,2022,13,24,03,GLITCH,1,0,144.022,74.729
14,09,2022,13,25,06,GLITCH,1,0,143.712,74.402
14,09,2022,13,25,23,GLITCH,1,0,143.919,74.295
14,09,2022,13,25,34,GLITCH,1,0,147.193,74.235
14,09,2022,13,25,34,GLITCH,1,0,148.759,74.235
14,09,2022,13,25,34,GLITCH,1,0,144.062,74.236
14,09,2022,13,25,34,GLITCH,1,0,144.062,74.235
14,09,2022,13,25,35,GLITCH,1,0,144.062,74.235
14,09,2022,13,28,55,GLITCH,1,0,147.255,73.024
14,09,2022,13,29,04,GLITCH,1,0,147.397,72.960
14,09,2022,13,30,25,GLITCH,1,0,145.011,72.463
14,09,2022,13,30,25,GLITCH,1,0,141.482,72.458
14,09,2022,13,30,26,GLITCH,1,0,149.548,72.455
14,09,2022,13,30,26,GLITCH,1,0,149.588,72.452
14,09,2022,13,30,26,GLITCH,1,0,149.588,72.452
14,09,2022,13,32,41,GLITCH,1,0,150.397,71.576
14,09,2022,13,35,25,GLITCH,1,0,152.350,70.546
14,09,2022,13,35,28,GLITCH,1,0,152.427,70.512
14,09,2022,13,36,22,GLITCH,1,0,152.986,70.160
14,09,2022,13,39,27,GLITCH,1,0,154.923,68.951
14,09,2022,13,39,43,GLITCH,1,0,155.029,68.835
14,09,2022,13,40,27,GLITCH,1,0,155.498,68.552
14,09,2022,13,40,48,GLITCH,1,0,155.687,68.404
14,09,2022,13,47,01,GLITCH,1,0,158.719,65.872
14,09,2022,13,48,54,GLITCH,1,0,159.506,65.119
14,09,2022,13,49,00,GLITCH,1,0,159.582,65.059
14,09,2022,13,49,26,GLITCH,1,0,156.562,64.849
14,09,2022,13,49,27,GLITCH,1,0,154.998,64.847
14,09,2022,13,49,27,GLITCH,1,0,160.241,64.847
14,09,2022,13,49,27,GLITCH,1,0,160.371,64.847
14,09,2022,13,49,28,GLITCH,1,0,160.371,64.847
14,09,2022,13,49,54,GLITCH,1,0,159.907,64.707
14,09,2022,13,50,15,GLITCH,1,0,155.488,64.573
14,09,2022,13,50,15,GLITCH,1,0,150.929,64.573
14,09,2022,13,50,16,GLITCH,1,0,160.867,64.570
14,09,2022,13,50,16,GLITCH,1,0,161.074,64.567
14,09,2022,13,50,16,GLITCH,1,0,161.074,64.567
14,09,2022,13,52,52,GLITCH,1,0,161.035,63.460
14,09,2022,13,53,03,GLITCH,1,0,161.102,63.402
14,09,2022,13,53,47,GLITCH,1,0,157.065,63.102
14,09,2022,13,53,48,GLITCH,1,0,154.900,63.098
14,09,2022,13,53,48,GLITCH,1,0,162.900,63.092
14,09,2022,13,53,48,GLITCH,1,0,162.948,63.089
14,09,2022,13,53,49,GLITCH,1,0,162.948,63.089
14,09,2022,13,54,08,GLITCH,1,0,161.426,62.958
14,09,2022,13,54,56,GLITCH,1,0,161.760,62.636
14,09,2022,13,55,50,GLITCH,1,0,162.080,62.238
14,09,2022,13,57,22,GLITCH,1,0,162.556,61.603
14,09,2022,13,57,24,GLITCH,1,0,162.562,61.603
14,09,2022,13,59,49,GLITCH,1,0,163.306,60.593
14,09,2022,14,00,17,GLITCH,1,0,163.439,60.406
14,09,2022,14,00,21,GLITCH,1,0,163.446,60.359
14,09,2022,14,01,22,GLITCH,1,0,163.728,59.943
14,09,2022,14,01,59,GLITCH,1,0,163.903,59.689
14,09,2022,14,03,04,GLITCH,1,0,164.170,59.241
14,09,2022,14,03,09,GLITCH,1,0,164.210,59.197
14,09,2022,14,04,25,GLITCH,1,0,164.508,58.687
14,09,2022,14,05,14,GLITCH,1,0,164.716,58.341
14,09,2022,14,06,41,GLITCH,1,0,165.079,57.717
14,09,2022,14,08,56,GLITCH,1,0,165.568,56.805
14,09,2022,14,08,57,GLITCH,1,0,165.588,56.791
14,09,2022,14,09,01,GLITCH,1,0,165.598,56.742
14,09,2022,14,09,29,GLITCH,1,0,165.697,56.564
14,09,2022,14,10,11,GLITCH,1,0,165.837,56.253
14,09,2022,14,10,17,GLITCH,1,0,165.877,56.231
14,09,2022,14,11,06,GLITCH,1,0,174.088,55.902
14,09,2022,14,11,06,GLITCH,1,0,176.785,55.899
14,09,2022,14,11,06,GLITCH,1,0,164.733,55.896
14,09,2022,14,11,07,GLITCH,1,0,164.633,55.891
14,09,2022,14,11,07,GLITCH,1,0,164.633,55.891
14,09,2022,14,11,27,GLITCH,1,0,166.102,55.752
14,09,2022,14,11,33,GLITCH,1,0,166.109,55.701
14,09,2022,14,11,48,GLITCH,1,0,170.850,55.594
14,09,2022,14,11,49,GLITCH,1,0,173.186,55.591
14,09,2022,14,11,49,GLITCH,1,0,166.179,55.586
14,09,2022,14,11,49,GLITCH,1,0,166.178,55.580
14,09,2022,14,11,50,GLITCH,1,0,166.178,55.580
14,09,2022,14,11,54,GLITCH,1,0,173.157,55.558
14,09,2022,14,11,55,GLITCH,1,0,175.482,55.558
14,09,2022,14,11,55,GLITCH,1,0,166.182,55.558
14,09,2022,14,11,55,GLITCH,1,0,166.183,55.558
14,09,2022,14,11,56,GLITCH,1,0,166.183,55.558
14,09,2022,14,12,16,GLITCH,1,0,166.246,55.410
14,09,2022,14,12,22,GLITCH,1,0,166.264,55.351
14,09,2022,14,12,22,GLITCH,0,1,166.265,55.354
14,09,2022,14,12,37,GLITCH,1,0,170.391,55.262
14,09,2022,14,12,37,GLITCH,1,0,174.456,55.256
14,09,2022,14,12,38,GLITCH,1,0,166.335,55.252
14,09,2022,14,12,38,GLITCH,1,0,166.337,55.248
14,09,2022,14,12,38,GLITCH,1,0,166.337,55.248
14,09,2022,14,12,59,GLITCH,1,0,166.408,55.093
14,09,2022,14,13,04,GLITCH,1,0,166.414,55.075
14,09,2022,14,13,53,GLITCH,1,0,169.711,54.726
14,09,2022,14,13,53,GLITCH,1,0,171.289,54.726
14,09,2022,14,13,53,GLITCH,1,0,166.557,54.726
14,09,2022,14,13,54,GLITCH,1,0,166.557,54.726
14,09,2022,14,13,54,GLITCH,1,0,166.557,54.726
14,09,2022,14,13,59,GLITCH,1,0,171.130,54.685
14,09,2022,14,13,59,GLITCH,1,0,172.645,54.681
14,09,2022,14,14,00,GLITCH,1,0,166.588,54.674
14,09,2022,14,14,00,GLITCH,1,0,166.588,54.674
14,09,2022,14,14,00,GLITCH,1,0,166.588,54.674
14,09,2022,14,14,04,GLITCH,1,0,171.122,54.652
14,09,2022,14,14,05,GLITCH,1,0,166.590,54.652
14,09,2022,14,14,05,GLITCH,1,0,166.591,54.653
14,09,2022,14,14,05,GLITCH,1,0,166.591,54.653
14,09,2022,14,14,06,GLITCH,1,0,166.591,54.653
14,09,2022,14,14,58,GLITCH,1,0,163.590,54.281
14,09,2022,14,14,58,GLITCH,1,0,162.025,54.278
14,09,2022,14,14,58,GLITCH,1,0,167.271,54.273
14,09,2022,14,14,59,GLITCH,1,0,167.617,54.270
14,09,2022,14,14,59,GLITCH,1,0,167.617,54.270
14,09,2022,14,15,45,GLITCH,1,0,166.890,53.963
14,09,2022,14,16,41,GLITCH,1,0,167.029,53.548
14,09,2022,14,17,30,GLITCH,1,0,167.157,53.215
14,09,2022,14,17,35,GLITCH,1,0,167.153,53.202
14,09,2022,14,17,41,GLITCH,1,0,167.227,53.139
14,09,2022,14,20,56,GLITCH,1,0,171.862,51.809
14,09,2022,14,20,57,GLITCH,1,0,173.937,51.804
14,09,2022,14,20,57,GLITCH,1,0,167.732,51.798
14,09,2022,14,20,57,GLITCH,1,0,167.732,51.796
14,09,2022,14,20,58,GLITCH,1,0,167.732,51.796
14,09,2022,14,21,45,GLITCH,1,0,171.495,51.474
14,09,2022,14,21,45,GLITCH,1,0,175.154,51.473
14,09,2022,14,21,46,GLITCH,1,0,167.838,51.471
14,09,2022,14,21,46,GLITCH,1,0,167.838,51.469
14,09,2022,14,21,47,GLITCH,1,0,167.838,51.469
14,09,2022,14,21,56,GLITCH,1,0,171.495,51.400
14,09,2022,14,21,56,GLITCH,1,0,175.154,51.392
14,09,2022,14,21,57,GLITCH,1,0,166.985,51.389
14,09,2022,14,21,57,GLITCH,1,0,166.837,51.385
14,09,2022,14,21,57,GLITCH,1,0,166.837,51.385
14,09,2022,14,22,48,GLITCH,1,0,171.031,51.024
14,09,2022,14,22,49,GLITCH,1,0,172.551,51.021
14,09,2022,14,22,49,GLITCH,1,0,167.992,51.015
14,09,2022,14,22,49,GLITCH,1,0,167.990,51.010
14,09,2022,14,22,50,GLITCH,1,0,167.990,51.010
14,09,2022,14,29,29,GLITCH,1,0,168.820,48.274
14,09,2022,14,30,22,GLITCH,1,0,168.902,47.901
14,09,2022,14,30,28,GLITCH,1,0,168.924,47.871
14,09,2022,14,31,22,GLITCH,1,0,169.050,47.492
14,09,2022,14,31,27,GLITCH,1,0,169.052,47.472
14,09,2022,14,32,26,GLITCH,1,0,169.127,47.074
14,09,2022,14,32,43,GLITCH,1,0,169.155,46.948
14,09,2022,14,32,48,GLITCH,1,0,169.162,46.912
14,09,2022,14,33,42,GLITCH,1,0,169.189,46.810
14,09,2022,14,33,53,GLITCH,1,0,169.190,46.810
14,09,2022,14,34,53,GLITCH,1,0,169.190,46.810
14,09,2022,14,37,13,GLITCH,1,0,90.423,21.015
14,09,2022,14,37,13,GLITCH,1,0,92.580,21.009
14,09,2022,14,37,13,GLITCH,1,0,84.308,20.998
14,09,2022,14,37,14,GLITCH,1,0,84.396,20.997
14,09,2022,14,37,14,GLITCH,1,0,84.396,20.997
14,09,2022,14,37,15,GLITCH,1,0,84.484,20.982
14,09,2022,14,38,51,GLITCH,1,0,85.429,20.864
14,09,2022,14,39,00,GLITCH,1,0,85.357,20.877
14,09,2022,14,39,38,GLITCH,1,0,85.092,20.915
14,09,2022,14,39,44,GLITCH,1,0,85.085,20.916
14,09,2022,14,39,49,GLITCH,1,0,85.022,20.926
14,09,2022,14,40,39,GLITCH,1,0,84.680,20.971
14,09,2022,14,40,50,GLITCH,1,0,84.610,20.979
14,09,2022,14,41,22,GLITCH,1,0,84.422,21.009
14,09,2022,14,41,32,GLITCH,1,0,84.336,21.015
14,09,2022,14,43,48,GLITCH,1,0,83.388,21.134
14,09,2022,14,43,59,GLITCH,1,0,83.304,21.144
14,09,2022,14,44,03,GLITCH,1,0,87.585,21.144
14,09,2022,14,44,04,GLITCH,1,0,89.723,21.144
14,09,2022,14,44,04,GLITCH,1,0,83.308,21.144
14,09,2022,14,44,04,GLITCH,1,0,83.308,21.144
14,09,2022,14,44,05,GLITCH,1,0,83.308,21.144
14,09,2022,14,44,41,GLITCH,1,0,88.392,21.177
14,09,2022,14,44,42,GLITCH,1,0,91.069,21.177
14,09,2022,14,44,42,GLITCH,1,0,83.039,21.178
14,09,2022,14,44,42,GLITCH,1,0,83.039,21.177
14,09,2022,14,44,43,GLITCH,1,0,83.039,21.177
14,09,2022,14,47,34,GLITCH,1,0,81.869,21.298
14,09,2022,14,49,47,BRAKE,0x00,0x00,0x00,0x01,0x01,0x00,0x00,0x00,0x00,0x00,0x00,0x00,0x00,0x00,0x00,0x00,0x00,0x00
14,09,2022,14,57,52,GLITCH,1,0,77.633,21.592
14,09,2022,14,58,07,GLITCH,1,0,77.079,21.592
14,09,2022,14,58,29,GLITCH,1,0,82.928,21.597
14,09,2022,14,58,29,GLITCH,1,0,88.496,21.600
14,09,2022,14,58,29,GLITCH,1,0,77.359,21.597
14,09,2022,14,58,30,GLITCH,1,0,77.359,21.600
14,09,2022,14,58,30,GLITCH,1,0,77.359,21.600
14,09,2022,14,58,56,GLITCH,1,0,77.145,21.608
14,09,2022,14,59,12,GLITCH,1,0,77.075,21.608
14,09,2022,14,59,44,GLITCH,1,0,76.894,21.619
14,09,2022,14,59,54,GLITCH,1,0,76.804,21.619
14,09,2022,15,01,06,GLITCH,1,0,76.262,21.627
14,09,2022,15,01,37,GLITCH,1,0,76.059,21.636
14,09,2022,15,01,52,GLITCH,1,0,81.426,21.636
14,09,2022,15,01,52,GLITCH,1,0,84.146,21.636
14,09,2022,15,01,53,GLITCH,1,0,75.980,21.636
14,09,2022,15,01,53,GLITCH,1,0,75.980,21.636
14,09,2022,15,01,53,GLITCH,1,0,75.980,21.636
14,09,2022,15,02,57,GLITCH,1,0,75.509,21.636
14,09,2022,15,04,35,GLITCH,1,0,74.854,21.645
14,09,2022,15,05,01,GLITCH,1,0,74.687,21.647
14,09,2022,15,05,06,GLITCH,1,0,74.624,21.647
14,09,2022,15,06,16,GLITCH,1,0,74.150,21.645
14,09,2022,15,08,25,GLITCH,1,0,73.287,21.627
14,09,2022,15,09,24,GLITCH,1,0,72.921,21.616
14,09,2022,15,11,33,GLITCH,1,0,72.049,21.583
14,09,2022,15,11,39,GLITCH,1,0,71.973,21.585
14,09,2022,15,11,43,GLITCH,1,0,71.972,21.583
14,09,2022,15,14,20,GLITCH,1,0,70.905,21.520
14,09,2022,15,15,15,GLITCH,1,0,70.546,21.493
14,09,2022,15,15,41,GLITCH,1,0,70.379,21.482
14,09,2022,15,16,29,GLITCH,1,0,65.571,21.452
14,09,2022,15,16,29,GLITCH,1,0,63.347,21.452
14,09,2022,15,16,29,GLITCH,1,0,70.020,21.449
14,09,2022,15,16,30,GLITCH,1,0,70.020,21.449
14,09,2022,15,16,30,GLITCH,1,0,70.020,21.449
14,09,2022,15,16,44,GLITCH,1,0,65.589,21.449
14,09,2022,15,16,45,GLITCH,1,0,61.165,21.441
14,09,2022,15,16,45,GLITCH,1,0,71.098,21.443
14,09,2022,15,16,45,GLITCH,1,0,71.335,21.443
14,09,2022,15,16,46,GLITCH,1,0,71.335,21.443
14,09,2022,15,17,01,GLITCH,1,0,66.132,21.435
14,09,2022,15,17,01,GLITCH,1,0,64.280,21.432
14,09,2022,15,17,02,GLITCH,1,0,69.828,21.435
14,09,2022,15,17,02,GLITCH,1,0,69.828,21.435
14,09,2022,15,17,02,GLITCH,1,0,69.828,21.435
14,09,2022,15,17,11,GLITCH,1,0,69.768,21.432
14,09,2022,15,17,55,GLITCH,1,0,69.445,21.402
14,09,2022,15,19,17,GLITCH,1,0,68.893,21.353
14,09,2022,15,20,59,GLITCH,1,0,68.230,21.278
14,09,2022,15,21,20,GLITCH,1,0,68.092,21.265
14,09,2022,15,22,25,GLITCH,1,0,67.675,21.210
14,09,2022,15,22,53,GLITCH,1,0,67.505,21.191
14,09,2022,15,24,29,GLITCH,1,0,66.851,21.107
14,09,2022,15,25,45,GLITCH,1,0,66.389,21.037
14,09,2022,15,26,01,GLITCH,1,0,66.259,21.020
14,09,2022,15,26,17,GLITCH,1,0,66.138,21.004
14,09,2022,15,28,38,GLITCH,1,0,65.222,20.861
14,09,2022,15,30,03,GLITCH,1,0,64.709,20.766
14,09,2022,15,31,35,GLITCH,1,0,64.125,20.658
14,09,2022,15,33,12,GLITCH,1,0,63.489,20.540
14,09,2022,15,33,33,GLITCH,1,0,68.687,20.515
14,09,2022,15,33,34,GLITCH,1,0,71.353,20.515
14,09,2022,15,33,34,GLITCH,1,0,63.356,20.515
14,09,2022,15,33,34,GLITCH,1,0,63.356,20.515
14,09,2022,15,33,35,GLITCH,1,0,63.356,20.515
14,09,2022,15,34,32,GLITCH,1,0,62.978,20.435
14,09,2022,15,34,37,GLITCH,1,0,62.927,20.416
14,09,2022,15,34,49,GLITCH,1,0,62.857,20.404
14,09,2022,15,36,30,GLITCH,1,0,62.235,20.262
14,09,2022,15,36,42,GLITCH,1,0,62.193,20.251
14,09,2022,15,36,53,GLITCH,1,0,62.102,20.238
14,09,2022,15,37,09,GLITCH,1,0,62.006,20.210
14,09,2022,15,40,55,GLITCH,1,0,60.600,19.850
14,09,2022,15,41,01,GLITCH,1,0,60.550,19.848
14,09,2022,15,41,07,GLITCH,1,0,60.506,19.831
14,09,2022,15,43,47,GLITCH,1,0,59.542,19.578
14,09,2022,15,44,59,GLITCH,1,0,59.133,19.436
14,09,2022,15,45,04,GLITCH,1,0,59.123,19.436
14,09,2022,15,45,36,GLITCH,1,0,152.126,55.498
14,09,2022,15,47,51,GLITCH,1,0,186.291,74.593
14,09,2022,15,48,02,GLITCH,1,0,186.295,74.595
14,09,2022,15,50,17,GLITCH,1,0,334.665,36.104
14,09,2022,15,50,23,GLITCH,1,0,334.671,36.104
14,09,2022,15,50,33,GLITCH,1,0,334.737,36.104
14,09,2022,15,50,38,GLITCH,1,0,334.801,36.104
14,09,2022,15,50,42,GLITCH,1,0,339.972,36.102
14,09,2022,15,50,43,GLITCH,1,0,342.558,36.102
14,09,2022,15,50,43,GLITCH,1,0,334.800,36.102
14,09,2022,15,50,43,GLITCH,1,0,334.801,36.102
14,09,2022,15,50,43,GLITCH,1,0,334.801,36.102
14,09,2022,15,50,54,GLITCH,1,0,334.871,36.110
14,09,2022,15,51,04,GLITCH,1,0,339.561,36.110
14,09,2022,15,51,04,GLITCH,1,0,341.872,36.109
14,09,2022,15,51,04,GLITCH,1,0,344.184,36.109
14,09,2022,15,51,05,GLITCH,1,0,334.943,36.110
14,09,2022,15,51,05,GLITCH,1,0,334.943,36.110
14,09,2022,15,51,11,GLITCH,1,0,341.518,36.118
14,09,2022,15,51,11,GLITCH,1,0,343.688,36.118
14,09,2022,15,51,11,GLITCH,1,0,335.007,36.118
14,09,2022,15,51,12,GLITCH,1,0,335.007,36.118
14,09,2022,15,51,12,GLITCH,1,0,335.007,36.118
14,09,2022,15,52,09,GLITCH,1,0,335.423,36.132
14,09,2022,15,57,20,GLITCH,1,0,337.572,36.239
14,09,2022,15,57,24,GLITCH,1,0,337.577,36.239
14,09,2022,15,57,54,GLITCH,1,0,338.005,36.247
14,09,2022,15,59,12,GLITCH,1,0,338.340,36.280
14,09,2022,15,59,26,GLITCH,1,0,338.477,36.288
14,09,2022,16,00,09,GLITCH,1,0,338.760,36.299
14,09,2022,16,00,14,GLITCH,1,0,338.766,36.299
14,09,2022,16,00,15,GLITCH,1,0,338.766,36.299
14,09,2022,16,00,20,GLITCH,1,0,338.822,36.313
14,09,2022,16,01,15,GLITCH,1,0,339.189,36.338
14,09,2022,16,01,41,GLITCH,1,0,339.376,36.346
14,09,2022,16,02,25,GLITCH,1,0,336.609,36.367
14,09,2022,16,02,26,GLITCH,1,0,333.555,36.365
14,09,2022,16,02,26,GLITCH,1,0,340.716,36.367
14,09,2022,16,02,26,GLITCH,1,0,340.732,36.365
14,09,2022,16,02,27,GLITCH,1,0,340.732,36.365
14,09,2022,16,03,00,GLITCH,1,0,339.917,36.385
14,09,2022,16,03,09,GLITCH,1,0,339.991,36.387
14,09,2022,16,03,09,GLITCH,1,0,339.991,36.387
14,09,2022,16,03,10,GLITCH,1,0,339.991,36.387
14,09,2022,16,03,10,GLITCH,1,0,339.991,36.387
14,09,2022,16,03,10,GLITCH,1,0,339.991,36.387
14,09,2022,16,04,29,GLITCH,1,0,340.548,36.428
14,09,2022,16,04,35,GLITCH,1,0,340.565,36.431
14,09,2022,16,05,49,GLITCH,1,0,341.095,36.472
14,09,2022,16,05,54,GLITCH,1,0,341.098,36.472
14,09,2022,16,06,00,GLITCH,1,0,341.165,36.472
14,09,2022,16,06,01,GLITCH,1,0,341.166,36.472
14,09,2022,16,06,47,GLITCH,1,0,211.834,72.266
14,09,2022,16,06,48,GLITCH,1,0,206.882,72.326
14,09,2022,16,06,48,GLITCH,1,0,213.078,72.354
14,09,2022,16,06,48,GLITCH,1,0,212.936,72.386
14,09,2022,16,06,49,GLITCH,1,0,212.936,72.386
14,09,2022,16,06,54,GLITCH,1,0,204.518,72.842
14,09,2022,16,06,54,GLITCH,1,0,206.300,72.856
14,09,2022,16,06,55,GLITCH,1,0,195.511,72.873
14,09,2022,16,06,55,GLITCH,1,0,195.422,72.886
14,09,2022,16,06,56,GLITCH,1,0,195.422,72.886
14,09,2022,16,08,10,GLITCH,1,0,186.291,74.595
14,09,2022,16,08,11,GLITCH,1,0,186.296,74.595
14,09,2022,16,08,21,GLITCH,1,0,186.293,74.595
14,09,2022,16,13,39,GLITCH,1,0,180.015,35.599
14,09,2022,16,13,39,GLITCH,1,0,181.899,35.602
14,09,2022,16,13,39,GLITCH,1,0,175.411,35.603
14,09,2022,16,13,40,GLITCH,1,0,175.174,35.602
14,09,2022,16,13,40,GLITCH,1,0,175.174,35.602
14,09,2022,16,15,00,GLITCH,1,0,180.559,36.085
14,09,2022,16,15,00,GLITCH,1,0,182.805,36.087
14,09,2022,16,15,00,GLITCH,1,0,176.065,36.087
14,09,2022,16,15,01,GLITCH,1,0,176.067,36.085
14,09,2022,16,15,01,GLITCH,1,0,176.067,36.085
14,09,2022,16,15,26,GLITCH,1,0,180.743,36.228
14,09,2022,16,15,26,GLITCH,1,0,183.112,36.231
14,09,2022,16,15,27,GLITCH,1,0,174.148,36.236
14,09,2022,16,15,27,GLITCH,1,0,174.055,36.242
14,09,2022,16,15,27,GLITCH,1,0,174.055,36.242
14,09,2022,16,16,36,GLITCH,1,0,181.148,36.648
14,09,2022,16,16,36,GLITCH,1,0,183.787,36.654
14,09,2022,16,16,37,GLITCH,1,0,175.869,36.659
14,09,2022,16,16,37,GLITCH,1,0,175.869,36.665
14,09,2022,16,16,37,GLITCH,1,0,175.869,36.665
14,09,2022,16,16,42,GLITCH,1,0,183.791,36.689
14,09,2022,16,16,42,GLITCH,1,0,186.432,36.689
14,09,2022,16,16,42,GLITCH,1,0,175.867,36.689
14,09,2022,16,16,43,GLITCH,1,0,175.867,36.689
14,09,2022,16,16,43,GLITCH,1,0,175.867,36.689
14,09,2022,16,17,04,GLITCH,1,0,181.317,36.816
14,09,2022,16,17,04,GLITCH,1,0,184.069,36.816
14,09,2022,16,17,04,GLITCH,1,0,175.812,36.817
14,09,2022,16,17,05,GLITCH,1,0,175.812,36.816
14,09,2022,16,17,05,GLITCH,1,0,175.812,36.816
14,09,2022,16,18,24,GLITCH,1,0,175.634,37.302
14,09,2022,16,18,56,GLITCH,1,0,175.554,37.500
14,09,2022,16,19,07,GLITCH,1,0,175.552,37.574
14,09,2022,16,20,50,GLITCH,1,0,175.314,38.222
14,09,2022,16,21,11,GLITCH,1,0,175.286,38.346
14,09,2022,16,22,21,GLITCH,1,0,175.134,38.791
14,09,2022,16,23,05,GLITCH,1,0,175.046,39.027
14,09,2022,16,23,27,GLITCH,1,0,174.999,39.175
14,09,2022,16,23,36,GLITCH,1,0,174.983,39.225
14,09,2022,16,23,48,GLITCH,1,0,174.964,39.312
14,09,2022,16,24,07,GLITCH,1,0,174.916,39.439
14,09,2022,16,24,46,GLITCH,1,0,174.843,39.650
14,09,2022,16,25,02,GLITCH,1,0,174.795,39.777
14,09,2022,16,25,37,GLITCH,1,0,174.721,40.002
14,09,2022,16,25,42,GLITCH,1,0,174.719,40.024
14,09,2022,16,25,58,GLITCH,1,0,174.670,40.134
14,09,2022,16,26,20,GLITCH,1,0,174.633,40.276
14,09,2022,16,33,21,GLITCH,1,0,173.769,42.941
14,09,2022,16,35,46,GLITCH,1,0,173.501,43.844
14,09,2022,16,35,47,GLITCH,1,0,173.501,43.844
14,09,2022,16,35,47,GLITCH,1,0,173.501,43.844
14,09,2022,16,35,47,GLITCH,1,0,173.501,43.844
14,09,2022,16,35,48,GLITCH,1,0,173.501,43.844
14,09,2022,16,37,14,GLITCH,1,0,173.301,44.426
14,09,2022,16,37,14,GLITCH,1,0,173.301,44.426
14,09,2022,16,37,14,GLITCH,1,0,173.301,44.426
14,09,2022,16,37,14,GLITCH,1,0,173.301,44.426
14,09,2022,16,37,15,GLITCH,1,0,173.301,44.426
14,09,2022,16,37,46,GLITCH,1,0,171.546,44.635
14,09,2022,16,37,46,GLITCH,1,0,171.270,44.639
14,09,2022,16,37,47,GLITCH,1,0,171.270,44.639
14,09,2022,16,37,47,GLITCH,1,0,171.270,44.639
14,09,2022,16,37,47,GLITCH,1,0,171.270,44.639
14,09,2022,16,40,56,GLITCH,1,0,172.850,45.866
14,09,2022,16,41,48,GLITCH,1,0,172.721,46.234
14,09,2022,16,44,15,GLITCH,1,0,172.429,47.183
14,09,2022,16,45,54,GLITCH,1,0,172.228,47.840
14,09,2022,16,46,29,GLITCH,1,0,172.147,48.085
14,09,2022,16,46,36,GLITCH,1,0,172.149,48.107
14,09,2022,16,51,06,GLITCH,1,0,190.629,73.002
14,09,2022,16,52,07,GLITCH,1,0,9.554,27.499
14,09,2022,16,53,03,GLITCH,1,0,62.673,26.272
14,09,2022,16,53,15,GLITCH,1,0,62.742,26.263
14,09,2022,16,54,05,GLITCH,1,0,63.110,26.244
14,09,2022,16,54,51,GLITCH,1,0,63.430,26.214
14,09,2022,16,55,08,GLITCH,1,0,68.080,26.206
14,09,2022,16,55,08,GLITCH,1,0,70.341,26.206
14,09,2022,16,55,08,GLITCH,1,0,63.561,26.206
14,09,2022,16,55,09,GLITCH,1,0,63.559,26.206
14,09,2022,16,55,09,GLITCH,1,0,63.559,26.206
14,09,2022,16,55,20,GLITCH,1,0,67.860,26.206
14,09,2022,16,55,20,GLITCH,1,0,69.974,26.206
14,09,2022,16,55,21,GLITCH,1,0,63.632,26.206
14,09,2022,16,55,21,GLITCH,1,0,63.632,26.206
14,09,2022,16,55,21,GLITCH,1,0,63.632,26.206
14,09,2022,16,58,18,GLITCH,1,0,64.872,26.115
14,09,2022,16,58,18,GLITCH,1,0,64.873,26.115
14,09,2022,16,58,19,GLITCH,1,0,64.873,26.115
14,09,2022,16,58,19,GLITCH,1,0,64.873,26.115
14,09,2022,16,58,19,GLITCH,1,0,64.873,26.115
14,09,2022,16,58,57,GLITCH,1,0,65.149,26.095
14,09,2022,16,59,59,GLITCH,1,0,65.555,26.066
14,09,2022,17,00,03,GLITCH,1,0,65.560,26.066
14,09,2022,17,00,48,GLITCH,1,0,184.798,70.491
14,09,2022,17,03,22,GLITCH,1,0,169.921,59.925
14,09,2022,17,03,52,GLITCH,1,0,169.851,55.937
14,09,2022,17,05,00,GLITCH,1,0,169.678,55.630
14,09,2022,17,07,53,GLITCH,1,0,169.269,56.824
14,09,2022,17,08,06,GLITCH,1,0,169.223,56.899
14,09,2022,17,08,56,GLITCH,1,0,169.097,57.250
14,09,2022,17,10,24,GLITCH,1,0,168.875,57.868
14,09,2022,17,19,58,GLITCH,1,0,167.209,61.914
14,09,2022,17,20,48,GLITCH,1,0,167.052,62.268
14,09,2022,17,21,22,GLITCH,1,0,166.959,62.515
14,09,2022,17,21,27,GLITCH,1,0,162.981,62.543
14,09,2022,17,21,27,GLITCH,1,0,161.009,62.546
14,09,2022,17,21,28,GLITCH,1,0,166.919,62.551
14,09,2022,17,21,28,GLITCH,1,0,166.919,62.554
14,09,2022,17,21,29,GLITCH,1,0,166.919,62.554
14,09,2022,17,22,32,BRAKE,0x00,0x00,0x00,0x01,0x01,0x00,0x00,0x00,0x00,0x00,0x00,0x00,0x00,0x00,0x00,0x00,0x00,0x00
