12,09,2022,14,10,40,2,0,51,2
12,09,2022,14,10,41,-108,-22,51,2
12,09,2022,14,10,42,-108,-22,498,-2
12,09,2022,14,10,42,-106,-46,498,-2
12,09,2022,14,10,43,-106,-46,494,-90
12,09,2022,14,10,44,-111,-63,494,-90
12,09,2022,14,10,45,-111,-63,494,-94
12,09,2022,14,10,45,-113,-95,494,-94
12,09,2022,14,10,46,-113,-95,494,58
12,09,2022,14,10,47,-113,-112,494,58
12,09,2022,14,10,48,-113,-112,494,61
12,09,2022,14,10,49,-115,-92,494,61
12,09,2022,14,10,50,-117,-104,491,61
12,09,2022,14,10,53,-111,-109,495,29
12,09,2022,14,10,53,-111,127,495,29
12,09,2022,14,10,59,-122,-127,492,28
12,09,2022,14,11,01,-127,-113,492,29
12,09,2022,14,11,04,125,-109,495,31
12,09,2022,14,11,06,123,-120,493,31
12,09,2022,14,11,06,123,-120,494,19
12,09,2022,14,11,07,-128,-118,494,19
12,09,2022,14,11,08,126,-124,494,18
12,09,2022,14,11,12,-126,-125,494,17
12,09,2022,14,11,12,-126,-125,495,20
12,09,2022,14,11,13,125,116,495,20
12,09,2022,14,11,15,-127,122,493,18
12,09,2022,14,11,19,-125,120,493,7
12,09,2022,14,11,20,-124,112,494,10
12,09,2022,14,11,22,-125,120,493,5
12,09,2022,14,11,33,-128,-126,495,6
12,09,2022,14,11,38,127,123,494,6
12,09,2022,14,11,39,127,123,473,7
12,09,2022,14,11,39,103,123,473,7
12,09,2022,14,11,40,103,123,375,5
12,09,2022,14,11,41,72,-124,375,5
12,09,2022,14,11,42,72,-124,-69,5
12,09,2022,14,11,42,62,118,-69,5
12,09,2022,14,11,43,62,118,-69,8
12,09,2022,14,11,44,59,-127,-69,8
12,09,2022,14,11,45,59,-127,76,8
12,09,2022,14,11,46,46,-112,76,8
12,09,2022,14,11,46,46,-112,55,5
12,09,2022,14,11,48,38,-115,27,6
12,09,2022,14,11,49,41,-124,7,6
12,09,2022,14,11,50,20,-116,7,6
12,09,2022,14,11,51,20,-116,55,6
12,09,2022,14,11,51,40,-120,55,6
12,09,2022,14,11,52,40,-120,38,7
12,09,2022,14,11,53,28,-104,38,7
12,09,2022,14,11,54,28,-104,7,7
12,09,2022,14,12,01,42,-103,0,6
12,09,2022,14,12,01,42,-103,49,5
12,09,2022,14,12,02,39,-114,49,5
12,09,2022,14,12,03,39,-114,10,8
12,09,2022,14,12,04,20,-101,10,8
12,09,2022,14,12,06,19,-95,0,5
12,09,2022,14,12,08,19,-123,0,5
12,09,2022,14,12,11,28,-103,8,6
12,09,2022,14,12,15,23,-104,0,0
12,09,2022,14,12,16,23,-123,0,0
12,09,2022,14,12,21,41,-103,0,0
12,09,2022,14,12,21,41,-103,54,6
12,09,2022,14,12,24,40,-122,49,5
12,09,2022,14,12,24,40,-122,38,0
12,09,2022,14,12,31,36,-125,58,7
12,09,2022,14,12,31,45,-106,58,7
12,09,2022,14,12,33,36,-121,49,6
12,09,2022,14,12,34,36,-121,9,5
12,09,2022,14,12,34,24,126,9,5
12,09,2022,14,12,35,24,126,0,0
12,09,2022,14,12,41,40,-118,0,0
12,09,2022,14,12,41,40,-118,0,6
12,09,2022,14,12,43,35,-122,11,6
12,09,2022,14,12,44,26,-123,9,1
12,09,2022,14,12,45,23,108,9,1
12,09,2022,14,12,51,17,107,56,5
12,09,2022,14,12,51,43,125,56,5
12,09,2022,14,12,54,32,-124,47,6
12,09,2022,14,12,55,32,-124,9,0
12,09,2022,14,12,56,16,109,9,0
12,09,2022,14,13,01,44,125,0,0
12,09,2022,14,13,02,44,125,54,7
12,09,2022,14,13,02,36,-123,54,7
12,09,2022,14,13,03,36,-123,11,6
12,09,2022,14,13,04,21,-120,11,6
12,09,2022,14,13,05,21,-120,0,0
12,09,2022,14,13,08,20,108,0,0
12,09,2022,14,13,11,20,108,54,6
12,09,2022,14,13,11,42,126,54,6
12,09,2022,14,13,12,42,126,36,6
12,09,2022,14,13,13,26,105,36,6
12,09,2022,14,13,14,26,105,1,6
12,09,2022,14,13,15,18,107,0,0
12,09,2022,14,13,21,44,115,0,0
12,09,2022,14,13,22,44,115,50,6
12,09,2022,14,13,23,36,119,10,6
12,09,2022,14,13,24,24,119,10,6
12,09,2022,14,13,25,24,99,0,6
12,09,2022,14,13,28,21,98,0,0
12,09,2022,14,13,31,20,97,54,6
12,09,2022,14,13,31,42,112,54,6
12,09,2022,14,13,33,30,104,54,7
12,09,2022,14,13,34,30,104,0,5
12,09,2022,14,13,34,30,93,0,5
12,09,2022,14,13,35,30,93,0,0
12,09,2022,14,13,36,18,91,0,0
12,09,2022,14,13,41,43,102,0,0
12,09,2022,14,13,42,43,102,55,0
12,09,2022,14,13,43,41,101,21,6
12,09,2022,14,13,44,26,101,21,6
12,09,2022,14,13,45,26,101,0,1
12,09,2022,14,13,45,24,80,0,1
12,09,2022,14,13,51,24,79,55,6
12,09,2022,14,13,52,41,96,55,6
12,09,2022,14,13,52,41,96,36,6
12,09,2022,14,13,54,41,104,0,7
12,09,2022,14,13,55,16,86,0,7
12,09,2022,14,13,56,16,86,0,0
12,09,2022,14,14,01,16,115,0,0
12,09,2022,14,14,01,16,115,49,0
12,09,2022,14,14,02,38,119,49,0
12,09,2022,14,14,03,38,119,22,5
12,09,2022,14,14,04,17,92,22,5
12,09,2022,14,14,04,17,92,0,0
12,09,2022,14,14,11,17,88,43,6
12,09,2022,14,14,11,34,109,43,6
12,09,2022,14,14,12,34,109,20,5
12,09,2022,14,14,13,13,112,20,5
12,09,2022,14,14,14,13,112,0,6
12,09,2022,14,14,14,12,92,0,6
12,09,2022,14,14,15,12,92,0,0
12,09,2022,14,14,21,50,117,0,0
12,09,2022,14,14,21,50,117,56,8
12,09,2022,14,14,22,40,-124,56,8
12,09,2022,14,14,23,40,-124,36,6
12,09,2022,14,14,24,32,107,36,6
12,09,2022,14,14,24,32,107,0,0
12,09,2022,14,14,25,19,103,0,0
12,09,2022,14,14,31,18,103,55,6
12,09,2022,14,14,31,42,121,55,6
12,09,2022,14,14,32,42,121,36,6
12,09,2022,14,14,33,24,118,36,6
12,09,2022,14,14,34,24,118,0,0
12,09,2022,14,14,34,15,95,0,0
12,09,2022,14,14,41,42,-121,0,0
12,09,2022,14,14,42,42,-121,53,5
12,09,2022,14,14,42,17,-128,53,5
12,09,2022,14,14,43,17,-128,0,6
12,09,2022,14,14,44,15,125,0,6
12,09,2022,14,14,44,15,125,0,0
12,09,2022,14,14,45,15,103,0,0
12,09,2022,14,14,51,15,102,34,8
12,09,2022,14,14,51,35,-124,34,8
12,09,2022,14,14,53,42,-125,41,5
12,09,2022,14,14,55,36,-125,1,0
12,09,2022,14,14,56,15,115,1,0
12,09,2022,14,15,00,45,-101,0,0
12,09,2022,14,15,01,45,-101,55,5
12,09,2022,14,15,02,40,-118,55,5
12,09,2022,14,15,04,14,126,55,6
12,09,2022,14,15,04,14,126,0,0
12,09,2022,14,15,05,9,114,0,0
12,09,2022,14,15,10,10,114,67,8
12,09,2022,14,15,11,45,-103,67,8
12,09,2022,14,15,12,45,-103,38,5
12,09,2022,14,15,13,38,-118,38,5
12,09,2022,14,15,14,38,-118,6,4
12,09,2022,14,15,14,26,-125,6,4
12,09,2022,14,15,15,26,-125,0,0
12,09,2022,14,15,20,43,-85,0,0
12,09,2022,14,15,21,43,-85,55,5
12,09,2022,14,15,22,47,-111,55,5
12,09,2022,14,15,23,47,-111,22,5
12,09,2022,14,15,23,35,-102,22,5
12,09,2022,14,15,24,35,-102,0,0
12,09,2022,14,15,25,28,-118,0,0
12,09,2022,14,15,30,26,-118,52,8
12,09,2022,14,15,31,51,-105,52,8
12,09,2022,14,15,32,51,-105,38,5
12,09,2022,14,15,33,38,-120,38,5
12,09,2022,14,15,33,38,-120,1,1
12,09,2022,14,15,34,22,-126,1,1
12,09,2022,14,15,41,46,-102,0,0
12,09,2022,14,15,41,46,-102,54,5
12,09,2022,14,15,43,40,-102,22,6
12,09,2022,14,15,44,24,-108,22,6
12,09,2022,14,15,44,24,-108,0,0
12,09,2022,14,15,45,11,-115,0,0
12,09,2022,14,15,50,12,-116,24,5
12,09,2022,14,15,51,43,-103,24,5
12,09,2022,14,15,53,10,-99,26,6
12,09,2022,14,15,53,10,-99,26,0
12,09,2022,14,15,54,37,-115,26,0
12,09,2022,14,15,56,37,-117,37,0
12,09,2022,14,16,00,40,-70,36,0
12,09,2022,14,16,01,40,-70,45,6
12,09,2022,14,16,02,30,-107,45,6
12,09,2022,14,16,03,15,121,45,8
12,09,2022,14,16,04,15,121,0,0
12,09,2022,14,16,11,15,119,54,0
12,09,2022,14,16,11,44,-110,54,0
12,09,2022,14,16,12,44,-110,45,6
12,09,2022,14,16,13,20,-110,45,6
12,09,2022,14,16,13,20,-110,28,1
12,09,2022,14,16,14,41,-125,28,1
12,09,2022,14,16,20,34,-86,27,0
12,09,2022,14,16,21,34,-86,33,6
12,09,2022,14,16,22,27,-104,33,6
12,09,2022,14,16,23,27,-104,0,5
12,09,2022,14,16,23,11,-109,0,5
12,09,2022,14,16,24,11,-109,0,0
12,09,2022,14,16,27,11,-124,0,0
12,09,2022,14,16,30,11,-124,71,5
12,09,2022,14,16,31,42,-81,71,5
12,09,2022,14,16,32,42,-81,37,5
12,09,2022,14,16,33,36,-104,37,5
12,09,2022,14,16,33,36,-104,7,0
12,09,2022,14,16,34,20,-112,7,0
12,09,2022,14,16,40,48,-82,0,0
12,09,2022,14,16,41,48,-82,55,7
12,09,2022,14,16,42,49,-94,55,7
12,09,2022,14,16,43,49,-94,22,5
12,09,2022,14,16,43,37,-116,22,5
12,09,2022,14,16,44,37,-116,0,0
12,09,2022,14,16,50,27,-117,53,10
12,09,2022,14,16,51,45,-110,53,10
12,09,2022,14,16,52,45,-110,37,5
12,09,2022,14,16,53,33,-111,37,5
12,09,2022,14,16,53,33,-111,8,1
12,09,2022,14,16,54,17,-117,8,1
12,09,2022,14,17,00,43,-80,0,0
12,09,2022,14,17,01,43,-80,51,7
12,09,2022,14,17,02,40,-123,51,7
12,09,2022,14,17,03,40,-123,22,6
12,09,2022,14,17,03,40,121,22,6
12,09,2022,14,17,04,40,121,0,0
12,09,2022,14,17,05,19,118,0,0
12,09,2022,14,17,10,19,117,22,0
12,09,2022,14,17,11,50,-121,22,0
12,09,2022,14,17,12,50,-121,49,8
12,09,2022,14,17,13,42,120,49,8
12,09,2022,14,17,13,42,120,10,0
12,09,2022,14,17,14,28,111,10,0
12,09,2022,14,17,21,32,114,55,6
12,09,2022,14,17,22,42,-128,55,6
12,09,2022,14,17,23,42,-128,34,6
12,09,2022,14,17,24,33,-122,0,0
12,09,2022,14,17,25,14,111,0,0
12,09,2022,14,17,30,14,110,20,0
12,09,2022,14,17,31,43,-112,20,0
12,09,2022,14,17,32,43,-112,46,6
12,09,2022,14,17,33,41,-122,9,0
12,09,2022,14,17,34,22,120,9,0
12,09,2022,14,17,41,14,124,8,5
12,09,2022,14,17,43,19,101,0,7
12,09,2022,14,17,44,19,101,0,0
12,09,2022,14,17,45,4,95,0,0
12,09,2022,14,17,51,54,123,2,0
12,09,2022,14,17,52,54,123,76,7
12,09,2022,14,17,53,46,119,50,0
12,09,2022,14,17,54,35,101,50,0
12,09,2022,14,17,55,35,101,8,0
12,09,2022,14,17,56,17,100,8,0
12,09,2022,14,18,01,23,100,55,7
12,09,2022,14,18,02,40,121,55,7
12,09,2022,14,18,03,40,121,23,7
12,09,2022,14,18,03,9,97,23,7
12,09,2022,14,18,04,9,97,0,0
12,09,2022,14,18,10,12,94,37,0
12,09,2022,14,18,11,46,-116,37,0
12,09,2022,14,18,12,46,-116,49,6
12,09,2022,14,18,12,38,114,49,6
12,09,2022,14,18,13,38,114,1,0
12,09,2022,14,18,14,19,99,1,0
12,09,2022,14,18,21,28,99,55,5
12,09,2022,14,18,22,40,120,55,5
12,09,2022,14,18,23,40,120,33,6
12,09,2022,14,18,23,28,97,33,6
12,09,2022,14,18,24,28,97,1,0
12,09,2022,14,18,31,42,110,8,0
12,09,2022,14,18,32,42,110,49,5
12,09,2022,14,18,33,38,100,9,0
12,09,2022,14,18,34,22,82,9,0
12,09,2022,14,18,41,27,84,0,6
12,09,2022,14,18,42,27,116,0,6
12,09,2022,14,18,42,27,116,33,1
12,09,2022,14,18,43,27,96,33,1
12,09,2022,14,18,44,27,96,1,0
12,09,2022,14,18,50,21,96,12,0
12,09,2022,14,18,51,48,114,12,0
12,09,2022,14,18,52,48,114,45,6
12,09,2022,14,18,53,41,123,9,0
12,09,2022,14,18,55,16,112,0,0
12,09,2022,14,19,01,26,117,0,6
12,09,2022,14,19,02,39,121,0,6
12,09,2022,14,19,02,39,121,35,6
12,09,2022,14,19,03,32,109,35,6
12,09,2022,14,19,04,32,109,1,0
12,09,2022,14,19,05,20,108,1,0
12,09,2022,14,19,11,54,115,9,0
12,09,2022,14,19,12,54,115,49,5
12,09,2022,14,19,13,46,106,9,0
12,09,2022,14,19,14,21,105,9,0
12,09,2022,14,19,20,36,105,0,0
12,09,2022,14,19,21,36,105,55,5
12,09,2022,14,19,22,49,117,55,5
12,09,2022,14,19,22,49,117,36,0
12,09,2022,14,19,23,33,100,36,0
12,09,2022,14,19,26,28,99,0,0
12,09,2022,14,19,30,26,99,19,0
12,09,2022,14,19,32,26,99,47,5
12,09,2022,14,19,32,41,99,47,5
12,09,2022,14,19,33,41,99,9,0
12,09,2022,14,19,34,23,101,9,0
12,09,2022,14,19,40,0,101,0,0
12,09,2022,14,19,41,0,101,54,7
12,09,2022,14,19,42,43,-126,54,7
12,09,2022,14,19,42,43,-126,37,6
12,09,2022,14,19,43,32,110,37,6
12,09,2022,14,19,44,32,110,0,0
12,09,2022,14,19,51,44,-124,0,0
12,09,2022,14,19,52,44,-124,52,5
12,09,2022,14,19,53,36,-124,24,1
12,09,2022,14,19,54,24,109,24,1
12,09,2022,14,19,55,24,109,0,0
12,09,2022,14,20,01,23,109,56,5
12,09,2022,14,20,01,44,120,56,5
12,09,2022,14,20,02,44,120,37,1
12,09,2022,14,20,03,35,104,37,1
12,09,2022,14,20,04,35,104,0,0
12,09,2022,14,20,11,50,124,0,0
12,09,2022,14,20,11,50,124,0,7
12,09,2022,14,20,12,46,101,0,7
12,09,2022,14,20,13,46,101,10,0
12,09,2022,14,20,16,24,97,0,0
12,09,2022,14,20,21,24,97,53,0
12,09,2022,14,20,21,50,96,53,0
12,09,2022,14,20,22,50,96,37,0
12,09,2022,14,20,23,35,96,37,0
12,09,2022,14,20,24,35,96,0,0
12,09,2022,14,20,31,44,-124,0,0
12,09,2022,14,20,32,44,-124,54,5
12,09,2022,14,20,32,42,126,54,5
12,09,2022,14,20,33,42,126,10,0
12,09,2022,14,20,35,28,125,0,0
12,09,2022,14,20,41,27,125,55,5
12,09,2022,14,20,42,47,-113,55,5
12,09,2022,14,20,42,47,-113,37,5
12,09,2022,14,20,43,34,-128,37,5
12,09,2022,14,20,44,34,-128,0,0
12,09,2022,14,20,46,24,127,0,0
12,09,2022,14,20,51,50,-107,0,0
12,09,2022,14,20,51,50,-107,50,5
12,09,2022,14,20,52,40,124,50,5
12,09,2022,14,20,53,40,124,11,0
12,09,2022,14,20,55,40,121,0,0
12,09,2022,14,20,55,26,120,0,0
12,09,2022,14,21,01,20,120,55,7
12,09,2022,14,21,02,42,-121,55,7
12,09,2022,14,21,02,42,-121,37,4
12,09,2022,14,21,03,24,-121,37,4
12,09,2022,14,21,04,24,-121,1,0
12,09,2022,14,21,11,30,-113,0,4
12,09,2022,14,21,12,5,-121,0,4
12,09,2022,14,21,13,5,-121,0,0
12,09,2022,14,21,21,5,-122,79,7
12,09,2022,14,21,22,48,-97,79,7
12,09,2022,14,21,22,48,-97,57,4
12,09,2022,14,21,23,42,-122,57,4
12,09,2022,14,21,24,42,-122,34,0
12,09,2022,14,21,25,30,-123,34,0
12,09,2022,14,21,25,30,-123,0,0
12,09,2022,14,21,31,44,-97,0,0
12,09,2022,14,21,31,44,-97,50,4
12,09,2022,14,21,32,16,-119,50,4
12,09,2022,14,21,33,16,-119,0,0
12,09,2022,14,21,41,14,-122,74,5
12,09,2022,14,21,42,43,-102,74,5
12,09,2022,14,21,42,43,-102,47,0
12,09,2022,14,21,43,34,-114,47,0
12,09,2022,14,21,44,34,-114,7,0
12,09,2022,14,21,45,20,-115,7,0
12,09,2022,14,21,51,46,-105,0,0
12,09,2022,14,21,51,46,-105,52,0
12,09,2022,14,21,53,42,-112,10,0
12,09,2022,14,21,54,25,-112,10,0
12,09,2022,14,22,01,22,-114,54,6
12,09,2022,14,22,01,43,-111,54,6
12,09,2022,14,22,02,43,-111,36,6
12,09,2022,14,22,03,31,126,36,6
12,09,2022,14,22,04,31,126,1,0
12,09,2022,14,22,10,42,-119,0,0
12,09,2022,14,22,11,42,-119,50,7
12,09,2022,14,22,13,36,-119,10,7
12,09,2022,14,22,14,17,-121,10,7
12,09,2022,14,22,15,17,-121,0,0
12,09,2022,14,22,21,15,-121,53,40
12,09,2022,14,22,21,41,125,53,40
12,09,2022,14,22,22,41,125,21,0
12,09,2022,14,22,23,11,125,21,0
12,09,2022,14,22,24,11,125,0,0
12,09,2022,14,22,31,37,125,0,0
12,09,2022,14,22,31,37,125,49,0
12,09,2022,14,22,34,37,125,10,0
12,09,2022,14,22,35,14,125,10,0
12,09,2022,14,22,40,13,125,53,47
12,09,2022,14,22,41,46,106,53,47
12,09,2022,14,22,42,46,106,47,0
12,09,2022,14,22,44,36,105,1,0
12,09,2022,14,22,44,20,105,1,0
12,09,2022,14,22,51,44,31,0,0
12,09,2022,14,22,51,44,31,55,1
12,09,2022,14,22,52,40,-38,55,1
12,09,2022,14,22,53,40,-38,55,5
12,09,2022,14,22,54,40,-82,55,5
12,09,2022,14,22,54,40,-82,0,0
12,09,2022,14,22,55,16,-98,0,0
12,09,2022,14,23,00,16,-98,66,40
12,09,2022,14,23,01,46,104,66,40
12,09,2022,14,23,02,46,104,38,0
12,09,2022,14,23,03,33,102,38,0
12,09,2022,14,23,03,33,102,6,0
12,09,2022,14,23,04,21,102,6,0
12,09,2022,14,23,10,44,102,0,0
12,09,2022,14,23,11,44,102,53,0
12,09,2022,14,23,13,39,103,23,0
12,09,2022,14,23,14,29,103,0,0
12,09,2022,14,23,20,21,102,53,0
12,09,2022,14,23,21,43,102,53,0
12,09,2022,14,23,22,43,102,38,0
12,09,2022,14,23,23,30,102,38,0
12,09,2022,14,23,23,30,102,9,0
12,09,2022,14,23,30,46,-91,0,0
12,09,2022,14,23,31,46,-91,53,0
12,09,2022,14,23,32,39,113,53,0
12,09,2022,14,23,33,39,113,21,0
12,09,2022,14,23,34,23,113,21,0
12,09,2022,14,23,34,23,113,0,0
12,09,2022,14,23,41,14,113,54,0
12,09,2022,14,23,41,48,113,54,0
12,09,2022,14,23,42,48,113,37,4
12,09,2022,14,23,43,36,113,37,4
12,09,2022,14,23,44,36,113,7,5
12,09,2022,14,23,45,18,-85,7,5
12,09,2022,14,23,45,18,-85,0,0
12,09,2022,14,23,50,43,-87,0,0
12,09,2022,14,23,51,43,-87,53,0
12,09,2022,14,23,53,37,-88,20,0
12,09,2022,14,23,54,29,-88,0,0
12,09,2022,14,24,00,20,-87,51,43
12,09,2022,14,24,01,20,123,51,43
12,09,2022,14,24,02,20,123,37,0
12,09,2022,14,24,03,40,121,37,0
12,09,2022,14,24,04,40,121,0,0
12,09,2022,14,24,04,25,120,0,0
12,09,2022,14,24,10,46,120,0,0
12,09,2022,14,24,11,46,120,53,0
12,09,2022,14,24,13,43,120,21,0
12,09,2022,14,24,13,32,121,21,0
12,09,2022,14,24,14,32,121,0,0
12,09,2022,14,24,21,24,120,50,40
12,09,2022,14,24,21,44,118,50,40
12,09,2022,14,24,22,44,118,37,0
12,09,2022,14,24,24,36,118,1,0
12,09,2022,14,24,24,14,118,1,0
12,09,2022,14,24,30,41,51,0,0
12,09,2022,14,24,31,41,51,56,0
12,09,2022,14,24,32,43,-48,56,0
12,09,2022,14,24,33,43,-48,25,0
12,09,2022,14,24,33,28,-68,25,0
12,09,2022,14,24,34,28,-68,0,0
12,09,2022,14,24,41,44,-69,10,0
12,09,2022,14,24,42,44,-69,44,0
12,09,2022,14,24,44,39,-69,6,0
12,09,2022,14,24,44,16,-69,6,0
12,09,2022,14,24,47,2,-69,1,0
12,09,2022,14,24,50,14,-79,0,0
12,09,2022,14,24,51,14,-79,54,3
12,09,2022,14,24,52,53,121,54,3
12,09,2022,14,24,53,53,121,33,0
12,09,2022,14,24,53,38,121,33,0
12,09,2022,14,24,54,38,121,0,0
12,09,2022,14,25,00,29,120,20,0
12,09,2022,14,25,01,46,42,20,0
12,09,2022,14,25,02,46,42,48,0
12,09,2022,14,25,03,38,-37,48,0
12,09,2022,14,25,03,38,-37,10,6
12,09,2022,14,25,04,18,-76,10,6
12,09,2022,14,25,05,18,-76,0,0
12,09,2022,14,25,11,17,-78,53,0
12,09,2022,14,25,12,39,-78,53,0
12,09,2022,14,25,13,39,-78,8,0
12,09,2022,14,25,15,19,-78,0,0
12,09,2022,14,25,21,44,115,0,0
12,09,2022,14,25,22,44,115,55,0
12,09,2022,14,25,23,39,111,20,0
12,09,2022,14,25,24,18,111,20,0
12,09,2022,14,25,25,18,111,0,0
12,09,2022,14,25,31,24,110,55,4
12,09,2022,14,25,32,44,-83,55,4
12,09,2022,14,25,33,44,-83,33,5
12,09,2022,14,25,33,26,-74,33,5
12,09,2022,14,25,34,26,-74,0,5
12,09,2022,14,25,36,17,-75,0,0
12,09,2022,14,25,41,45,-76,8,0
12,09,2022,14,25,42,45,-76,49,0
12,09,2022,14,25,43,39,-76,10,0
12,09,2022,14,25,44,23,-76,10,0
12,09,2022,14,25,50,35,-76,0,0
12,09,2022,14,25,51,35,-76,55,0
12,09,2022,14,25,53,35,-75,36,0
12,09,2022,14,25,54,26,-76,0,0
12,09,2022,14,26,00,20,-76,15,0
12,09,2022,14,26,01,44,118,15,0
12,09,2022,14,26,02,44,118,46,0
12,09,2022,14,26,03,34,115,7,0
12,09,2022,14,26,04,17,115,7,0
12,09,2022,14,26,10,31,113,0,0
12,09,2022,14,26,11,31,113,55,5
12,09,2022,14,26,12,40,-93,55,5
12,09,2022,14,26,13,40,-93,35,5
12,09,2022,14,26,13,28,-61,35,5
12,09,2022,14,26,14,28,-61,1,5
12,09,2022,14,26,15,19,-89,1,5
12,09,2022,14,26,16,19,-89,0,0
12,09,2022,14,26,20,19,-90,15,0
12,09,2022,14,26,21,43,-90,15,0
12,09,2022,14,26,22,43,-90,46,0
12,09,2022,14,26,23,35,-90,10,0
12,09,2022,14,26,25,22,-90,0,0
12,09,2022,14,26,30,37,-90,0,0
12,09,2022,14,26,31,37,-90,54,0
12,09,2022,14,26,32,52,-90,54,0
12,09,2022,14,26,33,52,-90,34,0
12,09,2022,14,26,33,31,-90,34,0
12,09,2022,14,26,34,31,-90,0,0
12,09,2022,14,26,41,49,-90,5,0
12,09,2022,14,26,42,49,-90,47,0
12,09,2022,14,26,43,40,-90,9,0
12,09,2022,14,26,44,27,-90,9,0
12,09,2022,14,26,51,32,-90,56,0
12,09,2022,14,26,52,32,-90,35,0
12,09,2022,14,26,54,35,-90,0,0
12,09,2022,14,26,55,18,-90,0,0
12,09,2022,14,27,00,17,-90,28,0
12,09,2022,14,27,01,47,-90,28,0
12,09,2022,14,27,02,47,-90,44,0
12,09,2022,14,27,03,42,-90,8,0
12,09,2022,14,27,04,13,-90,8,0
12,09,2022,14,27,10,24,-90,0,0
12,09,2022,14,27,11,24,-90,54,0
12,09,2022,14,27,12,43,-90,54,0
12,09,2022,14,27,13,43,-90,32,0
12,09,2022,14,27,13,30,-90,32,0
12,09,2022,14,27,14,30,-90,0,0
12,09,2022,14,27,15,17,-90,0,0
12,09,2022,14,27,20,17,-90,26,0
12,09,2022,14,27,21,45,-90,26,0
12,09,2022,14,27,22,45,-90,43,0
12,09,2022,14,27,23,38,-90,9,0
12,09,2022,14,27,24,19,-90,9,0
12,09,2022,14,27,31,16,-90,55,0
12,09,2022,14,27,32,51,-55,55,0
12,09,2022,14,27,32,51,-55,36,0
12,09,2022,14,27,33,28,-57,36,0
12,09,2022,14,27,34,28,-57,10,0
12,09,2022,14,27,42,23,-59,49,0
12,09,2022,14,27,42,40,-59,49,0
12,09,2022,14,27,43,40,-59,9,0
12,09,2022,14,27,44,23,-59,9,0
12,09,2022,14,27,51,20,-59,57,0
12,09,2022,14,27,52,44,-59,57,0
12,09,2022,14,27,53,44,-59,32,0
12,09,2022,14,27,54,45,-58,1,0
12,09,2022,14,27,55,23,-58,1,0
12,09,2022,14,28,01,45,-42,0,0
12,09,2022,14,28,02,45,-42,49,0
12,09,2022,14,28,02,41,-87,49,0
12,09,2022,14,28,03,41,-87,10,0
12,09,2022,14,28,04,23,-88,10,0
12,09,2022,14,28,11,21,-88,54,0
12,09,2022,14,28,11,46,-88,54,0
12,09,2022,14,28,12,46,-88,37,0
12,09,2022,14,28,13,28,-88,37,0
12,09,2022,14,28,14,28,-88,1,0
12,09,2022,14,28,21,42,-65,0,0
12,09,2022,14,28,22,42,-65,50,0
12,09,2022,14,28,23,36,-60,24,0
12,09,2022,14,28,25,27,-60,0,0
12,09,2022,14,28,31,25,-60,0,3
12,09,2022,14,28,32,45,280,0,3
12,09,2022,14,28,32,45,280,36,0
12,09,2022,14,28,33,32,274,36,0
12,09,2022,14,28,34,32,274,1,0
12,09,2022,14,28,36,21,272,0,0
12,09,2022,14,28,41,40,272,0,0
12,09,2022,14,28,42,40,272,51,0
12,09,2022,14,28,43,39,272,11,0
12,09,2022,14,28,45,32,272,0,0
12,09,2022,14,28,45,18,272,0,0
12,09,2022,14,28,51,18,272,54,5
12,09,2022,14,28,52,44,262,54,5
12,09,2022,14,28,52,44,262,39,0
12,09,2022,14,28,53,30,258,39,0
12,09,2022,14,28,54,30,258,7,0
12,09,2022,14,29,01,51,292,0,0
12,09,2022,14,29,02,51,292,55,0
12,09,2022,14,29,02,42,266,55,0
12,09,2022,14,29,03,42,266,11,0
12,09,2022,14,29,04,20,265,11,0
12,09,2022,14,29,05,20,265,0,0
12,09,2022,14,29,11,19,264,55,0
12,09,2022,14,29,11,45,264,55,0
12,09,2022,14,29,12,45,264,36,0
12,09,2022,14,29,14,36,264,1,0
12,09,2022,14,29,21,45,287,0,0
12,09,2022,14,29,22,45,287,49,5
12,09,2022,14,29,22,41,274,49,5
12,09,2022,14,29,23,41,274,10,0
12,09,2022,14,29,24,22,272,10,0
12,09,2022,14,29,31,17,272,56,7
12,09,2022,14,29,32,42,267,56,7
12,09,2022,14,29,32,42,267,37,0
12,09,2022,14,29,34,32,265,1,0
12,09,2022,14,29,35,18,265,1,0
12,09,2022,14,29,41,44,283,0,0
12,09,2022,14,29,41,44,283,49,0
12,09,2022,14,29,42,40,257,49,0
12,09,2022,14,29,43,40,257,11,0
12,09,2022,14,29,44,29,257,11,0
12,09,2022,14,29,44,29,257,0,0
12,09,2022,14,29,51,26,257,55,6
12,09,2022,14,29,52,42,257,55,6
12,09,2022,14,29,52,42,257,35,0
12,09,2022,14,29,53,27,260,35,0
12,09,2022,14,29,54,27,260,1,0
12,09,2022,14,30,01,46,314,0,0
12,09,2022,14,30,01,46,314,53,0
12,09,2022,14,30,02,36,267,53,0
12,09,2022,14,30,03,36,267,22,0
12,09,2022,14,30,04,29,266,0,0
12,09,2022,14,30,11,22,266,72,3
12,09,2022,14,30,11,47,290,72,3
12,09,2022,14,30,12,47,290,37,0
12,09,2022,14,30,13,31,268,37,0
12,09,2022,14,30,14,31,268,1,0
12,09,2022,14,30,14,17,267,1,0
12,09,2022,14,30,21,49,319,0,0
12,09,2022,14,30,21,49,319,53,3
12,09,2022,14,30,22,43,266,53,3
12,09,2022,14,30,23,43,266,25,0
12,09,2022,14,30,24,24,266,25,0
12,09,2022,14,30,24,24,266,0,0
12,09,2022,14,30,30,22,265,52,6
12,09,2022,14,30,31,46,268,52,6
12,09,2022,14,30,32,46,268,38,0
12,09,2022,14,30,33,34,-5,38,0
12,09,2022,14,30,34,34,-5,0,0
12,09,2022,14,30,34,16,-5,0,0
12,09,2022,14,30,41,49,303,0,0
12,09,2022,14,30,41,49,303,56,5
12,09,2022,14,30,42,39,-17,56,5
12,09,2022,14,30,43,39,-17,27,0
12,09,2022,14,30,44,28,-18,27,0
12,09,2022,14,30,45,28,-18,0,0
12,09,2022,14,30,51,19,-19,53,3
12,09,2022,14,30,51,46,260,53,3
12,09,2022,14,30,52,46,260,37,0
12,09,2022,14,30,53,35,-17,37,0
12,09,2022,14,30,54,35,-17,1,0
12,09,2022,14,30,54,19,-17,1,0
12,09,2022,14,31,01,47,290,0,0
12,09,2022,14,31,01,47,290,54,3
12,09,2022,14,31,02,43,262,54,3
12,09,2022,14,31,03,43,262,22,0
12,09,2022,14,31,04,25,257,22,0
12,09,2022,14,31,04,25,257,0,0
12,09,2022,14,31,10,23,257,51,6
12,09,2022,14,31,11,47,270,51,6
12,09,2022,14,31,12,47,270,36,0
12,09,2022,14,31,13,37,-8,36,0
12,09,2022,14,31,14,37,-8,1,0
12,09,2022,14,31,14,24,-8,1,0
12,09,2022,14,31,20,48,294,0,0
12,09,2022,14,31,21,48,294,52,3
12,09,2022,14,31,22,39,-19,52,3
12,09,2022,14,31,23,39,-19,52,0
12,09,2022,14,31,24,28,-21,52,0
12,09,2022,14,31,24,28,-21,0,0
12,09,2022,14,31,30,20,-22,52,3
12,09,2022,14,31,31,45,271,52,3
12,09,2022,14,31,32,45,271,37,5
12,09,2022,14,31,33,39,-18,37,5
12,09,2022,14,31,33,39,-18,1,0
12,09,2022,14,31,34,24,-19,1,0
12,09,2022,14,31,41,47,288,0,0
12,09,2022,14,31,41,47,288,55,5
12,09,2022,14,31,42,44,263,55,5
12,09,2022,14,31,43,44,263,55,0
12,09,2022,14,31,43,32,257,55,0
12,09,2022,14,31,44,32,257,0,0
12,09,2022,14,31,45,25,-1,0,0
12,09,2022,14,31,50,25,-2,0,7
12,09,2022,14,31,51,46,279,0,7
12,09,2022,14,31,52,46,279,46,0
12,09,2022,14,31,53,37,-4,46,0
12,09,2022,14,31,53,37,-4,7,0
12,09,2022,14,31,56,24,-5,0,0
12,09,2022,14,32,00,45,296,0,0
12,09,2022,14,32,01,45,296,51,5
12,09,2022,14,32,02,37,-25,51,5
12,09,2022,14,32,03,37,-25,22,0
12,09,2022,14,32,03,24,-28,22,0
12,09,2022,14,32,04,24,-28,0,0
12,09,2022,14,32,10,19,-29,52,1
12,09,2022,14,32,11,52,266,52,1
12,09,2022,14,32,12,52,266,37,5
12,09,2022,14,32,13,40,266,37,5
12,09,2022,14,32,13,40,266,37,0
12,09,2022,14,32,14,24,263,37,0
12,09,2022,14,32,15,24,263,0,0
12,09,2022,14,32,20,40,298,0,0
12,09,2022,14,32,21,40,298,55,6
12,09,2022,14,32,22,36,-3,55,6
12,09,2022,14,32,23,36,-3,22,0
12,09,2022,14,32,23,17,-9,22,0
12,09,2022,14,32,24,17,-9,0,0
12,09,2022,14,32,30,15,-9,53,4
12,09,2022,14,32,31,15,270,53,4
12,09,2022,14,32,32,15,270,47,0
12,09,2022,14,32,33,15,-10,47,0
12,09,2022,14,32,33,15,-10,7,0
12,09,2022,14,32,40,30,-10,0,0
12,09,2022,14,32,41,30,-10,56,6
12,09,2022,14,32,42,49,276,56,6
12,09,2022,14,32,43,49,276,35,0
12,09,2022,14,32,43,32,259,35,0
12,09,2022,14,32,44,32,259,0,0
12,09,2022,14,32,50,23,258,12,0
12,09,2022,14,32,51,48,258,12,0
12,09,2022,14,32,52,48,258,46,5
12,09,2022,14,32,53,33,-15,46,5
12,09,2022,14,32,53,33,-15,7,0
12,09,2022,14,32,54,15,-18,7,0
12,09,2022,14,33,01,15,-16,0,6
12,09,2022,14,33,02,41,257,0,6
12,09,2022,14,33,03,41,257,34,0
12,09,2022,14,33,03,27,-27,34,0
12,09,2022,14,33,04,27,-27,0,0
12,09,2022,14,33,11,47,268,9,0
12,09,2022,14,33,12,47,268,9,4
12,09,2022,14,33,13,37,-30,9,4
12,09,2022,14,33,13,37,-30,10,0
12,09,2022,14,33,14,19,-37,10,0
12,09,2022,14,33,20,30,-34,0,0
12,09,2022,14,33,21,30,-34,55,6
12,09,2022,14,33,22,41,-24,55,6
12,09,2022,14,33,23,41,-24,25,0
12,09,2022,14,33,24,41,-42,25,0
12,09,2022,14,33,24,41,-42,9,0
12,09,2022,14,33,25,17,-43,9,0
12,09,2022,14,33,31,46,-38,6,0
12,09,2022,14,33,32,46,-38,50,6
12,09,2022,14,33,33,41,-16,50,6
12,09,2022,14,33,34,41,-16,10,0
12,09,2022,14,33,34,21,-32,10,0
12,09,2022,14,33,41,26,-30,55,5
12,09,2022,14,33,42,43,-20,55,5
12,09,2022,14,33,43,43,-20,34,0
12,09,2022,14,33,43,27,-47,34,0
12,09,2022,14,33,44,27,-47,0,0
12,09,2022,14,33,50,19,-48,21,0
12,09,2022,14,33,51,45,-46,21,0
12,09,2022,14,33,52,45,-46,47,5
12,09,2022,14,33,53,37,-63,47,5
12,09,2022,14,33,53,37,-63,8,0
12,09,2022,14,33,54,22,-64,8,0
12,09,2022,14,34,01,24,-61,55,3
12,09,2022,14,34,02,39,-31,55,3
12,09,2022,14,34,02,39,-31,33,0
12,09,2022,14,34,03,23,-54,33,0
12,09,2022,14,34,04,23,-54,0,0
12,09,2022,14,34,11,48,-25,7,0
12,09,2022,14,34,12,48,-25,49,5
12,09,2022,14,34,13,40,-24,9,0
12,09,2022,14,34,14,21,-48,9,0
12,09,2022,14,34,20,32,-42,0,0
12,09,2022,14,34,21,32,-42,56,6
12,09,2022,14,34,23,42,-39,56,0
12,09,2022,14,34,23,30,-74,56,0
12,09,2022,14,34,24,30,-74,0,0
12,09,2022,14,34,30,21,-74,20,0
12,09,2022,14,34,31,42,-50,20,0
12,09,2022,14,34,32,42,-50,47,5
12,09,2022,14,34,33,33,-81,47,5
12,09,2022,14,34,33,33,-81,8,0
12,09,2022,14,34,34,20,-85,8,0
12,09,2022,14,34,41,26,-85,55,5
12,09,2022,14,34,42,43,-67,55,5
12,09,2022,14,34,42,43,-67,32,4
12,09,2022,14,34,43,30,-74,32,4
12,09,2022,14,34,44,30,-74,32,0
12,09,2022,14,34,45,19,-75,32,0
12,09,2022,14,34,45,19,-75,0,0
12,09,2022,14,34,46,0,0,0,0
12,09,2022,15,01,16,13,0,0,0
12,09,2022,15,01,30,2,0,0,0
12,09,2022,16,46,02,16,0,0,0
12,09,2022,16,48,14,3,0,0,0
