29,09,2022,14,17,18,0,0,12,8
29,09,2022,14,17,19,138,369,12,8
29,09,2022,14,17,20,138,369,750,416
29,09,2022,14,17,21,133,328,750,416
29,09,2022,14,17,21,133,328,750,309
29,09,2022,14,17,22,139,302,750,309
29,09,2022,14,17,23,139,302,750,168
29,09,2022,14,17,24,132,254,750,168
29,09,2022,14,17,24,132,254,749,163
29,09,2022,14,17,25,130,269,749,163
29,09,2022,14,17,26,130,269,750,60
29,09,2022,14,17,27,129,229,750,60
29,09,2022,14,17,28,129,214,749,59
29,09,2022,14,17,32,129,219,750,30
29,09,2022,14,17,36,127,204,750,29
29,09,2022,14,17,44,125,204,749,17
29,09,2022,14,17,45,124,185,749,17
29,09,2022,14,17,50,122,198,750,17
29,09,2022,14,17,58,122,200,749,6
29,09,2022,14,18,07,121,186,750,5
29,09,2022,14,18,20,119,167,749,5
29,09,2022,14,18,26,121,168,750,0
29,09,2022,14,18,27,120,153,750,0
29,09,2022,14,18,29,120,150,749,6
29,09,2022,14,18,30,119,105,749,6
29,09,2022,14,18,32,120,95,750,0
29,09,2022,14,18,35,123,90,730,0
29,09,2022,14,18,36,84,90,730,0
29,09,2022,14,18,37,84,90,332,0
29,09,2022,14,18,37,66,90,332,0
29,09,2022,14,18,38,66,90,182,0
29,09,2022,14,18,39,66,103,182,0
29,09,2022,14,18,40,66,103,150,5
29,09,2022,14,18,40,48,88,150,5
29,09,2022,14,18,41,48,88,74,0
29,09,2022,14,18,42,37,86,74,0
29,09,2022,14,18,43,37,86,50,0
29,09,2022,14,18,44,37,86,9,0
29,09,2022,14,18,45,22,86,9,0
29,09,2022,14,18,49,20,86,26,6
29,09,2022,14,18,50,31,97,26,6
29,09,2022,14,18,50,31,97,9,0
29,09,2022,14,18,51,20,75,9,0
29,09,2022,14,18,59,25,92,0,0
29,09,2022,14,19,00,25,92,9,5
29,09,2022,14,19,00,28,77,9,5
29,09,2022,14,19,01,28,77,0,0
29,09,2022,14,19,02,17,76,0,0
29,09,2022,14,19,09,17,76,26,5
29,09,2022,14,19,10,32,89,26,5
29,09,2022,14,19,10,32,89,27,0
29,09,2022,14,19,11,32,76,27,0
29,09,2022,14,19,13,32,76,8,0
29,09,2022,14,19,14,16,76,8,0
29,09,2022,14,19,20,25,76,6,4
29,09,2022,14,19,21,15,77,0,0
29,09,2022,14,19,22,4,76,0,0
29,09,2022,14,19,29,4,76,54,0
29,09,2022,14,19,30,38,89,54,0
29,09,2022,14,19,31,26,85,54,0
29,09,2022,14,19,32,26,85,0,0
29,09,2022,14,19,39,30,98,0,0
29,09,2022,14,19,40,18,85,6,0
29,09,2022,14,19,49,18,84,8,5
29,09,2022,14,19,50,25,98,8,5
29,09,2022,14,19,50,25,98,9,0
29,09,2022,14,19,59,34,106,26,4
29,09,2022,14,20,00,34,84,26,4
29,09,2022,14,20,01,34,84,0,0
29,09,2022,14,20,02,23,83,0,0
29,09,2022,14,20,09,23,83,8,6
29,09,2022,14,20,10,25,80,0,0
29,09,2022,14,20,13,14,77,0,0
29,09,2022,14,20,19,42,94,0,0
29,09,2022,14,20,20,42,94,47,4
29,09,2022,14,20,20,28,74,47,4
29,09,2022,14,20,21,28,74,10,0
29,09,2022,14,20,22,16,74,10,0
29,09,2022,14,20,29,15,74,26,5
29,09,2022,14,20,29,34,84,26,5
29,09,2022,14,20,30,34,84,26,0
29,09,2022,14,20,32,25,74,0,0
29,09,2022,14,20,39,34,91,0,0
29,09,2022,14,20,39,34,91,22,6
29,09,2022,14,20,40,28,72,22,6
29,09,2022,14,20,41,28,72,0,0
29,09,2022,14,20,43,17,71,0,0
29,09,2022,14,20,49,18,71,25,7
29,09,2022,14,20,49,26,96,25,7
29,09,2022,14,20,50,26,96,5,0
29,09,2022,14,20,51,20,80,5,0
29,09,2022,14,20,59,28,101,0,0
29,09,2022,14,20,59,28,101,7,6
29,09,2022,14,21,00,26,74,7,6
29,09,2022,14,21,01,26,74,8,0
29,09,2022,14,21,09,20,72,24,0
29,09,2022,14,21,09,31,89,24,0
29,09,2022,14,21,13,26,79,0,0
29,09,2022,14,21,16,13,79,0,0
29,09,2022,14,21,19,39,99,0,0
29,09,2022,14,21,19,39,99,51,6
29,09,2022,14,21,21,34,92,9,0
29,09,2022,14,21,22,20,91,9,0
29,09,2022,14,21,29,17,91,25,9
29,09,2022,14,21,29,27,108,25,9
29,09,2022,14,21,30,27,108,8,0
29,09,2022,14,21,31,18,91,8,0
29,09,2022,14,21,39,24,111,0,0
29,09,2022,14,21,39,24,111,8,6
29,09,2022,14,21,40,20,86,8,6
29,09,2022,14,21,42,18,85,0,0
29,09,2022,14,21,49,17,85,8,7
29,09,2022,14,21,49,26,107,8,7
29,09,2022,14,21,50,26,107,9,0
29,09,2022,14,21,59,27,126,8,0
29,09,2022,14,21,59,27,126,16,5
29,09,2022,14,22,00,27,97,16,5
29,09,2022,14,22,01,27,97,16,0
29,09,2022,14,22,02,17,95,0,0
29,09,2022,14,22,08,17,95,50,7
29,09,2022,14,22,09,39,120,50,7
29,09,2022,14,22,10,39,120,17,0
29,09,2022,14,22,11,26,113,17,0
29,09,2022,14,22,12,26,113,0,0
29,09,2022,14,22,19,30,141,0,0
29,09,2022,14,22,19,30,141,8,8
29,09,2022,14,22,20,16,112,8,8
29,09,2022,14,22,21,16,112,0,0
29,09,2022,14,22,28,14,111,17,9
29,09,2022,14,22,29,26,105,17,9
29,09,2022,14,22,30,26,105,0,0
29,09,2022,14,22,31,14,102,0,0
29,09,2022,14,22,38,32,120,0,0
29,09,2022,14,22,39,32,120,6,7
29,09,2022,14,22,40,16,120,6,7
29,09,2022,14,22,41,16,120,0,0
29,09,2022,14,22,42,16,94,0,0
29,09,2022,14,22,48,17,94,50,7
29,09,2022,14,22,49,40,108,50,7
29,09,2022,14,22,50,40,108,36,0
29,09,2022,14,22,51,29,99,36,0
29,09,2022,14,22,51,29,99,0,0
29,09,2022,14,22,52,14,98,0,0
29,09,2022,14,22,58,40,120,0,0
29,09,2022,14,22,59,40,120,50,6
29,09,2022,14,23,00,37,95,50,6
29,09,2022,14,23,01,37,95,9,0
29,09,2022,14,23,02,21,95,9,0
29,09,2022,14,23,09,25,119,0,0
29,09,2022,14,23,11,17,94,5,1
29,09,2022,14,23,19,25,95,9,7
29,09,2022,14,23,20,12,100,9,7
29,09,2022,14,23,21,12,100,0,0
29,09,2022,14,23,29,32,111,0,0
29,09,2022,14,23,30,32,111,26,1
29,09,2022,14,23,31,31,96,26,1
29,09,2022,14,23,34,17,95,18,0
29,09,2022,14,23,34,17,95,0,0
29,09,2022,14,23,39,24,99,7,5
29,09,2022,14,23,41,24,100,0,0
29,09,2022,14,23,59,28,104,53,6
29,09,2022,14,24,01,37,96,23,0
29,09,2022,14,24,01,17,95,23,0
29,09,2022,14,24,04,16,96,0,0
29,09,2022,14,24,09,27,114,0,0
29,09,2022,14,24,11,14,100,0,1
29,09,2022,14,24,19,19,107,8,8
29,09,2022,14,24,20,18,95,8,8
29,09,2022,14,24,21,18,95,0,0
29,09,2022,14,24,29,25,106,7,0
29,09,2022,14,24,31,17,84,0,0
29,09,2022,14,24,39,25,89,8,6
29,09,2022,14,24,41,24,88,35,0
29,09,2022,14,24,41,41,86,35,0
29,09,2022,14,24,43,29,86,35,0
29,09,2022,14,24,44,29,86,0,0
29,09,2022,14,24,46,18,86,0,0
29,09,2022,14,24,49,39,112,9,0
29,09,2022,14,24,50,39,112,36,0
29,09,2022,14,24,51,31,86,36,0
29,09,2022,14,24,51,31,86,6,0
29,09,2022,14,24,54,20,86,0,0
29,09,2022,14,24,59,18,86,9,5
29,09,2022,14,25,00,20,93,0,0
29,09,2022,14,25,09,32,104,8,0
29,09,2022,14,25,10,32,104,27,0
29,09,2022,14,25,12,16,108,27,0
29,09,2022,14,25,13,16,108,0,0
29,09,2022,14,25,19,15,107,32,5
29,09,2022,14,25,20,28,110,32,5
29,09,2022,14,25,20,28,110,0,0
29,09,2022,14,25,30,15,105,8,0
29,09,2022,14,25,39,14,105,8,5
29,09,2022,14,25,40,23,109,0,0
29,09,2022,14,25,49,27,121,0,0
29,09,2022,14,25,50,40,96,8,0
29,09,2022,14,25,59,37,96,8,5
29,09,2022,14,26,00,28,103,0,0
29,09,2022,14,26,01,14,101,0,0
29,09,2022,14,26,03,14,0,0,0
29,09,2022,14,26,04,14,101,0,0
29,09,2022,14,26,10,23,104,8,5
29,09,2022,14,26,11,25,97,0,0
29,09,2022,14,26,19,16,97,8,7
29,09,2022,14,26,20,16,94,8,0
29,09,2022,14,26,29,30,107,0,0
29,09,2022,14,26,30,16,102,1,0
29,09,2022,14,26,39,15,101,22,8
29,09,2022,14,26,40,23,101,0,0
29,09,2022,14,26,41,17,89,0,0
29,09,2022,14,26,49,31,110,0,0
29,09,2022,14,26,50,31,110,8,5
29,09,2022,14,26,50,18,82,8,5
29,09,2022,14,26,51,18,82,0,0
29,09,2022,14,26,59,16,81,8,6
29,09,2022,14,27,00,16,79,0,0
29,09,2022,14,27,09,28,98,0,0
29,09,2022,14,27,12,15,89,0,0
29,09,2022,14,27,19,15,89,19,6
29,09,2022,14,27,19,25,102,19,6
29,09,2022,14,27,20,25,102,0,0
29,09,2022,14,27,21,19,91,0,0
29,09,2022,14,27,30,18,94,8,6
29,09,2022,14,27,30,25,79,8,6
29,09,2022,14,27,31,25,79,0,0
29,09,2022,14,27,39,16,78,8,7
29,09,2022,14,27,40,14,90,8,7
29,09,2022,14,27,40,14,90,0,0
29,09,2022,14,27,49,29,105,0,0
29,09,2022,14,27,49,29,105,0,4
29,09,2022,14,27,50,17,83,0,4
29,09,2022,14,27,51,17,83,0,0
29,09,2022,14,27,59,17,83,0,7
29,09,2022,14,27,59,20,101,0,7
29,09,2022,14,28,00,20,101,0,0
29,09,2022,14,28,01,12,81,0,0
29,09,2022,14,28,09,31,112,0,0
29,09,2022,14,28,09,31,112,5,5
29,09,2022,14,28,10,23,83,5,5
29,09,2022,14,28,11,23,83,0,0
29,09,2022,14,28,19,22,83,62,7
29,09,2022,14,28,19,39,100,62,7
29,09,2022,14,28,20,39,100,35,0
29,09,2022,14,28,22,31,91,8,0
29,09,2022,14,28,23,20,91,8,0
29,09,2022,14,28,29,42,117,0,0
29,09,2022,14,28,29,42,117,53,4
29,09,2022,14,28,30,35,98,53,4
29,09,2022,14,28,31,35,98,10,0
29,09,2022,14,28,32,19,97,10,0
29,09,2022,14,28,39,16,97,25,12
29,09,2022,14,28,39,32,101,25,12
29,09,2022,14,28,40,32,101,26,0
29,09,2022,14,28,41,31,85,26,0
29,09,2022,14,28,44,19,86,25,0
29,09,2022,14,28,45,19,86,0,0
29,09,2022,14,28,49,36,114,0,0
29,09,2022,14,28,49,36,114,50,4
29,09,2022,14,28,50,36,100,50,4
29,09,2022,14,28,51,36,100,10,0
29,09,2022,14,28,52,13,100,10,0
29,09,2022,14,28,59,10,100,68,9
29,09,2022,14,28,59,40,92,68,9
29,09,2022,14,29,00,40,92,46,0
29,09,2022,14,29,01,32,81,46,0
29,09,2022,14,29,02,32,81,0,0
29,09,2022,14,29,02,17,81,0,0
29,09,2022,14,29,09,29,116,0,0
29,09,2022,14,29,09,29,116,0,4
29,09,2022,14,29,10,16,86,0,4
29,09,2022,14,29,11,16,86,0,0
29,09,2022,14,29,19,15,85,24,8
29,09,2022,14,29,19,26,90,24,8
29,09,2022,14,29,20,26,90,0,0
29,09,2022,14,29,29,23,108,0,0
29,09,2022,14,29,29,23,108,0,5
29,09,2022,14,29,30,18,80,0,5
29,09,2022,14,29,31,18,80,0,0
29,09,2022,14,29,39,18,79,32,8
29,09,2022,14,29,39,31,90,32,8
29,09,2022,14,29,40,31,90,0,0
29,09,2022,14,29,41,14,81,0,0
29,09,2022,14,29,49,18,93,0,0
29,09,2022,14,29,49,18,93,8,7
29,09,2022,14,29,51,21,94,0,0
29,09,2022,14,29,59,40,95,5,0
29,09,2022,14,30,00,40,95,45,0
29,09,2022,14,30,02,32,85,0,0
29,09,2022,14,30,02,0,85,0,0
29,09,2022,14,30,07,0,0,0,0
29,09,2022,15,17,27,131,333,6,0
29,09,2022,15,17,27,131,333,750,499
29,09,2022,15,17,31,126,326,750,507
29,09,2022,15,17,32,127,320,749,496
29,09,2022,15,17,34,127,308,749,496
29,09,2022,15,17,37,124,316,750,502
29,09,2022,15,17,38,124,307,750,508
29,09,2022,15,17,40,122,306,749,505
29,09,2022,15,17,41,123,306,750,496
29,09,2022,15,17,42,121,294,750,496
29,09,2022,15,17,43,121,294,749,500
29,09,2022,15,17,49,120,285,750,494
29,09,2022,15,17,50,120,279,750,497
29,09,2022,15,17,52,120,286,750,501
29,09,2022,15,17,54,120,286,749,498
29,09,2022,15,18,00,120,292,749,506
29,09,2022,15,18,01,120,289,750,503
29,09,2022,15,18,03,119,281,750,413
29,09,2022,15,18,04,120,239,750,413
29,09,2022,15,18,04,120,239,749,255
29,09,2022,15,18,05,117,208,749,255
29,09,2022,15,18,06,117,208,750,221
29,09,2022,15,18,07,117,186,750,221
29,09,2022,15,18,07,117,186,751,164
29,09,2022,15,18,08,121,129,751,164
29,09,2022,15,18,09,121,129,750,60
29,09,2022,15,18,10,106,151,750,60
29,09,2022,15,18,10,106,151,501,59
29,09,2022,15,18,11,70,142,501,59
29,09,2022,15,18,12,70,142,186,61
29,09,2022,15,18,14,62,150,150,59
29,09,2022,15,18,14,58,128,150,59
29,09,2022,15,18,15,58,128,79,29
29,09,2022,15,18,16,44,139,79,29
29,09,2022,15,18,17,44,139,749,31
29,09,2022,15,18,17,119,132,749,31
29,09,2022,15,18,20,118,123,608,31
29,09,2022,15,18,20,81,118,608,31
29,09,2022,15,18,21,81,118,250,18
29,09,2022,15,18,22,62,129,250,18
29,09,2022,15,18,23,62,129,182,17
29,09,2022,15,18,23,54,118,182,17
29,09,2022,15,18,24,54,118,150,19
29,09,2022,15,18,25,39,127,150,19
29,09,2022,15,18,26,39,127,108,13
29,09,2022,15,18,27,122,132,108,13
29,09,2022,15,18,27,122,132,749,6
29,09,2022,15,18,28,119,121,749,6
29,09,2022,15,18,30,107,111,749,5
29,09,2022,15,18,30,107,111,464,7
29,09,2022,15,18,31,66,111,464,7
29,09,2022,15,18,32,66,111,241,7
29,09,2022,15,18,33,58,130,241,7
29,09,2022,15,18,33,58,130,149,5
29,09,2022,15,18,35,55,128,80,5
29,09,2022,15,18,36,40,110,80,5
29,09,2022,15,18,37,40,110,748,5
29,09,2022,15,18,37,122,166,748,5
29,09,2022,15,18,39,119,177,748,5
29,09,2022,15,18,40,81,171,748,5
29,09,2022,15,18,41,81,171,249,4
29,09,2022,15,18,42,60,213,249,4
29,09,2022,15,18,43,60,213,182,5
29,09,2022,15,18,44,55,208,149,5
29,09,2022,15,18,45,43,204,149,5
29,09,2022,15,18,46,43,204,117,7
29,09,2022,15,18,47,118,205,117,7
29,09,2022,15,18,47,118,205,749,16
29,09,2022,15,18,50,104,199,748,17
29,09,2022,15,18,50,104,199,474,18
29,09,2022,15,18,51,65,190,474,18
29,09,2022,15,18,52,65,190,241,16
29,09,2022,15,18,53,59,197,151,16
29,09,2022,15,18,55,60,194,80,5
29,09,2022,15,18,57,55,192,749,16
29,09,2022,15,18,57,116,194,749,16
29,09,2022,15,19,00,117,190,727,17
29,09,2022,15,19,00,86,197,727,17
29,09,2022,15,19,01,86,197,254,18
29,09,2022,15,19,02,61,195,254,18
29,09,2022,15,19,03,61,195,182,17
29,09,2022,15,19,04,54,199,149,17
29,09,2022,15,19,05,43,202,149,17
29,09,2022,15,19,06,43,202,97,20
29,09,2022,15,19,06,118,217,97,20
29,09,2022,15,19,07,118,217,749,18
29,09,2022,15,19,10,111,210,464,17
29,09,2022,15,19,11,67,212,464,17
29,09,2022,15,19,12,67,212,184,16
29,09,2022,15,19,13,60,206,149,19
29,09,2022,15,19,15,60,203,79,17
29,09,2022,15,19,17,58,194,748,17
29,09,2022,15,19,17,119,192,748,17
29,09,2022,15,19,20,115,185,734,17
29,09,2022,15,19,20,88,188,734,17
29,09,2022,15,19,21,88,188,254,17
29,09,2022,15,19,22,59,184,254,17
29,09,2022,15,19,23,59,184,182,17
29,09,2022,15,19,24,54,182,149,18
29,09,2022,15,19,25,41,189,149,18
29,09,2022,15,19,26,119,190,149,19
29,09,2022,15,19,27,119,190,750,30
29,09,2022,15,19,29,116,191,750,16
29,09,2022,15,19,31,66,198,750,17
29,09,2022,15,19,32,66,198,185,17
29,09,2022,15,19,33,52,199,185,17
29,09,2022,15,19,33,52,199,149,17
29,09,2022,15,19,35,45,197,73,18
29,09,2022,15,19,36,40,196,743,30
29,09,2022,15,19,37,116,201,743,30
29,09,2022,15,19,39,115,185,749,30
29,09,2022,15,19,40,115,185,749,18
29,09,2022,15,19,40,87,184,749,18
29,09,2022,15,19,41,87,184,315,17
29,09,2022,15,19,42,64,184,315,17
29,09,2022,15,19,43,64,184,182,17
29,09,2022,15,19,45,52,183,182,17
29,09,2022,15,19,46,114,186,182,17
29,09,2022,15,19,47,114,186,750,17
29,09,2022,15,19,50,115,178,504,17
29,09,2022,15,19,51,71,185,504,17
29,09,2022,15,19,52,71,185,250,17
29,09,2022,15,19,53,57,182,250,17
29,09,2022,15,19,53,57,182,173,17
29,09,2022,15,19,55,55,174,137,17
29,09,2022,15,19,56,55,183,746,17
29,09,2022,15,19,57,115,195,746,17
29,09,2022,15,19,58,115,195,749,30
29,09,2022,15,19,59,114,198,750,18
29,09,2022,15,20,00,83,197,750,18
29,09,2022,15,20,01,83,197,323,17
29,09,2022,15,20,02,64,185,323,17
29,09,2022,15,20,03,64,185,181,17
29,09,2022,15,20,03,57,196,181,17
29,09,2022,15,20,04,57,196,149,18
29,09,2022,15,20,06,54,187,74,17
29,09,2022,15,20,06,113,188,74,17
29,09,2022,15,20,07,113,188,74,30
29,09,2022,15,20,09,116,185,749,27
29,09,2022,15,20,10,115,171,749,27
29,09,2022,15,20,10,115,171,506,17
29,09,2022,15,20,11,68,172,506,17
29,09,2022,15,20,12,68,172,250,17
29,09,2022,15,20,13,56,173,250,17
29,09,2022,15,20,13,56,173,151,17
29,09,2022,15,20,15,60,168,131,17
29,09,2022,15,20,16,42,172,131,17
29,09,2022,15,20,16,42,172,743,29
29,09,2022,15,20,17,115,177,743,29
29,09,2022,15,20,20,116,179,749,17
29,09,2022,15,20,20,86,171,749,17
29,09,2022,15,20,21,86,171,327,17
29,09,2022,15,20,22,66,183,327,17
29,09,2022,15,20,23,53,187,327,17
29,09,2022,15,20,24,53,187,149,18
29,09,2022,15,20,26,44,189,74,17
29,09,2022,15,20,26,112,194,74,17
29,09,2022,15,20,27,112,194,749,29
29,09,2022,15,20,29,115,190,122,30
29,09,2022,15,20,29,29,179,122,30
29,09,2022,15,20,30,29,179,23,17
29,09,2022,15,20,35,29,165,24,17
29,09,2022,15,20,36,29,165,746,29
29,09,2022,15,20,37,118,174,746,29
29,09,2022,15,20,39,117,173,750,18
29,09,2022,15,20,43,116,161,750,17
29,09,2022,15,20,46,115,180,750,17
29,09,2022,15,20,47,115,180,751,30
29,09,2022,15,20,48,116,193,751,30
29,09,2022,15,20,50,115,185,750,17
29,09,2022,15,20,56,114,169,749,17
29,09,2022,15,20,56,114,169,749,29
29,09,2022,15,20,59,115,171,751,17
29,09,2022,15,21,03,114,159,750,17
29,09,2022,15,21,12,114,170,750,17
29,09,2022,15,21,14,113,182,750,17
29,09,2022,15,21,18,113,178,751,5
29,09,2022,15,21,43,112,162,750,5
29,09,2022,15,21,54,111,133,749,4
29,09,2022,15,21,55,111,133,750,0
29,09,2022,15,22,06,110,156,750,0
29,09,2022,15,22,07,110,156,749,4
29,09,2022,15,22,08,110,133,749,4
29,09,2022,15,22,09,110,133,750,0
29,09,2022,15,22,13,111,132,509,0
29,09,2022,15,22,14,71,132,509,0
29,09,2022,15,22,15,71,132,249,0
29,09,2022,15,22,15,55,132,249,0
29,09,2022,15,22,16,55,132,172,8
29,09,2022,15,22,18,52,137,151,0
29,09,2022,15,22,19,39,136,151,0
29,09,2022,15,22,19,39,136,67,0
29,09,2022,15,22,21,37,136,37,0
29,09,2022,15,22,22,33,136,8,0
29,09,2022,15,22,23,19,136,8,0
29,09,2022,15,22,26,32,157,0,0
29,09,2022,15,22,27,32,157,27,0
29,09,2022,15,22,28,31,143,27,0
29,09,2022,15,22,36,30,142,69,8
29,09,2022,15,22,37,44,141,69,8
29,09,2022,15,22,38,44,141,56,0
29,09,2022,15,22,39,37,139,39,0
29,09,2022,15,22,41,29,139,7,0
29,09,2022,15,22,42,14,139,7,0
29,09,2022,15,22,46,28,172,0,0
29,09,2022,15,22,48,18,142,8,0
29,09,2022,15,22,56,18,141,25,7
29,09,2022,15,22,58,27,142,0,0
29,09,2022,15,22,59,13,141,0,0
29,09,2022,15,23,06,30,155,0,0
29,09,2022,15,23,07,30,155,27,0
29,09,2022,15,23,09,34,134,35,0
29,09,2022,15,23,10,34,134,19,0
29,09,2022,15,23,12,25,135,0,0
29,09,2022,15,23,14,11,134,0,0
29,09,2022,15,23,16,11,134,51,0
29,09,2022,15,23,17,38,139,51,0
29,09,2022,15,23,18,38,139,37,0
29,09,2022,15,23,18,24,137,37,0
29,09,2022,15,23,19,24,137,0,0
29,09,2022,15,23,26,15,162,0,0
29,09,2022,15,23,27,15,162,27,0
29,09,2022,15,23,28,32,146,27,0
29,09,2022,15,23,31,29,145,5,0
29,09,2022,15,23,32,16,145,5,0
29,09,2022,15,23,36,6,144,51,7
29,09,2022,15,23,37,38,143,51,7
29,09,2022,15,23,37,38,143,33,0
29,09,2022,15,23,39,29,140,1,0
29,09,2022,15,23,47,19,142,26,4
29,09,2022,15,23,48,17,136,0,0
29,09,2022,15,23,56,16,135,8,6
29,09,2022,15,23,57,26,136,0,0
29,09,2022,15,24,06,28,162,0,0
29,09,2022,15,24,08,28,131,8,0
29,09,2022,15,24,11,14,130,0,0
29,09,2022,15,24,14,15,0,0,0
29,09,2022,15,24,15,14,130,0,0
29,09,2022,15,24,17,22,143,3,0
29,09,2022,15,24,18,15,130,3,0
29,09,2022,15,24,37,28,143,6,0
29,09,2022,15,24,38,20,132,0,0
29,09,2022,15,24,57,29,150,3,0
29,09,2022,15,24,58,14,138,0,0
29,09,2022,15,25,07,17,140,8,5
29,09,2022,15,25,08,26,136,0,0
29,09,2022,15,25,09,15,135,0,0
29,09,2022,15,25,21,0,134,0,0
29,09,2022,15,25,23,13,134,0,0
29,09,2022,15,25,37,22,148,5,0
29,09,2022,15,25,38,17,133,0,0
29,09,2022,15,25,47,27,135,49,4
29,09,2022,15,25,48,37,139,36,0
29,09,2022,15,25,49,22,139,36,0
29,09,2022,15,25,50,22,139,0,0
29,09,2022,15,25,56,16,139,20,0
29,09,2022,15,25,57,39,146,20,0
29,09,2022,15,25,57,39,146,37,0
29,09,2022,15,25,58,28,136,37,0
29,09,2022,15,25,59,28,136,7,0
29,09,2022,15,26,01,17,136,0,0
29,09,2022,15,26,07,15,136,9,3
29,09,2022,15,26,07,26,131,9,3
29,09,2022,15,26,08,26,131,8,0
29,09,2022,15,26,10,15,131,0,0
29,09,2022,15,26,16,29,140,0,0
29,09,2022,15,26,23,18,136,0,0
29,09,2022,15,26,26,25,140,26,4
29,09,2022,15,26,28,30,133,26,0
29,09,2022,15,26,31,30,132,8,0
29,09,2022,15,26,32,15,132,8,0
29,09,2022,15,26,36,38,148,0,0
29,09,2022,15,26,37,38,148,47,0
29,09,2022,15,26,38,30,137,47,0
29,09,2022,15,26,39,30,137,9,0
29,09,2022,15,26,40,13,137,9,0
29,09,2022,15,26,46,12,137,27,6
29,09,2022,15,26,47,31,131,27,6
29,09,2022,15,26,48,31,131,27,0
29,09,2022,15,26,51,31,130,9,0
29,09,2022,15,26,53,19,130,0,0
29,09,2022,15,26,56,28,146,0,0
29,09,2022,15,26,58,18,130,0,0
29,09,2022,15,27,06,17,129,25,5
29,09,2022,15,27,08,19,137,0,0
29,09,2022,15,27,26,14,139,23,6
29,09,2022,15,27,28,18,139,0,0
29,09,2022,15,27,36,31,150,0,0
29,09,2022,15,27,38,14,136,0,0
29,09,2022,15,27,46,14,135,21,5
29,09,2022,15,27,48,21,143,0,0
29,09,2022,15,27,56,27,154,0,0
29,09,2022,15,27,58,17,136,0,0
29,09,2022,15,28,06,17,136,18,5
29,09,2022,15,28,08,21,144,0,0
29,09,2022,15,28,26,15,138,21,5
29,09,2022,15,28,28,21,135,0,0
29,09,2022,15,28,36,29,150,0,0
29,09,2022,15,28,38,29,134,0,0
29,09,2022,15,28,39,15,133,0,0
29,09,2022,15,28,46,16,133,25,7
29,09,2022,15,28,48,22,134,0,0
29,09,2022,15,28,56,40,158,0,0
29,09,2022,15,28,57,40,158,49,0
29,09,2022,15,28,58,40,134,49,0
29,09,2022,15,28,59,40,134,9,0
29,09,2022,15,28,59,17,133,9,0
29,09,2022,15,29,06,15,133,24,8
29,09,2022,15,29,07,32,131,24,8
29,09,2022,15,29,08,32,131,26,0
29,09,2022,15,29,09,29,129,7,0
29,09,2022,15,29,16,34,159,9,0
29,09,2022,15,29,18,16,133,7,0
29,09,2022,15,29,26,10,132,52,7
29,09,2022,15,29,27,39,144,52,7
29,09,2022,15,29,28,39,144,37,0
29,09,2022,15,29,29,29,143,0,0
29,09,2022,15,29,30,18,143,0,0
29,09,2022,15,29,36,30,170,0,0
29,09,2022,15,29,37,30,170,26,0
29,09,2022,15,29,39,31,135,26,0
29,09,2022,15,29,42,31,135,0,0
29,09,2022,15,29,42,17,135,0,0
29,09,2022,15,29,46,16,135,25,0
29,09,2022,15,29,48,22,135,0,0
29,09,2022,15,29,56,33,152,0,0
29,09,2022,15,29,58,17,132,0,0
29,09,2022,15,30,06,16,132,49,6
29,09,2022,15,30,07,38,136,49,6
29,09,2022,15,30,08,38,136,49,0
29,09,2022,15,30,08,25,133,49,0
29,09,2022,15,30,09,25,133,1,0
29,09,2022,15,30,16,30,160,0,0
29,09,2022,15,30,18,17,137,8,0
29,09,2022,15,30,26,16,137,24,4
29,09,2022,15,30,28,26,145,0,4
29,09,2022,15,30,29,17,142,0,0
29,09,2022,15,30,36,24,167,0,0
29,09,2022,15,30,38,25,146,9,0
29,09,2022,15,30,46,27,145,34,6
29,09,2022,15,30,48,32,147,8,0
29,09,2022,15,30,48,15,145,8,0
29,09,2022,15,30,56,31,167,0,0
29,09,2022,15,30,58,21,150,5,0
29,09,2022,15,31,07,26,161,12,0
29,09,2022,15,31,08,17,145,12,0
29,09,2022,15,31,09,17,145,0,0
29,09,2022,15,31,47,22,171,6,0
29,09,2022,15,31,48,14,156,0,0
29,09,2022,15,31,57,19,158,55,4
29,09,2022,15,31,57,37,151,55,4
29,09,2022,15,31,58,37,151,22,0
29,09,2022,15,32,00,27,151,0,0
29,09,2022,15,32,10,16,156,0,0
29,09,2022,15,32,17,15,161,6,6
29,09,2022,15,32,18,15,162,6,0
29,09,2022,15,32,47,31,171,8,0
29,09,2022,15,32,47,31,171,27,0
29,09,2022,15,32,48,30,158,27,0
29,09,2022,15,32,52,22,158,0,0
29,09,2022,15,32,57,20,158,54,3
29,09,2022,15,32,57,34,160,54,3
29,09,2022,15,32,58,34,160,54,0
29,09,2022,15,33,00,28,159,0,0
29,09,2022,15,33,07,21,180,4,0
29,09,2022,15,33,08,12,162,4,0
29,09,2022,15,33,17,12,162,27,3
29,09,2022,15,33,17,23,160,27,3
29,09,2022,15,33,18,23,160,0,0
29,09,2022,15,33,27,15,174,0,0
29,09,2022,15,33,28,15,158,0,0
29,09,2022,15,33,37,15,157,27,4
29,09,2022,15,33,38,15,159,0,0
29,09,2022,15,33,47,24,173,0,0
29,09,2022,15,33,48,15,160,0,0
29,09,2022,15,33,57,15,159,26,6
29,09,2022,15,33,57,34,168,26,6
29,09,2022,15,33,58,34,168,48,0
29,09,2022,15,34,00,35,167,23,0
29,09,2022,15,34,00,16,167,23,0
29,09,2022,15,34,01,16,167,0,0
29,09,2022,15,34,07,38,175,0,0
29,09,2022,15,34,07,38,175,48,0
29,09,2022,15,34,09,35,165,6,0
29,09,2022,15,34,09,16,164,6,0
29,09,2022,15,34,17,15,165,27,5
29,09,2022,15,34,17,25,149,27,5
29,09,2022,15,34,18,25,149,0,5
29,09,2022,15,34,20,16,148,0,0
29,09,2022,15,34,26,39,171,0,0
29,09,2022,15,34,27,39,171,52,0
29,09,2022,15,34,28,33,152,52,0
29,09,2022,15,34,29,33,152,25,0
29,09,2022,15,34,30,23,151,0,0
29,09,2022,15,34,36,20,151,0,5
29,09,2022,15,34,40,20,151,0,0
29,09,2022,15,34,46,50,173,0,0
29,09,2022,15,34,47,50,173,49,0
29,09,2022,15,34,48,32,167,49,0
29,09,2022,15,34,49,32,167,10,0
29,09,2022,15,34,51,21,166,0,0
29,09,2022,15,34,56,21,166,27,5
29,09,2022,15,34,57,33,155,27,5
29,09,2022,15,34,58,33,155,26,0
29,09,2022,15,35,01,32,155,10,0
29,09,2022,15,35,03,20,155,10,0
29,09,2022,15,35,06,28,172,0,0
29,09,2022,15,35,08,14,163,0,0
29,09,2022,15,35,16,11,162,54,4
29,09,2022,15,35,17,45,162,54,4
29,09,2022,15,35,18,45,162,32,0
29,09,2022,15,35,19,28,160,32,0
29,09,2022,15,35,19,28,160,0,0
29,09,2022,15,35,20,17,160,0,0
29,09,2022,15,35,26,30,185,0,0
29,09,2022,15,35,27,30,185,7,4
29,09,2022,15,35,28,30,158,7,4
29,09,2022,15,35,29,30,158,0,0
29,09,2022,15,35,29,14,157,0,0
29,09,2022,15,35,36,14,157,25,7
29,09,2022,15,35,37,37,160,25,7
29,09,2022,15,35,38,37,160,26,0
29,09,2022,15,35,39,23,159,26,0
29,09,2022,15,35,39,23,159,9,0
29,09,2022,15,35,46,34,186,0,0
29,09,2022,15,35,47,34,186,35,4
29,09,2022,15,35,48,31,156,35,4
29,09,2022,15,35,49,31,156,0,0
29,09,2022,15,35,56,23,155,24,8
29,09,2022,15,35,58,31,164,26,0
29,09,2022,15,35,59,22,162,0,0
29,09,2022,15,36,06,34,192,0,0
29,09,2022,15,36,08,18,169,10,0
29,09,2022,15,36,16,17,169,24,8
29,09,2022,15,36,17,32,167,24,8
29,09,2022,15,36,18,32,167,26,0
29,09,2022,15,36,19,30,155,26,0
29,09,2022,15,36,22,17,155,26,0
29,09,2022,15,36,22,17,155,0,0
29,09,2022,15,36,26,31,179,0,0
29,09,2022,15,36,28,22,153,3,0
29,09,2022,15,36,36,21,153,24,7
29,09,2022,15,36,38,21,153,0,0
29,09,2022,15,36,46,29,183,0,0
29,09,2022,15,36,48,19,157,0,0
29,09,2022,15,36,56,17,157,49,6
29,09,2022,15,36,57,42,173,49,6
29,09,2022,15,36,58,42,173,49,0
29,09,2022,15,36,59,31,163,49,0
29,09,2022,15,37,01,31,163,0,0
29,09,2022,15,37,02,20,163,0,0
29,09,2022,15,37,06,30,195,0,0
29,09,2022,15,37,08,19,155,9,0
29,09,2022,15,37,16,16,154,25,6
29,09,2022,15,37,18,15,161,0,0
29,09,2022,15,37,27,20,158,8,4
29,09,2022,15,37,30,17,151,0,0
29,09,2022,15,37,36,17,151,0,5
29,09,2022,15,37,38,17,154,0,0
29,09,2022,15,37,47,24,152,7,4
29,09,2022,15,37,48,11,153,7,4
29,09,2022,15,37,48,11,153,0,0
29,09,2022,15,37,57,24,163,4,0
29,09,2022,15,37,58,16,152,0,0
29,09,2022,15,38,07,26,155,0,6
29,09,2022,15,38,08,19,153,0,0
29,09,2022,15,38,17,38,165,8,0
29,09,2022,15,38,18,4,149,0,0
29,09,2022,15,38,27,14,153,23,4
29,09,2022,15,38,28,24,148,0,0
29,09,2022,15,38,47,22,150,0,5
29,09,2022,15,38,48,18,141,0,0
29,09,2022,15,39,07,13,140,9,3
29,09,2022,15,39,07,25,141,9,3
29,09,2022,15,39,08,25,141,8,0
29,09,2022,15,39,17,27,159,0,0
29,09,2022,15,39,18,16,143,9,0
29,09,2022,15,39,27,19,149,9,4
29,09,2022,15,39,27,25,136,9,4
29,09,2022,15,39,28,25,136,0,0
29,09,2022,15,39,31,14,135,0,0
29,09,2022,15,39,37,24,155,4,0
29,09,2022,15,39,38,19,140,0,0
29,09,2022,15,39,47,24,142,27,2
29,09,2022,15,39,50,25,142,8,0
29,09,2022,15,39,57,30,158,8,0
29,09,2022,15,39,58,17,146,8,0
29,09,2022,15,40,07,17,145,20,5
29,09,2022,15,40,08,17,143,0,0
29,09,2022,15,40,17,40,158,0,0
29,09,2022,15,40,17,40,158,45,0
29,09,2022,15,40,18,35,136,45,0
29,09,2022,15,40,19,35,136,11,0
29,09,2022,15,40,20,16,136,11,0
29,09,2022,15,40,20,16,136,0,0
29,09,2022,15,40,27,15,135,27,0
29,09,2022,15,40,27,28,137,27,0
29,09,2022,15,40,28,28,137,0,0
29,09,2022,15,40,29,17,136,0,0
29,09,2022,15,40,37,26,149,0,0
29,09,2022,15,40,38,19,135,0,0
29,09,2022,15,40,47,19,134,0,5
29,09,2022,15,40,48,19,139,0,0
29,09,2022,15,40,57,28,153,0,0
29,09,2022,15,40,58,14,142,0,0
29,09,2022,15,41,07,15,142,27,5
29,09,2022,15,41,08,24,135,0,0
29,09,2022,15,41,17,18,154,0,0
29,09,2022,15,41,18,16,135,0,0
29,09,2022,15,41,27,16,134,9,6
29,09,2022,15,41,28,22,140,0,0
29,09,2022,15,41,46,15,133,9,4
29,09,2022,15,41,48,23,143,0,0
29,09,2022,15,41,49,15,129,0,0
29,09,2022,15,41,56,29,144,0,0
29,09,2022,15,41,58,17,129,0,0
29,09,2022,15,42,06,16,129,25,7
29,09,2022,15,42,07,18,151,25,7
29,09,2022,15,42,08,18,151,0,0
29,09,2022,15,42,09,14,137,0,0
29,09,2022,15,42,16,30,162,0,0
29,09,2022,15,42,18,15,133,6,0
29,09,2022,15,42,26,15,132,26,8
29,09,2022,15,42,28,23,138,0,0
29,09,2022,15,42,36,31,156,0,0
29,09,2022,15,42,38,21,132,0,0
29,09,2022,15,42,46,20,131,24,0
29,09,2022,15,42,48,22,136,0,0
29,09,2022,15,42,49,0,133,0,0
29,09,2022,15,42,50,12,133,0,0
29,09,2022,15,42,56,29,161,0,0
29,09,2022,15,42,57,29,161,6,5
29,09,2022,15,42,58,18,129,6,5
29,09,2022,15,42,59,18,129,0,0
29,09,2022,15,43,06,18,128,18,7
29,09,2022,15,43,08,25,130,0,0
29,09,2022,15,43,16,32,154,0,0
29,09,2022,15,43,17,32,154,6,3
29,09,2022,15,43,18,17,124,6,3
29,09,2022,15,43,19,17,124,0,0
29,09,2022,15,43,26,16,123,24,6
29,09,2022,15,43,27,28,123,24,6
29,09,2022,15,43,28,28,123,4,0
29,09,2022,15,43,36,25,149,0,0
29,09,2022,15,43,37,25,149,0,5
29,09,2022,15,43,38,21,120,0,5
29,09,2022,15,43,39,21,120,0,0
29,09,2022,15,43,46,21,119,24,6
29,09,2022,15,43,47,31,134,24,6
29,09,2022,15,43,48,31,134,21,0
29,09,2022,15,43,49,13,134,21,0
29,09,2022,15,43,49,13,134,0,0
29,09,2022,15,43,56,30,154,0,0
29,09,2022,15,43,57,30,154,9,5
29,09,2022,15,43,58,19,127,9,5
29,09,2022,15,43,59,19,127,0,0
29,09,2022,15,44,07,30,141,0,0
29,09,2022,15,44,09,27,129,10,0
29,09,2022,15,44,13,13,128,0,0
29,09,2022,15,44,17,16,133,36,5
29,09,2022,15,44,19,26,124,0,0
29,09,2022,15,44,27,33,139,0,0
29,09,2022,15,44,28,33,139,26,0
29,09,2022,15,44,29,31,122,26,0
29,09,2022,15,44,32,25,122,0,0
29,09,2022,15,44,37,22,123,9,6
29,09,2022,15,44,39,23,121,0,0
29,09,2022,15,44,57,20,130,6,5
29,09,2022,15,44,58,16,130,0,0
29,09,2022,15,45,07,88,111,9,0
29,09,2022,15,45,08,88,111,250,19
29,09,2022,15,45,08,67,104,250,19
29,09,2022,15,45,09,67,104,183,18
29,09,2022,15,45,10,56,106,183,18
29,09,2022,15,45,11,56,106,150,18
29,09,2022,15,45,12,50,105,75,14
29,09,2022,15,45,13,37,96,75,14
29,09,2022,15,45,14,37,96,50,7
29,09,2022,15,45,15,35,90,10,6
29,09,2022,15,45,16,29,113,10,6
29,09,2022,15,45,17,29,113,749,59
29,09,2022,15,45,18,129,131,749,59
29,09,2022,15,45,18,129,131,732,30
29,09,2022,15,45,19,88,127,732,30
29,09,2022,15,45,21,62,121,732,31
29,09,2022,15,45,21,62,121,184,31
29,09,2022,15,45,23,60,122,150,29
29,09,2022,15,45,24,46,126,150,29
29,09,2022,15,45,25,46,126,76,30
29,09,2022,15,45,26,38,122,101,40
29,09,2022,15,45,27,126,166,101,40
29,09,2022,15,45,28,126,166,751,61
29,09,2022,15,45,28,114,140,751,61
29,09,2022,15,45,29,114,140,505,61
29,09,2022,15,45,30,74,152,505,61
29,09,2022,15,45,31,74,152,250,59
29,09,2022,15,45,32,60,153,250,59
29,09,2022,15,45,32,60,153,153,61
29,09,2022,15,45,34,55,150,119,55
29,09,2022,15,45,35,41,122,119,55
29,09,2022,15,45,35,41,122,56,31
29,09,2022,15,45,36,61,141,56,31
29,09,2022,15,45,37,61,141,750,165
29,09,2022,15,45,38,122,210,750,165
29,09,2022,15,45,38,122,210,693,61
29,09,2022,15,45,39,122,142,693,61
29,09,2022,15,45,40,122,142,352,61
29,09,2022,15,45,41,67,147,352,61
29,09,2022,15,45,41,67,147,183,59
29,09,2022,15,45,42,56,137,183,59
29,09,2022,15,45,43,56,137,151,60
29,09,2022,15,45,44,54,150,151,60
29,09,2022,15,45,45,54,150,76,60
29,09,2022,15,45,45,39,128,76,60
29,09,2022,15,45,46,39,128,102,45
29,09,2022,15,45,47,39,217,102,45
29,09,2022,15,45,48,39,217,750,164
29,09,2022,15,45,48,116,217,750,164
29,09,2022,15,45,49,116,217,504,61
29,09,2022,15,45,50,71,143,504,61
29,09,2022,15,45,51,71,143,220,60
29,09,2022,15,45,51,60,145,220,60
29,09,2022,15,45,52,60,145,180,60
29,09,2022,15,45,54,55,153,121,61
29,09,2022,15,45,55,55,153,66,30
29,09,2022,15,45,56,52,124,66,30
29,09,2022,15,45,57,52,124,66,167
29,09,2022,15,45,58,122,196,66,167
29,09,2022,15,45,58,122,196,713,59
29,09,2022,15,45,59,97,148,713,59
29,09,2022,15,46,01,69,150,713,61
29,09,2022,15,46,01,69,150,184,60
29,09,2022,15,46,02,56,144,184,60
29,09,2022,15,46,03,56,144,150,59
29,09,2022,15,46,05,55,142,75,57
29,09,2022,15,46,05,40,119,75,57
29,09,2022,15,46,06,40,119,95,68
29,09,2022,15,46,07,124,209,95,68
29,09,2022,15,46,08,124,209,749,164
29,09,2022,15,46,08,120,141,749,164
29,09,2022,15,46,09,120,141,478,60
29,09,2022,15,46,10,73,142,478,60
29,09,2022,15,46,11,73,142,250,61
29,09,2022,15,46,11,58,139,250,61
29,09,2022,15,46,12,58,139,172,59
29,09,2022,15,46,13,55,154,172,59
29,09,2022,15,46,14,55,154,143,60
29,09,2022,15,46,15,42,143,143,60
29,09,2022,15,46,15,42,143,71,31
29,09,2022,15,46,16,54,150,71,31
29,09,2022,15,46,17,54,150,750,167
29,09,2022,15,46,17,121,196,750,167
29,09,2022,15,46,18,121,196,750,60
29,09,2022,15,46,19,90,141,750,60
29,09,2022,15,46,20,90,141,313,60
29,09,2022,15,46,21,62,152,313,60
29,09,2022,15,46,21,62,152,183,61
29,09,2022,15,46,23,55,142,150,61
29,09,2022,15,46,24,50,142,75,33
29,09,2022,15,46,25,39,133,75,33
29,09,2022,15,46,27,122,199,75,31
29,09,2022,15,46,27,122,199,748,165
29,09,2022,15,46,28,121,148,748,165
29,09,2022,15,46,29,121,148,748,61
29,09,2022,15,46,30,82,140,748,61
29,09,2022,15,46,31,82,140,250,60
29,09,2022,15,46,31,58,149,250,60
29,09,2022,15,46,32,58,149,174,61
29,09,2022,15,46,33,59,138,174,61
29,09,2022,15,46,34,59,138,149,61
29,09,2022,15,46,34,43,118,149,61
29,09,2022,15,46,35,43,118,149,31
29,09,2022,15,46,37,41,119,745,162
29,09,2022,15,46,37,120,208,745,162
29,09,2022,15,46,39,97,160,745,162
29,09,2022,15,46,40,97,160,380,60
29,09,2022,15,46,41,67,141,380,60
29,09,2022,15,46,41,67,141,183,61
29,09,2022,15,46,44,56,151,183,59
29,09,2022,15,46,44,56,151,75,32
29,09,2022,15,46,45,41,134,75,32
29,09,2022,15,46,46,41,134,55,30
29,09,2022,15,46,47,120,206,55,30
29,09,2022,15,46,47,120,206,749,164
29,09,2022,15,46,48,123,137,749,164
29,09,2022,15,46,49,123,137,749,59
29,09,2022,15,46,50,87,145,749,59
29,09,2022,15,46,51,87,145,252,61
29,09,2022,15,46,51,60,161,252,61
29,09,2022,15,46,52,60,161,183,61
29,09,2022,15,46,54,55,158,150,63
29,09,2022,15,46,54,42,146,150,63
29,09,2022,15,46,55,42,146,75,30
29,09,2022,15,46,57,37,151,746,167
29,09,2022,15,46,57,120,207,746,167
29,09,2022,15,46,58,120,207,749,60
29,09,2022,15,46,59,105,157,749,60
29,09,2022,15,47,00,105,157,383,61
29,09,2022,15,47,01,67,163,383,61
29,09,2022,15,47,01,67,163,184,58
29,09,2022,15,47,03,59,166,150,61
29,09,2022,15,47,04,55,153,150,61
29,09,2022,15,47,04,55,153,75,30
29,09,2022,15,47,05,42,133,75,30
29,09,2022,15,47,06,42,133,55,31
29,09,2022,15,47,07,125,213,55,31
29,09,2022,15,47,07,125,213,750,163
29,09,2022,15,47,08,120,159,750,163
29,09,2022,15,47,09,120,159,573,61
29,09,2022,15,47,10,82,160,573,61
29,09,2022,15,47,11,82,160,250,62
29,09,2022,15,47,11,60,165,250,62
29,09,2022,15,47,12,60,165,178,60
29,09,2022,15,47,13,54,154,178,60
29,09,2022,15,47,14,54,154,150,32
29,09,2022,15,47,14,41,138,150,32
29,09,2022,15,47,15,41,138,75,30
29,09,2022,15,47,17,38,141,744,164
29,09,2022,15,47,17,120,220,744,164
29,09,2022,15,47,18,120,220,749,62
29,09,2022,15,47,19,94,157,749,62
29,09,2022,15,47,20,94,157,375,61
29,09,2022,15,47,20,94,146,375,61
29,09,2022,15,47,21,94,146,183,60
29,09,2022,15,47,22,51,163,183,60
29,09,2022,15,47,23,51,163,150,60
29,09,2022,15,47,24,54,152,150,60
29,09,2022,15,47,24,54,152,78,30
29,09,2022,15,47,25,41,153,78,30
29,09,2022,15,47,26,41,153,55,30
29,09,2022,15,47,27,119,231,55,30
29,09,2022,15,47,27,119,231,751,162
29,09,2022,15,47,28,118,143,751,162
29,09,2022,15,47,29,118,143,616,60
29,09,2022,15,47,30,80,145,616,60
29,09,2022,15,47,30,80,145,249,61
29,09,2022,15,47,31,58,166,249,61
29,09,2022,15,47,32,58,166,173,61
29,09,2022,15,47,34,53,162,151,31
29,09,2022,15,47,34,39,156,151,31
29,09,2022,15,47,35,39,156,71,30
29,09,2022,15,47,37,38,159,744,166
29,09,2022,15,47,37,119,197,744,166
29,09,2022,15,47,38,119,197,751,60
29,09,2022,15,47,39,103,157,751,60
29,09,2022,15,47,40,103,157,383,60
29,09,2022,15,47,41,67,176,383,60
29,09,2022,15,47,41,67,176,183,60
29,09,2022,15,47,42,59,160,183,60
29,09,2022,15,47,43,59,160,151,61
29,09,2022,15,47,44,55,157,75,31
29,09,2022,15,47,45,39,139,75,31
29,09,2022,15,47,46,39,139,55,31
29,09,2022,15,47,47,120,522,55,31
29,09,2022,15,47,47,120,522,750,495
29,09,2022,15,47,49,117,522,750,502
29,09,2022,15,47,50,119,447,750,502
29,09,2022,15,47,51,118,426,749,502
29,09,2022,15,47,52,118,426,749,497
29,09,2022,15,47,53,117,401,749,497
29,09,2022,15,47,56,96,376,749,498
29,09,2022,15,47,57,96,376,474,500
29,09,2022,15,47,57,72,373,474,500
29,09,2022,15,47,58,72,373,249,501
29,09,2022,15,47,59,59,373,249,501
29,09,2022,15,48,00,59,373,168,501
29,09,2022,15,48,00,53,326,168,501
29,09,2022,15,48,01,53,326,117,402
29,09,2022,15,48,02,41,299,117,402
29,09,2022,15,48,03,41,299,67,251
29,09,2022,15,48,04,37,270,67,251
29,09,2022,15,48,04,37,270,37,166
29,09,2022,15,48,05,32,253,37,166
29,09,2022,15,48,06,32,253,0,163
29,09,2022,15,48,06,36,190,0,163
29,09,2022,15,48,07,36,190,49,60
29,09,2022,15,48,09,32,188,11,59
29,09,2022,15,48,10,25,206,11,59
29,09,2022,15,48,10,25,206,0,60
29,09,2022,15,48,13,22,192,0,61
29,09,2022,15,48,14,22,192,0,30
29,09,2022,15,48,14,22,175,0,30
29,09,2022,15,48,17,23,176,57,30
29,09,2022,15,48,17,38,171,57,30
29,09,2022,15,48,18,38,171,34,29
29,09,2022,15,48,20,30,174,0,28
29,09,2022,15,48,20,15,177,0,28
29,09,2022,15,48,25,14,188,0,29
29,09,2022,15,48,26,14,188,0,18
29,09,2022,15,48,26,27,182,0,18
29,09,2022,15,48,30,27,179,30,17
29,09,2022,15,48,33,24,175,0,18
29,09,2022,15,48,34,18,162,0,18
29,09,2022,15,48,35,18,162,0,5
29,09,2022,15,48,37,18,161,55,5
29,09,2022,15,48,37,37,168,55,5
29,09,2022,15,48,38,37,168,36,4
29,09,2022,15,48,40,30,164,1,5
29,09,2022,15,48,40,19,175,1,5
29,09,2022,15,48,42,19,157,1,5
29,09,2022,15,48,46,38,162,0,5
29,09,2022,15,48,47,38,162,53,5
29,09,2022,15,48,50,36,148,53,4
29,09,2022,15,48,50,36,148,0,5
29,09,2022,15,48,51,19,140,0,5
29,09,2022,15,48,52,19,140,0,0
29,09,2022,15,48,56,18,134,64,0
29,09,2022,15,48,57,38,46,64,0
29,09,2022,15,48,58,38,46,64,5
29,09,2022,15,48,59,26,96,64,5
29,09,2022,15,49,00,26,96,7,6
29,09,2022,15,49,00,14,99,7,6
29,09,2022,15,49,06,40,99,0,6
29,09,2022,15,49,07,40,99,54,6
29,09,2022,15,49,09,36,96,22,6
29,09,2022,15,49,09,23,108,22,6
29,09,2022,15,49,12,16,115,0,5
29,09,2022,15,49,17,16,108,52,6
29,09,2022,15,49,17,38,102,52,6
29,09,2022,15,49,18,38,102,37,5
29,09,2022,15,49,20,32,103,1,6
29,09,2022,15,49,20,16,103,1,6
29,09,2022,15,49,26,16,99,0,0
29,09,2022,15,49,26,38,102,0,0
29,09,2022,15,49,27,38,102,55,7
29,09,2022,15,49,29,36,105,27,5
29,09,2022,15,49,29,24,101,27,5
29,09,2022,15,49,30,24,101,0,6
29,09,2022,15,49,31,12,102,0,6
29,09,2022,15,49,34,12,113,0,6
29,09,2022,15,49,36,12,100,0,5
29,09,2022,15,49,36,12,100,52,6
29,09,2022,15,49,37,38,112,52,6
29,09,2022,15,49,40,34,106,6,6
29,09,2022,15,49,40,20,103,6,6
29,09,2022,15,49,46,19,113,0,0
29,09,2022,15,49,46,40,120,0,0
29,09,2022,15,49,47,40,120,53,5
29,09,2022,15,49,48,34,106,53,5
29,09,2022,15,49,50,25,104,0,7
29,09,2022,15,49,56,19,91,0,5
29,09,2022,15,49,56,19,91,52,6
29,09,2022,15,49,57,41,107,52,6
29,09,2022,15,49,58,41,107,37,6
29,09,2022,15,49,59,32,104,0,6
29,09,2022,15,50,05,21,109,0,6
29,09,2022,15,50,06,21,109,0,0
29,09,2022,15,50,06,41,113,0,0
29,09,2022,15,50,07,41,113,53,5
29,09,2022,15,50,09,35,103,24,6
29,09,2022,15,50,09,15,102,24,6
29,09,2022,15,50,10,15,102,0,7
29,09,2022,15,50,16,14,86,0,5
29,09,2022,15,50,16,14,86,62,7
29,09,2022,15,50,17,40,86,62,7
29,09,2022,15,50,18,40,86,37,5
29,09,2022,15,50,19,32,97,37,5
29,09,2022,15,50,19,32,97,6,6
29,09,2022,15,50,20,21,92,6,6
29,09,2022,15,50,26,20,89,0,0
29,09,2022,15,50,26,40,96,0,0
29,09,2022,15,50,27,40,96,52,5
29,09,2022,15,50,29,33,100,24,6
29,09,2022,15,50,30,26,91,0,7
29,09,2022,15,50,36,20,86,51,6
29,09,2022,15,50,37,40,103,51,6
29,09,2022,15,50,39,28,101,45,6
29,09,2022,15,50,39,28,101,1,5
29,09,2022,15,50,40,14,94,1,5
29,09,2022,15,50,43,14,105,0,6
29,09,2022,15,50,45,14,94,0,6
29,09,2022,15,50,46,14,94,0,0
29,09,2022,15,50,46,37,103,0,0
29,09,2022,15,50,47,37,103,52,6
29,09,2022,15,50,49,36,98,23,6
29,09,2022,15,50,50,28,96,0,5
29,09,2022,15,50,52,17,103,0,7
29,09,2022,15,50,56,17,93,53,6
29,09,2022,15,50,57,39,93,53,6
29,09,2022,15,50,59,31,102,1,5
29,09,2022,15,51,00,16,102,1,5
29,09,2022,15,51,06,17,107,0,0
29,09,2022,15,51,06,32,94,0,0
29,09,2022,15,51,07,32,94,54,5
29,09,2022,15,51,08,37,108,54,5
29,09,2022,15,51,09,37,108,33,6
29,09,2022,15,51,10,37,109,0,7
29,09,2022,15,51,11,18,118,0,7
29,09,2022,15,51,14,18,106,0,5
29,09,2022,15,51,16,19,101,19,0
29,09,2022,15,51,17,40,114,19,0
29,09,2022,15,51,18,40,114,49,5
29,09,2022,15,51,19,33,115,8,6
29,09,2022,15,51,20,15,109,8,6
29,09,2022,15,51,23,14,120,0,6
29,09,2022,15,51,25,14,120,0,0
29,09,2022,15,51,26,29,96,0,0
29,09,2022,15,51,27,29,96,55,0
29,09,2022,15,51,28,36,117,55,0
29,09,2022,15,51,29,36,117,36,6
29,09,2022,15,51,31,22,103,36,5
29,09,2022,15,51,32,22,103,0,8
29,09,2022,15,51,34,21,114,0,6
29,09,2022,15,51,36,21,110,12,0
29,09,2022,15,51,37,39,105,12,0
29,09,2022,15,51,38,39,105,43,0
29,09,2022,15,51,39,36,102,9,6
29,09,2022,15,51,40,13,110,9,6
29,09,2022,15,51,45,12,98,0,6
29,09,2022,15,51,45,12,98,0,0
29,09,2022,15,51,47,17,95,55,6
29,09,2022,15,51,48,35,99,55,6
29,09,2022,15,51,49,35,99,0,6
29,09,2022,15,51,49,13,97,0,6
29,09,2022,15,51,51,13,109,0,6
29,09,2022,15,51,52,13,97,0,6
29,09,2022,15,51,55,13,83,0,6
29,09,2022,15,51,56,13,83,7,0
29,09,2022,15,51,57,39,97,7,0
29,09,2022,15,51,58,39,97,55,6
29,09,2022,15,51,59,35,102,35,6
29,09,2022,15,52,01,28,97,0,6
29,09,2022,15,52,02,17,89,0,6
29,09,2022,15,52,05,17,100,0,7
29,09,2022,15,52,05,17,100,0,0
29,09,2022,15,52,06,26,82,0,0
29,09,2022,15,52,07,26,82,55,6
29,09,2022,15,52,08,35,91,35,6
29,09,2022,15,52,10,28,95,0,6
29,09,2022,15,52,11,16,90,0,6
29,09,2022,15,52,15,17,95,0,0
29,09,2022,15,52,16,17,87,32,0
29,09,2022,15,52,17,40,98,32,0
29,09,2022,15,52,18,40,98,44,6
29,09,2022,15,52,19,33,100,10,6
29,09,2022,15,52,20,20,103,10,6
29,09,2022,15,52,25,18,97,0,0
29,09,2022,15,52,26,35,89,0,0
29,09,2022,15,52,27,35,89,56,7
29,09,2022,15,52,28,37,102,56,7
29,09,2022,15,52,29,37,102,28,6
29,09,2022,15,52,29,22,102,28,6
29,09,2022,15,52,30,22,102,0,5
29,09,2022,15,52,34,16,115,0,6
29,09,2022,15,52,35,17,92,0,6
29,09,2022,15,52,36,17,92,15,0
29,09,2022,15,52,37,40,104,15,0
29,09,2022,15,52,38,40,104,47,7
29,09,2022,15,52,39,31,106,10,6
29,09,2022,15,52,40,19,109,10,6
29,09,2022,15,52,45,18,90,0,5
29,09,2022,15,52,45,18,90,0,0
29,09,2022,15,52,47,23,87,56,6
29,09,2022,15,52,48,38,107,56,6
29,09,2022,15,52,48,38,107,36,6
29,09,2022,15,52,50,28,106,0,6
29,09,2022,15,52,56,19,99,9,0
29,09,2022,15,52,57,38,107,9,0
29,09,2022,15,52,58,38,107,44,8
29,09,2022,15,52,59,34,115,9,6
29,09,2022,15,53,00,12,116,9,6
29,09,2022,15,53,05,13,100,0,6
29,09,2022,15,53,05,13,100,0,0
29,09,2022,15,53,07,13,98,55,0
29,09,2022,15,53,08,39,116,55,0
29,09,2022,15,53,08,39,116,37,7
29,09,2022,15,53,09,29,128,37,7
29,09,2022,15,53,10,29,128,0,6
29,09,2022,15,53,11,16,120,0,6
29,09,2022,15,53,14,17,108,0,7
29,09,2022,15,53,15,16,94,0,6
29,09,2022,15,53,16,16,94,0,0
29,09,2022,15,53,17,39,109,0,0
29,09,2022,15,53,18,39,109,50,7
29,09,2022,15,53,19,34,117,17,6
29,09,2022,15,53,20,20,116,17,6
29,09,2022,15,53,21,20,116,0,6
29,09,2022,15,53,21,19,104,0,6
29,09,2022,15,53,25,19,110,0,0
29,09,2022,15,53,27,19,103,54,7
29,09,2022,15,53,28,37,110,54,7
29,09,2022,15,53,28,37,110,37,6
29,09,2022,15,53,30,29,110,0,5
29,09,2022,15,53,31,13,95,0,5
29,09,2022,15,53,34,13,106,0,6
29,09,2022,15,53,35,12,88,0,6
29,09,2022,15,53,36,12,88,0,0
29,09,2022,15,53,37,39,107,0,0
29,09,2022,15,53,38,39,107,53,5
29,09,2022,15,53,39,35,100,10,7
29,09,2022,15,53,40,17,89,10,7
29,09,2022,15,53,45,15,96,0,0
29,09,2022,15,53,47,15,93,55,6
29,09,2022,15,53,48,37,94,55,6
29,09,2022,15,53,48,37,94,36,5
29,09,2022,15,53,50,28,90,7,7
29,09,2022,15,53,55,19,76,0,6
29,09,2022,15,53,56,19,76,0,0
29,09,2022,15,53,57,19,96,0,0
29,09,2022,15,53,58,19,96,49,6
29,09,2022,15,53,58,35,93,49,6
29,09,2022,15,53,59,35,93,10,7
29,09,2022,15,54,00,17,92,10,7
29,09,2022,15,54,05,16,87,0,0
29,09,2022,15,54,07,15,83,54,6
29,09,2022,15,54,08,39,83,54,6
29,09,2022,15,54,08,39,83,37,5
29,09,2022,15,54,09,27,95,37,5
29,09,2022,15,54,10,27,95,1,7
29,09,2022,15,54,11,12,97,1,7
29,09,2022,15,54,14,12,104,0,1
29,09,2022,15,54,15,12,85,0,1
29,09,2022,15,54,17,40,101,0,0
29,09,2022,15,54,17,40,101,53,6
29,09,2022,15,54,19,33,99,10,5
29,09,2022,15,54,20,18,100,10,5
29,09,2022,15,54,25,16,102,0,0
29,09,2022,15,54,26,17,83,0,0
29,09,2022,15,54,27,17,83,55,6
29,09,2022,15,54,27,40,102,55,6
29,09,2022,15,54,28,40,102,37,6
29,09,2022,15,54,29,26,100,37,6
29,09,2022,15,54,30,26,100,7,6
29,09,2022,15,54,31,15,100,7,6
29,09,2022,15,54,32,14,111,0,7
29,09,2022,15,54,35,14,87,0,7
29,09,2022,15,54,36,14,87,0,0
29,09,2022,15,54,37,41,109,0,0
29,09,2022,15,54,37,41,109,49,6
29,09,2022,15,54,39,33,114,11,5
29,09,2022,15,54,40,22,104,11,5
29,09,2022,15,54,40,22,104,0,5
29,09,2022,15,54,45,20,111,0,0
29,09,2022,15,54,46,20,100,0,0
29,09,2022,15,54,47,20,100,55,6
29,09,2022,15,54,47,40,116,55,6
29,09,2022,15,54,48,40,116,36,5
29,09,2022,15,54,49,23,109,36,5
29,09,2022,15,54,51,16,108,0,7
29,09,2022,15,54,54,16,112,0,3
29,09,2022,15,54,57,40,102,0,3
29,09,2022,15,54,57,40,102,50,5
29,09,2022,15,54,58,33,114,50,5
29,09,2022,15,54,59,33,114,10,7
29,09,2022,15,55,00,22,109,10,7
29,09,2022,15,55,05,20,103,0,0
29,09,2022,15,55,07,20,101,0,6
29,09,2022,15,55,07,40,117,0,6
29,09,2022,15,55,08,40,117,37,5
29,09,2022,15,55,09,32,104,37,5
29,09,2022,15,55,10,32,104,1,7
29,09,2022,15,55,10,21,104,1,7
29,09,2022,15,55,14,20,110,0,0
29,09,2022,15,55,15,20,90,0,0
29,09,2022,15,55,17,20,112,0,0
29,09,2022,15,55,17,20,112,49,6
29,09,2022,15,55,18,34,108,49,6
29,09,2022,15,55,19,34,108,10,6
29,09,2022,15,55,20,20,107,10,6
29,09,2022,15,55,25,17,103,0,0
29,09,2022,15,55,26,17,86,0,0
29,09,2022,15,55,27,17,86,54,6
29,09,2022,15,55,27,39,103,54,6
29,09,2022,15,55,28,39,103,37,7
29,09,2022,15,55,29,28,98,37,7
29,09,2022,15,55,30,28,98,1,5
29,09,2022,15,55,34,20,112,0,7
29,09,2022,15,55,34,20,112,0,0
29,09,2022,15,55,35,20,89,0,0
29,09,2022,15,55,37,39,111,0,0
29,09,2022,15,55,37,39,111,54,6
29,09,2022,15,55,39,35,104,22,6
29,09,2022,15,55,40,24,96,22,6
29,09,2022,15,55,40,24,96,0,6
29,09,2022,15,55,44,15,72,0,6
29,09,2022,15,55,45,15,72,0,0
29,09,2022,15,55,47,15,68,54,6
29,09,2022,15,55,47,39,84,54,6
29,09,2022,15,55,48,39,84,38,7
29,09,2022,15,55,49,27,88,38,7
29,09,2022,15,55,50,27,88,7,6
29,09,2022,15,55,51,15,88,7,6
29,09,2022,15,55,56,15,83,0,0
29,09,2022,15,55,56,39,102,0,0
29,09,2022,15,55,57,39,102,56,5
29,09,2022,15,55,59,37,92,28,7
29,09,2022,15,56,00,17,89,28,7
29,09,2022,15,56,00,17,89,0,6
29,09,2022,15,56,01,16,103,0,6
29,09,2022,15,56,05,17,98,0,0
29,09,2022,15,56,06,17,81,0,0
29,09,2022,15,56,06,17,81,52,0
29,09,2022,15,56,07,38,100,52,0
29,09,2022,15,56,08,38,100,37,5
29,09,2022,15,56,09,26,90,37,5
29,09,2022,15,56,10,26,90,10,7
29,09,2022,15,56,12,18,108,0,6
29,09,2022,15,56,14,19,112,0,1
29,09,2022,15,56,15,19,93,0,1
29,09,2022,15,56,17,40,93,0,0
29,09,2022,15,56,17,40,93,56,7
29,09,2022,15,56,18,37,110,56,7
29,09,2022,15,56,19,37,110,27,6
29,09,2022,15,56,20,29,99,27,6
29,09,2022,15,56,20,29,99,0,5
29,09,2022,15,56,25,20,98,0,0
29,09,2022,15,56,26,21,84,0,0
29,09,2022,15,56,26,21,84,51,6
29,09,2022,15,56,27,40,94,51,6
29,09,2022,15,56,28,40,94,37,8
29,09,2022,15,56,29,29,94,37,8
29,09,2022,15,56,29,29,94,8,6
29,09,2022,15,56,30,19,113,8,6
29,09,2022,15,56,32,18,100,8,5
29,09,2022,15,56,35,18,82,0,6
29,09,2022,15,56,36,18,82,0,0
29,09,2022,15,56,36,39,102,0,0
29,09,2022,15,56,37,39,102,52,0
29,09,2022,15,56,39,33,99,21,7
29,09,2022,15,56,40,28,99,0,6
29,09,2022,15,56,45,20,94,0,0
29,09,2022,15,56,46,20,92,49,8
29,09,2022,15,56,47,41,107,49,8
29,09,2022,15,56,48,41,107,38,8
29,09,2022,15,56,49,29,115,38,8
29,09,2022,15,56,50,29,115,9,6
29,09,2022,15,56,54,20,125,0,1
29,09,2022,15,56,55,20,94,0,1
29,09,2022,15,56,56,40,115,0,0
29,09,2022,15,56,57,40,115,53,5
29,09,2022,15,56,59,27,109,53,6
29,09,2022,15,57,00,27,109,0,6
29,09,2022,15,57,05,20,103,0,0
29,09,2022,15,57,06,20,100,51,7
29,09,2022,15,57,07,40,107,51,7
29,09,2022,15,57,08,40,107,37,7
29,09,2022,15,57,09,31,113,1,5
29,09,2022,15,57,10,17,109,1,5
29,09,2022,15,57,14,17,99,0,1
29,09,2022,15,57,15,16,87,0,1
29,09,2022,15,57,16,39,108,0,0
29,09,2022,15,57,17,39,108,54,5
29,09,2022,15,57,20,28,106,54,6
29,09,2022,15,57,20,28,106,0,7
29,09,2022,15,57,24,18,84,0,5
29,09,2022,15,57,25,18,84,0,0
29,09,2022,15,57,26,19,81,52,7
29,09,2022,15,57,27,41,101,52,7
29,09,2022,15,57,28,41,101,36,7
29,09,2022,15,57,29,30,97,36,7
29,09,2022,15,57,29,30,97,5,5
29,09,2022,15,57,34,22,98,0,0
29,09,2022,15,57,35,21,84,0,0
29,09,2022,15,57,36,41,99,0,0
29,09,2022,15,57,37,41,99,53,7
29,09,2022,15,57,38,35,85,53,7
29,09,2022,15,57,39,35,85,23,7
29,09,2022,15,57,40,35,94,0,6
29,09,2022,15,57,41,18,92,0,6
29,09,2022,15,57,45,18,84,0,0
29,09,2022,15,57,46,18,82,15,0
29,09,2022,15,57,47,40,92,15,0
29,09,2022,15,57,48,40,92,48,6
29,09,2022,15,57,49,33,100,10,7
29,09,2022,15,57,50,22,96,10,7
29,09,2022,15,57,55,19,75,0,6
29,09,2022,15,57,56,19,75,0,0
29,09,2022,15,57,56,31,77,0,0
29,09,2022,15,57,57,31,77,55,6
29,09,2022,15,57,58,38,103,55,6
29,09,2022,15,57,59,38,103,36,6
29,09,2022,15,57,59,24,105,36,6
29,09,2022,15,58,00,24,105,0,6
29,09,2022,15,58,04,16,85,0,5
29,09,2022,15,58,05,16,85,0,0
29,09,2022,15,58,06,16,84,14,0
29,09,2022,15,58,07,39,94,14,0
29,09,2022,15,58,08,39,94,48,7
29,09,2022,15,58,09,32,101,9,6
29,09,2022,15,58,10,21,103,9,6
29,09,2022,15,58,16,19,97,0,0
29,09,2022,15,58,16,32,82,0,0
29,09,2022,15,58,17,32,82,55,5
29,09,2022,15,58,18,37,98,55,5
29,09,2022,15,58,19,37,98,36,6
29,09,2022,15,58,20,27,100,1,7
29,09,2022,15,58,21,15,100,1,7
29,09,2022,15,58,25,15,101,0,0
29,09,2022,15,58,27,40,109,9,0
29,09,2022,15,58,28,40,109,45,6
29,09,2022,15,58,29,35,109,10,6
29,09,2022,15,58,30,16,103,10,6
29,09,2022,15,58,34,16,101,0,0
29,09,2022,15,58,37,22,94,0,5
29,09,2022,15,58,38,37,105,0,5
29,09,2022,15,58,39,37,105,33,7
29,09,2022,15,58,40,29,105,0,6
29,09,2022,15,58,41,17,114,0,6
29,09,2022,15,58,45,17,106,0,0
29,09,2022,15,58,47,40,121,8,0
29,09,2022,15,58,48,40,121,47,6
29,09,2022,15,58,49,35,121,9,6
29,09,2022,15,58,50,19,124,9,6
29,09,2022,15,58,54,18,115,0,0
29,09,2022,15,58,57,22,114,53,6
29,09,2022,15,58,59,22,107,33,7
29,09,2022,15,59,02,18,106,0,6
29,09,2022,15,59,05,17,111,0,0
29,09,2022,15,59,06,17,110,11,0
29,09,2022,15,59,07,41,106,11,0
29,09,2022,15,59,08,41,106,42,6
29,09,2022,15,59,09,35,109,9,7
29,09,2022,15,59,10,18,113,9,7
29,09,2022,15,59,14,17,103,0,1
29,09,2022,15,59,16,31,102,0,0
29,09,2022,15,59,17,31,102,56,6
29,09,2022,15,59,18,38,113,56,6
29,09,2022,15,59,19,38,113,34,6
29,09,2022,15,59,19,24,113,34,6
29,09,2022,15,59,20,24,113,0,7
29,09,2022,15,59,24,17,82,0,6
29,09,2022,15,59,25,17,82,0,0
29,09,2022,15,59,26,17,80,18,0
29,09,2022,15,59,27,42,103,18,0
29,09,2022,15,59,28,42,103,45,6
29,09,2022,15,59,29,35,108,9,6
29,09,2022,15,59,30,19,107,9,6
29,09,2022,15,59,34,18,102,0,0
29,09,2022,15,59,35,18,85,0,0
29,09,2022,15,59,37,23,89,54,6
29,09,2022,15,59,38,23,95,34,7
29,09,2022,15,59,40,24,102,0,6
29,09,2022,15,59,42,17,87,0,6
29,09,2022,15,59,45,17,81,0,0
29,09,2022,15,59,46,17,79,18,0
29,09,2022,15,59,47,41,94,18,0
29,09,2022,15,59,48,41,94,44,6
29,09,2022,15,59,49,34,96,10,6
29,09,2022,15,59,50,15,92,10,6
29,09,2022,15,59,54,15,85,0,0
29,09,2022,15,59,57,15,88,55,6
29,09,2022,15,59,58,39,101,55,6
29,09,2022,15,59,58,39,101,34,7
29,09,2022,15,59,59,28,108,34,7
29,09,2022,16,00,00,28,108,1,7
29,09,2022,16,00,01,14,99,1,7
29,09,2022,16,00,04,14,79,0,7
29,09,2022,16,00,05,14,79,0,0
29,09,2022,16,00,07,13,95,0,0
29,09,2022,16,00,08,13,95,47,5
29,09,2022,16,00,08,34,95,47,5
29,09,2022,16,00,09,34,95,9,7
29,09,2022,16,00,10,22,94,9,7
29,09,2022,16,00,11,21,105,0,7
29,09,2022,16,00,14,21,103,0,0
29,09,2022,16,00,15,21,90,0,0
29,09,2022,16,00,17,21,89,54,6
29,09,2022,16,00,18,42,101,54,6
29,09,2022,16,00,18,42,101,37,5
29,09,2022,16,00,19,28,96,37,5
29,09,2022,16,00,20,28,96,0,7
29,09,2022,16,00,25,24,92,0,0
29,09,2022,16,00,27,40,101,0,0
29,09,2022,16,00,28,40,101,50,6
29,09,2022,16,00,29,36,101,10,6
29,09,2022,16,00,30,22,100,10,6
29,09,2022,16,00,34,14,99,0,0
29,09,2022,16,00,34,15,82,0,0
29,09,2022,16,00,37,15,82,55,5
29,09,2022,16,00,38,39,101,55,5
29,09,2022,16,00,38,39,101,38,6
29,09,2022,16,00,40,29,99,0,7
29,09,2022,16,00,41,21,117,0,7
29,09,2022,16,00,44,21,93,0,5
29,09,2022,16,00,45,21,93,0,0
29,09,2022,16,00,47,40,108,0,0
29,09,2022,16,00,48,40,108,50,7
29,09,2022,16,00,49,39,107,10,7
29,09,2022,16,00,50,19,109,10,7
29,09,2022,16,00,55,16,106,0,0
29,09,2022,16,00,57,16,105,0,6
29,09,2022,16,00,58,39,113,0,6
29,09,2022,16,00,58,39,113,36,7
29,09,2022,16,00,59,27,115,36,7
29,09,2022,16,01,00,27,115,1,7
29,09,2022,16,01,04,21,100,0,5
29,09,2022,16,01,05,21,100,0,0
29,09,2022,16,01,07,42,108,0,0
29,09,2022,16,01,08,42,108,51,6
29,09,2022,16,01,09,36,108,10,7
29,09,2022,16,01,10,36,119,10,7
29,09,2022,16,01,11,18,117,0,7
29,09,2022,16,01,14,18,116,0,0
29,09,2022,16,01,15,18,99,0,0
29,09,2022,16,01,17,18,99,55,7
29,09,2022,16,01,18,40,109,55,7
29,09,2022,16,01,19,27,115,55,7
29,09,2022,16,01,20,27,115,0,6
29,09,2022,16,01,22,21,102,0,5
29,09,2022,16,01,24,21,97,0,0
29,09,2022,16,01,27,38,110,0,0
29,09,2022,16,01,28,38,110,25,7
29,09,2022,16,01,31,20,100,25,5
29,09,2022,16,01,32,20,100,0,7
29,09,2022,16,01,34,18,99,0,0
29,09,2022,16,01,34,17,84,0,0
29,09,2022,16,01,37,17,84,24,7
29,09,2022,16,01,37,32,100,24,7
29,09,2022,16,01,41,33,110,2,6
29,09,2022,16,01,42,19,100,2,6
29,09,2022,16,01,44,19,93,0,0
29,09,2022,16,01,47,36,100,0,0
29,09,2022,16,01,47,36,100,25,6
29,09,2022,16,01,51,16,95,25,6
29,09,2022,16,01,52,16,95,0,6
29,09,2022,16,01,54,14,92,0,0
29,09,2022,16,01,56,14,79,0,0
29,09,2022,16,01,57,14,79,25,6
29,09,2022,16,01,57,32,99,25,6
29,09,2022,16,02,02,16,90,20,6
29,09,2022,16,02,03,16,90,0,0
29,09,2022,16,02,04,16,78,0,0
29,09,2022,16,02,07,34,96,0,0
29,09,2022,16,02,07,34,96,24,6
29,09,2022,16,02,12,30,94,0,6
29,09,2022,16,02,13,16,87,0,6
29,09,2022,16,02,15,16,85,0,0
29,09,2022,16,02,17,15,84,25,6
29,09,2022,16,02,17,33,98,25,6
29,09,2022,16,02,22,15,96,16,6
29,09,2022,16,02,23,15,96,0,5
29,09,2022,16,02,24,15,89,0,0
29,09,2022,16,02,27,32,105,0,0
29,09,2022,16,02,27,32,105,24,6
29,09,2022,16,02,32,32,98,0,6
29,09,2022,16,02,33,15,85,0,6
29,09,2022,16,02,34,15,85,0,0
29,09,2022,16,02,34,15,71,0,0
29,09,2022,16,02,37,15,71,24,7
29,09,2022,16,02,37,33,97,24,7
29,09,2022,16,02,42,18,102,25,6
29,09,2022,16,02,43,18,102,0,6
29,09,2022,16,02,43,18,79,0,6
29,09,2022,16,02,44,18,79,0,0
29,09,2022,16,02,47,17,106,0,0
29,09,2022,16,02,48,17,106,25,6
29,09,2022,16,02,48,33,97,25,6
29,09,2022,16,02,52,32,99,0,6
29,09,2022,16,02,53,24,110,0,6
29,09,2022,16,02,54,24,110,0,0
29,09,2022,16,02,54,23,93,0,0
29,09,2022,16,02,57,23,92,25,8
29,09,2022,16,02,57,31,111,25,8
29,09,2022,16,03,02,19,108,25,6
29,09,2022,16,03,04,16,103,0,0
29,09,2022,16,03,07,33,115,0,0
29,09,2022,16,03,07,33,115,25,7
29,09,2022,16,03,10,34,127,24,6
29,09,2022,16,03,11,27,116,25,6
29,09,2022,16,03,12,27,116,0,7
29,09,2022,16,03,14,17,105,0,7
29,09,2022,16,03,15,17,105,0,0
29,09,2022,16,03,17,17,105,23,7
29,09,2022,16,03,17,32,117,23,7
29,09,2022,16,03,20,33,103,25,7
29,09,2022,16,03,22,20,107,25,7
29,09,2022,16,03,23,20,107,0,5
29,09,2022,16,03,23,20,93,0,5
29,09,2022,16,03,24,20,93,0,0
29,09,2022,16,03,26,33,109,0,0
29,09,2022,16,03,27,33,109,25,7
29,09,2022,16,03,32,28,104,0,7
29,09,2022,16,03,33,15,95,0,7
29,09,2022,16,03,33,15,95,0,0
29,09,2022,16,03,34,15,82,0,0
29,09,2022,16,03,36,15,82,0,6
29,09,2022,16,03,37,30,96,0,6
29,09,2022,16,03,38,30,96,26,6
29,09,2022,16,03,42,14,115,25,5
29,09,2022,16,03,43,14,115,0,1
29,09,2022,16,03,43,14,90,0,1
29,09,2022,16,03,46,33,115,0,0
29,09,2022,16,03,47,33,115,25,6
29,09,2022,16,03,48,33,103,25,6
29,09,2022,16,03,51,27,91,25,6
29,09,2022,16,03,52,27,91,0,6
29,09,2022,16,03,53,17,91,0,0
29,09,2022,16,03,54,18,78,0,0
29,09,2022,16,03,56,18,78,24,8
29,09,2022,16,03,57,32,96,24,8
29,09,2022,16,04,02,15,98,25,7
29,09,2022,16,04,03,15,98,25,0
29,09,2022,16,04,03,15,81,25,0
29,09,2022,16,04,04,15,81,0,0
29,09,2022,16,04,06,30,111,0,0
29,09,2022,16,04,07,30,111,24,6
29,09,2022,16,04,08,32,96,24,6
29,09,2022,16,04,12,32,88,0,6
29,09,2022,16,04,13,15,79,0,6
29,09,2022,16,04,13,15,79,0,0
29,09,2022,16,04,16,0,76,0,0
29,09,2022,16,04,17,0,76,23,5
29,09,2022,16,04,17,35,95,23,5
29,09,2022,16,04,22,14,96,24,6
29,09,2022,16,04,23,14,96,0,1
29,09,2022,16,04,23,14,80,0,1
29,09,2022,16,04,26,30,106,0,0
29,09,2022,16,04,27,30,106,25,6
29,09,2022,16,04,31,27,94,25,5
29,09,2022,16,04,32,27,94,0,6
29,09,2022,16,04,33,27,81,0,6
29,09,2022,16,04,33,27,81,0,0
29,09,2022,16,04,37,33,105,6,0
29,09,2022,16,04,38,33,105,25,6
29,09,2022,16,04,42,20,98,25,8
29,09,2022,16,04,43,20,98,0,0
29,09,2022,16,04,43,19,87,0,0
29,09,2022,16,04,47,26,90,25,6
29,09,2022,16,04,48,32,104,25,6
29,09,2022,16,04,52,41,99,1,6
29,09,2022,16,04,52,20,96,1,6
29,09,2022,16,04,53,20,96,0,0
29,09,2022,16,04,54,19,80,0,0
29,09,2022,16,04,57,34,89,0,0
29,09,2022,16,04,58,34,89,25,7
29,09,2022,16,05,00,32,101,25,6
29,09,2022,16,05,02,22,105,0,5
29,09,2022,16,05,06,20,99,0,0
29,09,2022,16,05,07,27,102,25,6
29,09,2022,16,05,12,33,101,2,6
29,09,2022,16,05,13,18,97,2,6
29,09,2022,16,05,13,18,97,0,0
29,09,2022,16,05,17,33,115,5,0
29,09,2022,16,05,18,33,115,25,5
29,09,2022,16,05,22,20,117,24,7
29,09,2022,16,05,22,20,117,0,0
29,09,2022,16,05,23,18,96,0,0
29,09,2022,16,05,27,22,98,25,7
29,09,2022,16,05,28,33,109,25,7
29,09,2022,16,05,32,34,115,2,6
29,09,2022,16,05,33,16,109,2,6
29,09,2022,16,05,33,16,109,0,0
29,09,2022,16,05,37,33,115,2,0
29,09,2022,16,05,38,33,115,25,7
29,09,2022,16,05,42,19,109,24,5
29,09,2022,16,05,42,19,109,0,1
29,09,2022,16,05,47,20,116,25,6
29,09,2022,16,05,48,34,107,25,6
29,09,2022,16,05,52,34,104,2,6
29,09,2022,16,05,52,19,94,2,6
29,09,2022,16,05,53,19,94,0,0
29,09,2022,16,05,57,33,112,7,0
29,09,2022,16,05,58,33,112,25,0
29,09,2022,16,05,59,33,110,24,5
29,09,2022,16,06,02,14,91,24,6
29,09,2022,16,06,02,14,91,0,0
29,09,2022,16,06,08,0,89,0,0
29,09,2022,16,06,11,0,0,0,0
29,09,2022,16,14,44,0,0,22,0
29,09,2022,16,14,45,34,115,22,0
29,09,2022,16,14,46,34,115,25,5
29,09,2022,16,14,50,16,113,24,6
29,09,2022,16,14,50,16,113,0,7
29,09,2022,16,14,51,15,102,0,7
29,09,2022,16,14,52,15,102,0,0
29,09,2022,16,14,54,32,124,0,0
29,09,2022,16,14,55,32,124,25,7
29,09,2022,16,14,56,32,106,25,7
29,09,2022,16,15,00,30,103,0,5
29,09,2022,16,15,00,18,81,0,5
29,09,2022,16,15,01,18,81,0,0
29,09,2022,16,15,04,19,80,24,8
29,09,2022,16,15,05,36,102,24,8
29,09,2022,16,15,06,36,102,24,5
29,09,2022,16,15,10,18,115,25,7
29,09,2022,16,15,10,18,115,0,0
29,09,2022,16,15,11,17,94,0,0
29,09,2022,16,15,14,33,110,0,0
29,09,2022,16,15,15,33,110,0,7
29,09,2022,16,15,17,32,110,26,6
29,09,2022,16,15,17,34,93,26,6
29,09,2022,16,15,20,33,92,0,0
29,09,2022,16,15,20,19,74,0,0
29,09,2022,16,15,24,19,73,23,7
29,09,2022,16,15,25,35,93,23,7
29,09,2022,16,15,30,23,84,14,7
29,09,2022,16,15,30,23,84,0,0
29,09,2022,16,15,34,33,107,0,0
29,09,2022,16,15,35,33,107,26,7
29,09,2022,16,15,36,33,94,26,7
29,09,2022,16,15,40,34,93,1,0
29,09,2022,16,15,40,18,85,1,0
29,09,2022,16,15,44,18,85,23,7
29,09,2022,16,15,45,33,105,23,7
29,09,2022,16,15,50,16,86,24,7
29,09,2022,16,15,50,16,86,0,0
29,09,2022,16,15,55,22,88,0,6
29,09,2022,16,15,56,36,101,0,6
29,09,2022,16,15,57,36,101,26,7
29,09,2022,16,16,00,36,109,26,1
29,09,2022,16,16,00,16,93,26,1
29,09,2022,16,16,01,16,93,0,0
29,09,2022,16,16,05,32,113,4,0
29,09,2022,16,16,06,32,113,25,5
29,09,2022,16,16,08,33,95,24,7
29,09,2022,16,16,10,22,102,25,7
29,09,2022,16,16,10,22,102,25,0
29,09,2022,16,16,12,21,93,0,0
29,09,2022,16,16,14,39,94,0,0
29,09,2022,16,16,15,39,94,749,6
29,09,2022,16,16,16,126,103,749,6
29,09,2022,16,16,20,122,107,748,1
29,09,2022,16,16,20,123,92,748,1
29,09,2022,16,16,25,123,108,749,0
29,09,2022,16,16,26,123,108,749,6
29,09,2022,16,16,30,119,111,749,0
29,09,2022,16,16,31,117,88,749,0
29,09,2022,16,16,35,116,91,749,5
29,09,2022,16,16,36,118,114,749,5
29,09,2022,16,16,40,115,122,749,1
29,09,2022,16,16,40,118,97,749,1
29,09,2022,16,16,45,116,117,749,0
29,09,2022,16,16,46,116,117,749,7
29,09,2022,16,16,50,115,106,749,5
29,09,2022,16,16,50,115,106,748,0
29,09,2022,16,16,55,121,108,750,6
29,09,2022,16,16,57,116,129,748,7
29,09,2022,16,17,00,115,123,750,1
29,09,2022,16,17,00,115,98,750,1
29,09,2022,16,17,05,112,124,749,0
29,09,2022,16,17,06,112,124,749,5
29,09,2022,16,17,08,112,106,749,6
29,09,2022,16,17,10,114,107,749,0
29,09,2022,16,17,15,113,114,749,6
29,09,2022,16,17,19,115,103,748,5
29,09,2022,16,17,19,115,103,748,1
29,09,2022,16,17,26,111,110,749,6
29,09,2022,16,17,29,111,109,91,1
29,09,2022,16,17,29,9,87,91,1
29,09,2022,16,17,30,9,87,0,0
29,09,2022,16,18,19,9,0,0,0
29,09,2022,16,27,32,18,3,748,7
29,09,2022,16,27,33,127,117,748,7
29,09,2022,16,27,38,118,111,749,0
29,09,2022,16,27,39,119,97,749,0
29,09,2022,16,27,43,119,107,748,7
29,09,2022,16,27,47,117,98,749,0
29,09,2022,16,27,52,116,94,748,7
29,09,2022,16,27,54,115,107,749,7
29,09,2022,16,27,57,115,102,749,0
29,09,2022,16,28,03,114,112,750,6
29,09,2022,16,28,05,114,95,750,6
29,09,2022,16,28,07,113,88,749,0
29,09,2022,16,28,12,113,85,749,6
29,09,2022,16,28,13,112,98,749,6
29,09,2022,16,28,14,91,94,749,5
29,09,2022,16,28,15,91,94,385,7
29,09,2022,16,28,16,64,89,385,7
29,09,2022,16,28,17,64,89,224,0
29,09,2022,16,28,18,60,81,151,0
29,09,2022,16,28,20,51,80,76,0
29,09,2022,16,28,20,40,80,76,0
29,09,2022,16,28,21,40,80,55,0
29,09,2022,16,28,22,35,96,55,0
29,09,2022,16,28,23,35,96,50,5
29,09,2022,16,28,26,35,88,9,7
29,09,2022,16,28,27,20,78,9,7
29,09,2022,16,28,27,20,78,0,0
29,09,2022,16,28,32,19,76,54,6
29,09,2022,16,28,33,38,100,54,6
29,09,2022,16,28,34,38,100,37,6
29,09,2022,16,28,34,25,99,37,6
29,09,2022,16,28,35,25,99,9,6
29,09,2022,16,28,37,17,107,0,0
29,09,2022,16,28,37,17,87,0,0
29,09,2022,16,28,42,41,101,0,0
29,09,2022,16,28,43,41,101,53,6
29,09,2022,16,28,44,35,102,10,6
29,09,2022,16,28,47,19,80,0,5
29,09,2022,16,28,47,19,80,0,0
29,09,2022,16,28,52,19,80,55,6
29,09,2022,16,28,53,40,99,55,6
29,09,2022,16,28,54,40,99,36,6
29,09,2022,16,28,54,25,106,36,6
29,09,2022,16,28,55,25,106,1,6
29,09,2022,16,28,57,19,110,0,0
29,09,2022,16,28,57,18,92,0,0
29,09,2022,16,29,02,41,114,0,0
29,09,2022,16,29,03,41,114,54,7
29,09,2022,16,29,04,34,111,10,7
29,09,2022,16,29,05,20,106,10,7
29,09,2022,16,29,06,20,106,0,4
29,09,2022,16,29,07,18,94,0,4
29,09,2022,16,29,07,18,94,0,0
29,09,2022,16,29,12,18,93,54,7
29,09,2022,16,29,13,41,100,54,7
29,09,2022,16,29,13,41,100,38,6
29,09,2022,16,29,14,28,102,38,6
29,09,2022,16,29,16,16,95,38,5
29,09,2022,16,29,17,16,95,0,0
29,09,2022,16,29,17,16,79,0,0
29,09,2022,16,29,22,40,109,0,0
29,09,2022,16,29,23,40,109,0,7
29,09,2022,16,29,25,23,101,10,5
29,09,2022,16,29,27,20,94,0,0
29,09,2022,16,29,32,20,93,56,0
29,09,2022,16,29,33,40,107,56,0
29,09,2022,16,29,33,40,107,35,5
29,09,2022,16,29,34,26,101,35,5
29,09,2022,16,29,35,26,101,0,7
29,09,2022,16,29,37,19,107,0,0
29,09,2022,16,29,37,18,89,0,0
29,09,2022,16,29,42,40,112,0,0
29,09,2022,16,29,43,40,112,49,6
29,09,2022,16,29,44,35,120,9,5
29,09,2022,16,29,45,19,108,9,5
29,09,2022,16,29,47,17,101,0,0
29,09,2022,16,29,52,18,100,54,6
29,09,2022,16,29,53,40,121,54,6
29,09,2022,16,29,53,40,121,37,6
29,09,2022,16,29,54,29,118,37,6
29,09,2022,16,29,55,29,118,6,5
29,09,2022,16,29,57,22,108,0,0
29,09,2022,16,30,02,41,129,0,0
29,09,2022,16,30,03,41,129,54,6
29,09,2022,16,30,04,38,122,28,7
29,09,2022,16,30,05,20,130,28,7
29,09,2022,16,30,06,17,114,28,5
29,09,2022,16,30,07,17,114,0,0
29,09,2022,16,30,10,0,113,0,0
29,09,2022,16,30,11,17,113,0,0
29,09,2022,16,30,12,17,113,743,491
29,09,2022,16,30,13,121,294,743,491
29,09,2022,16,30,13,121,294,749,499
29,09,2022,16,30,17,118,294,749,337
29,09,2022,16,30,17,117,260,749,337
29,09,2022,16,30,18,117,260,749,252
29,09,2022,16,30,19,116,212,749,252
29,09,2022,16,30,20,116,212,749,166
29,09,2022,16,30,20,116,198,749,166
29,09,2022,16,30,21,116,198,750,71
29,09,2022,16,30,23,115,134,749,71
29,09,2022,16,30,24,115,134,748,29
29,09,2022,16,30,28,116,146,749,30
29,09,2022,16,30,32,115,146,750,1
29,09,2022,16,30,33,114,64,750,1
29,09,2022,16,30,34,113,247,749,0
29,09,2022,16,30,35,113,247,748,4
29,09,2022,16,30,36,115,195,748,4
29,09,2022,16,30,36,115,195,696,0
29,09,2022,16,30,37,78,193,696,0
29,09,2022,16,30,38,78,193,253,0
29,09,2022,16,30,39,64,192,253,0
29,09,2022,16,30,40,64,192,183,0
29,09,2022,16,30,41,54,191,149,0
29,09,2022,16,30,42,54,213,149,0
29,09,2022,16,30,43,54,213,454,17
29,09,2022,16,30,43,65,284,454,17
29,09,2022,16,30,46,58,292,150,17
29,09,2022,16,30,47,58,282,122,17
29,09,2022,16,30,48,39,285,122,17
29,09,2022,16,30,49,39,285,54,17
29,09,2022,16,30,49,37,274,54,17
29,09,2022,16,30,52,32,270,451,28
29,09,2022,16,30,53,32,258,451,28
29,09,2022,16,30,53,32,258,249,29
29,09,2022,16,30,55,32,264,182,30
29,09,2022,16,30,56,52,257,182,30
29,09,2022,16,30,56,52,257,149,30
29,09,2022,16,30,58,42,255,74,18
29,09,2022,16,30,59,38,267,74,18
29,09,2022,16,30,59,38,267,48,17
29,09,2022,16,31,00,32,280,48,17
29,09,2022,16,31,01,32,280,8,14
29,09,2022,16,31,02,94,285,8,14
29,09,2022,16,31,03,94,285,375,29
29,09,2022,16,31,03,64,295,375,29
29,09,2022,16,31,04,64,295,182,29
29,09,2022,16,31,06,64,291,150,29
29,09,2022,16,31,06,53,282,150,29
29,09,2022,16,31,07,53,282,74,29
29,09,2022,16,31,08,39,279,74,29
29,09,2022,16,31,09,39,279,55,30
29,09,2022,16,31,09,37,265,55,30
29,09,2022,16,31,10,37,265,33,26
29,09,2022,16,31,12,28,260,458,30
29,09,2022,16,31,12,80,276,458,30
29,09,2022,16,31,13,80,276,249,30
29,09,2022,16,31,14,56,266,249,30
29,09,2022,16,31,15,56,266,184,29
29,09,2022,16,31,16,53,265,149,29
29,09,2022,16,31,18,44,272,75,30
29,09,2022,16,31,19,39,280,46,29
29,09,2022,16,31,22,94,281,46,29
29,09,2022,16,31,23,94,281,374,30
29,09,2022,16,31,23,66,283,374,30
29,09,2022,16,31,24,66,283,182,30
29,09,2022,16,31,25,59,281,149,28
29,09,2022,16,31,27,54,272,78,30
29,09,2022,16,31,28,41,256,78,30
29,09,2022,16,31,29,41,256,54,30
29,09,2022,16,31,30,38,252,34,29
29,09,2022,16,31,31,27,259,34,29
29,09,2022,16,31,32,27,259,472,56
29,09,2022,16,31,32,86,244,472,56
29,09,2022,16,31,33,86,244,249,30
29,09,2022,16,31,34,55,256,249,30
29,09,2022,16,31,35,55,256,181,30
29,09,2022,16,31,36,55,267,181,30
29,09,2022,16,31,36,55,267,149,30
29,09,2022,16,31,37,41,259,149,30
29,09,2022,16,31,38,41,259,74,28
29,09,2022,16,31,39,38,260,46,29
29,09,2022,16,31,41,34,270,8,31
29,09,2022,16,31,42,94,288,8,31
29,09,2022,16,31,42,94,288,350,58
29,09,2022,16,31,43,65,245,350,58
29,09,2022,16,31,44,65,245,186,29
29,09,2022,16,31,46,54,248,186,30
29,09,2022,16,31,47,54,248,81,30
29,09,2022,16,31,48,40,253,81,30
29,09,2022,16,31,49,40,253,55,29
29,09,2022,16,31,50,37,254,35,28
29,09,2022,16,31,51,24,255,35,28
29,09,2022,16,31,52,24,255,468,57
29,09,2022,16,31,52,81,279,468,57
29,09,2022,16,31,53,81,279,249,32
29,09,2022,16,31,54,60,259,249,32
29,09,2022,16,31,55,60,259,181,30
29,09,2022,16,31,56,54,264,149,30
29,09,2022,16,31,57,43,259,149,30
29,09,2022,16,31,58,43,259,75,30
29,09,2022,16,31,59,42,259,47,29
29,09,2022,16,32,00,34,241,47,29
29,09,2022,16,32,01,34,241,8,29
29,09,2022,16,32,02,96,259,8,29
29,09,2022,16,32,02,96,259,377,60
29,09,2022,16,32,04,96,252,182,29
29,09,2022,16,32,05,56,240,182,29
29,09,2022,16,32,05,56,240,149,30
29,09,2022,16,32,07,54,239,74,28
29,09,2022,16,32,08,43,246,74,28
29,09,2022,16,32,09,43,246,54,29
29,09,2022,16,32,10,35,254,27,30
29,09,2022,16,32,12,25,262,475,58
29,09,2022,16,32,12,82,268,475,58
29,09,2022,16,32,13,82,268,249,56
29,09,2022,16,32,14,82,240,249,56
29,09,2022,16,32,15,82,240,182,29
29,09,2022,16,32,16,56,235,182,29
29,09,2022,16,32,16,56,235,149,30
29,09,2022,16,32,18,56,235,74,30
29,09,2022,16,32,19,37,230,74,30
29,09,2022,16,32,19,37,230,44,29
29,09,2022,16,32,21,33,233,6,27
29,09,2022,16,32,22,95,233,6,27
29,09,2022,16,32,22,95,233,375,59
29,09,2022,16,32,23,67,261,375,59
29,09,2022,16,32,24,67,261,184,29
29,09,2022,16,32,25,56,239,184,29
29,09,2022,16,32,25,56,239,148,29
29,09,2022,16,32,26,53,253,148,29
29,09,2022,16,32,27,53,253,75,28
29,09,2022,16,32,28,40,238,75,28
29,09,2022,16,32,29,40,238,53,28
29,09,2022,16,32,30,39,238,27,28
29,09,2022,16,32,31,19,229,27,28
29,09,2022,16,32,32,19,229,14,37
29,09,2022,16,32,32,81,245,14,37
29,09,2022,16,32,33,81,245,253,60
29,09,2022,16,32,34,61,222,253,60
29,09,2022,16,32,35,61,222,181,28
29,09,2022,16,32,36,54,232,149,30
29,09,2022,16,32,37,39,228,149,30
29,09,2022,16,32,38,39,228,74,29
29,09,2022,16,32,39,35,232,52,29
29,09,2022,16,32,41,35,237,23,27
29,09,2022,16,32,42,19,252,23,27
29,09,2022,16,32,42,19,252,380,60
29,09,2022,16,32,43,66,256,380,60
29,09,2022,16,32,44,66,256,184,29
29,09,2022,16,32,45,57,218,184,29
29,09,2022,16,32,45,57,218,151,30
29,09,2022,16,32,47,52,214,78,29
29,09,2022,16,32,49,42,215,67,29
29,09,2022,16,32,50,34,225,36,28
29,09,2022,16,32,52,27,224,12,40
29,09,2022,16,32,52,80,248,12,40
29,09,2022,16,32,53,80,248,249,59
29,09,2022,16,32,54,61,231,249,59
29,09,2022,16,32,55,61,231,182,29
29,09,2022,16,32,56,52,233,149,29
29,09,2022,16,32,58,43,230,74,30
29,09,2022,16,32,59,35,230,51,29
29,09,2022,16,33,00,30,219,51,29
29,09,2022,16,33,01,30,219,10,30
29,09,2022,16,33,01,47,230,10,30
29,09,2022,16,33,02,47,230,258,59
29,09,2022,16,33,03,59,227,258,59
29,09,2022,16,33,04,59,227,182,30
29,09,2022,16,33,05,57,225,149,29
29,09,2022,16,33,06,45,225,149,29
29,09,2022,16,33,07,45,225,73,29
29,09,2022,16,33,09,32,217,73,28
29,09,2022,16,33,10,32,217,20,30
29,09,2022,16,33,11,32,214,0,29
29,09,2022,16,33,12,25,226,0,29
29,09,2022,16,33,15,19,215,9,30
29,09,2022,16,33,16,19,215,0,16
29,09,2022,16,33,21,22,204,0,17
29,09,2022,16,33,25,15,199,0,5
29,09,2022,16,33,32,28,198,3,5
29,09,2022,16,33,34,16,200,7,5
29,09,2022,16,33,38,16,211,0,6
29,09,2022,16,33,43,27,198,9,6
29,09,2022,16,38,08,0,0,0,0
29,09,2022,16,38,13,2,0,143,23
29,09,2022,16,38,13,54,118,143,23
29,09,2022,16,38,14,54,118,76,30
29,09,2022,16,38,15,42,115,76,30
29,09,2022,16,38,16,42,115,53,30
29,09,2022,16,38,17,37,109,0,17
29,09,2022,16,38,19,21,104,7,19
29,09,2022,16,38,23,38,102,0,17
29,09,2022,16,38,23,38,102,48,19
29,09,2022,16,38,25,40,104,6,19
29,09,2022,16,38,26,23,119,6,19
29,09,2022,16,38,29,22,104,0,17
29,09,2022,16,38,30,23,121,0,18
29,09,2022,16,38,33,22,125,22,6
29,09,2022,16,38,34,30,119,1,7
29,09,2022,16,38,35,14,129,1,7
29,09,2022,16,38,42,26,117,0,5
29,09,2022,16,38,44,16,106,8,7
29,09,2022,16,38,46,14,118,0,7
29,09,2022,16,38,53,25,121,9,8
29,09,2022,16,38,55,17,120,9,0
29,09,2022,16,39,03,28,126,0,0
29,09,2022,16,39,03,28,126,7,7
29,09,2022,16,39,06,17,100,0,6
29,09,2022,16,39,06,17,100,0,0
29,09,2022,16,39,12,16,98,9,8
29,09,2022,16,39,13,28,119,9,8
29,09,2022,16,39,14,28,119,9,5
29,09,2022,16,39,15,29,105,9,5
29,09,2022,16,39,16,29,105,0,0
29,09,2022,16,39,16,16,97,0,0
29,09,2022,16,39,22,26,118,0,0
29,09,2022,16,39,23,26,118,10,7
29,09,2022,16,39,24,14,124,10,7
29,09,2022,16,39,26,12,100,0,5
29,09,2022,16,39,26,12,100,0,0
29,09,2022,16,39,29,0,99,0,0
29,09,2022,16,39,30,12,100,0,0
29,09,2022,16,39,32,12,100,0,9
29,09,2022,16,39,33,12,112,0,9
29,09,2022,16,39,35,12,103,0,0
29,09,2022,16,39,43,19,105,9,6
29,09,2022,16,39,46,18,104,0,0
29,09,2022,16,39,52,19,102,9,10
29,09,2022,16,39,53,33,108,9,10
29,09,2022,16,39,54,33,108,9,7
29,09,2022,16,39,56,32,118,10,0
29,09,2022,16,39,56,30,106,10,0
29,09,2022,16,40,02,27,133,9,0
29,09,2022,16,40,03,27,133,6,5
29,09,2022,16,40,04,16,111,6,5
29,09,2022,16,40,12,13,96,0,7
29,09,2022,16,40,12,13,96,12,2
29,09,2022,16,40,13,13,39,12,2
29,09,2022,16,40,14,13,39,43,1
29,09,2022,16,40,15,29,186,43,1
29,09,2022,16,40,15,29,186,9,6
29,09,2022,16,40,16,17,176,9,6
29,09,2022,16,40,18,16,197,0,6
29,09,2022,16,40,19,16,216,0,5
29,09,2022,16,40,20,16,216,0,0
29,09,2022,16,40,21,16,201,0,0
29,09,2022,16,40,25,20,199,0,6
29,09,2022,16,40,25,18,70,0,6
29,09,2022,16,40,28,17,64,0,0
29,09,2022,16,40,33,30,83,6,0
29,09,2022,16,40,34,30,83,10,6
29,09,2022,16,40,35,20,91,0,1
29,09,2022,16,40,38,19,80,0,0
29,09,2022,16,40,43,19,86,0,6
29,09,2022,16,40,44,19,111,0,6
29,09,2022,16,40,45,19,97,0,5
29,09,2022,16,40,46,19,97,0,0
29,09,2022,16,40,54,28,107,9,6
29,09,2022,16,40,55,18,110,0,0
29,09,2022,16,40,56,16,93,0,0
29,09,2022,16,41,03,19,93,9,5
29,09,2022,16,41,04,11,104,9,5
29,09,2022,16,41,05,12,82,0,6
29,09,2022,16,41,06,12,82,0,0
29,09,2022,16,41,13,25,81,0,0
29,09,2022,16,41,14,25,81,10,6
29,09,2022,16,41,15,26,106,10,6
29,09,2022,16,41,15,26,106,0,0
29,09,2022,16,41,16,26,86,0,0
29,09,2022,16,41,23,20,92,9,7
29,09,2022,16,41,26,15,88,0,0
29,09,2022,16,41,33,13,107,0,0
29,09,2022,16,41,34,13,107,0,6
29,09,2022,16,41,35,14,92,0,6
29,09,2022,16,41,35,14,92,0,0
29,09,2022,16,41,36,14,78,0,0
29,09,2022,16,41,42,26,84,0,0
29,09,2022,16,41,43,26,84,30,0
29,09,2022,16,41,44,34,98,30,0
29,09,2022,16,41,44,34,98,36,6
29,09,2022,16,41,45,37,77,36,6
29,09,2022,16,41,46,37,77,20,0
29,09,2022,16,41,47,25,75,20,0
29,09,2022,16,41,48,25,75,0,0
29,09,2022,16,41,53,25,106,0,0
29,09,2022,16,41,54,25,106,7,5
29,09,2022,16,41,55,15,101,0,0
29,09,2022,16,41,56,15,84,0,0
29,09,2022,16,42,02,26,87,0,0
29,09,2022,16,42,03,26,87,54,6
29,09,2022,16,42,04,36,100,54,6
29,09,2022,16,42,05,36,100,24,6
29,09,2022,16,42,05,27,83,24,6
29,09,2022,16,42,06,27,83,0,0
29,09,2022,16,42,13,23,103,9,0
29,09,2022,16,42,14,23,103,9,5
29,09,2022,16,42,15,15,105,0,0
29,09,2022,16,42,23,24,97,9,7
29,09,2022,16,42,24,28,116,9,7
29,09,2022,16,42,25,17,89,0,6
29,09,2022,16,42,26,17,89,0,0
29,09,2022,16,42,34,27,98,0,7
29,09,2022,16,42,34,14,97,0,7
29,09,2022,16,42,35,14,97,0,1
29,09,2022,16,42,43,14,90,10,6
29,09,2022,16,42,44,24,106,10,6
29,09,2022,16,42,46,28,107,9,0
29,09,2022,16,42,47,29,91,9,0
29,09,2022,16,42,50,18,90,0,0
29,09,2022,16,42,53,36,114,0,0
29,09,2022,16,42,54,36,114,8,7
29,09,2022,16,42,54,18,117,8,7
29,09,2022,16,42,55,18,117,0,0
29,09,2022,16,42,56,15,93,0,0
29,09,2022,16,43,03,15,92,20,5
29,09,2022,16,43,04,17,112,20,5
29,09,2022,16,43,04,17,112,0,7
29,09,2022,16,43,06,15,104,0,0
29,09,2022,16,43,13,28,126,0,0
29,09,2022,16,43,14,28,126,9,6
29,09,2022,16,43,14,13,128,9,6
29,09,2022,16,43,15,13,128,0,0
29,09,2022,16,43,16,12,112,0,0
29,09,2022,16,43,23,12,111,9,5
29,09,2022,16,43,25,28,123,9,6
29,09,2022,16,43,25,25,109,9,6
29,09,2022,16,43,26,25,109,9,0
29,09,2022,16,43,28,13,106,0,0
29,09,2022,16,43,33,26,130,0,0
29,09,2022,16,43,33,26,130,8,6
29,09,2022,16,43,35,19,126,0,3
29,09,2022,16,43,37,19,123,0,0
29,09,2022,16,43,43,17,122,22,6
29,09,2022,16,43,43,30,120,22,6
29,09,2022,16,43,46,20,123,0,0
29,09,2022,16,43,54,27,131,1,6
29,09,2022,16,43,54,17,115,1,6
29,09,2022,16,43,55,17,115,0,0
29,09,2022,16,43,56,17,104,0,0
29,09,2022,16,44,03,16,104,9,7
29,09,2022,16,44,03,24,122,9,7
29,09,2022,16,44,04,24,122,31,6
29,09,2022,16,44,05,42,103,31,6
29,09,2022,16,44,06,42,103,45,6
29,09,2022,16,44,07,33,101,0,0
29,09,2022,16,44,08,20,100,0,0
29,09,2022,16,44,10,20,0,0,0
29,09,2022,16,44,11,19,100,0,0
29,09,2022,16,44,13,32,116,0,0
29,09,2022,16,44,14,32,116,40,7
29,09,2022,16,44,15,41,114,33,1
29,09,2022,16,44,16,29,100,33,1
29,09,2022,16,44,17,29,100,0,0
29,09,2022,16,44,20,18,100,0,0
29,09,2022,16,44,23,18,100,19,6
29,09,2022,16,44,23,24,116,19,6
29,09,2022,16,44,24,24,116,0,6
29,09,2022,16,44,25,18,102,0,6
29,09,2022,16,44,26,18,102,0,0
29,09,2022,16,44,33,25,115,0,0
29,09,2022,16,44,33,25,115,10,6
29,09,2022,16,44,35,25,110,0,0
29,09,2022,16,44,36,14,109,0,0
29,09,2022,16,44,43,14,108,8,7
29,09,2022,16,44,43,17,123,8,7
29,09,2022,16,44,46,15,121,0,0
29,09,2022,16,44,47,14,107,0,0
29,09,2022,16,44,53,24,125,0,0
29,09,2022,16,44,53,24,125,9,6
29,09,2022,16,44,54,16,114,9,6
29,09,2022,16,44,56,16,101,0,6
29,09,2022,16,44,57,16,101,0,0
29,09,2022,16,45,03,15,100,9,7
29,09,2022,16,45,03,26,119,9,7
29,09,2022,16,45,05,12,122,0,5
29,09,2022,16,45,06,12,122,0,0
29,09,2022,16,45,06,12,102,0,0
29,09,2022,16,45,13,24,131,0,0
29,09,2022,16,45,13,24,131,9,6
29,09,2022,16,45,16,20,103,0,6
29,09,2022,16,45,16,20,103,0,0
29,09,2022,16,45,23,19,102,35,8
29,09,2022,16,45,23,19,120,35,8
29,09,2022,16,45,24,19,120,50,5
29,09,2022,16,45,25,34,105,50,5
29,09,2022,16,45,26,34,105,9,0
29,09,2022,16,45,26,20,90,9,0
29,09,2022,16,45,33,39,88,0,0
29,09,2022,16,45,33,39,88,48,7
29,09,2022,16,45,34,34,118,48,7
29,09,2022,16,45,35,34,118,10,1
29,09,2022,16,45,36,24,88,10,1
29,09,2022,16,45,43,15,87,25,7
29,09,2022,16,45,43,22,118,25,7
29,09,2022,16,45,44,22,118,0,5
29,09,2022,16,45,46,14,112,0,0
29,09,2022,16,45,46,14,98,0,0
29,09,2022,16,45,52,27,127,0,0
29,09,2022,16,45,53,27,127,9,6
29,09,2022,16,45,56,17,102,0,7
29,09,2022,16,45,56,17,102,0,0
29,09,2022,16,46,02,17,100,8,7
29,09,2022,16,46,03,17,111,8,7
29,09,2022,16,46,05,23,97,9,7
29,09,2022,16,46,06,23,97,0,0
29,09,2022,16,46,06,11,95,0,0
29,09,2022,16,46,13,25,123,0,0
29,09,2022,16,46,13,25,123,0,7
29,09,2022,16,46,15,19,85,0,5
29,09,2022,16,46,16,19,85,0,0
29,09,2022,16,46,22,19,84,51,8
29,09,2022,16,46,23,19,97,51,8
29,09,2022,16,46,24,19,97,37,7
29,09,2022,16,46,25,28,87,1,0
29,09,2022,16,46,26,16,85,1,0
29,09,2022,16,46,32,23,117,0,0
29,09,2022,16,46,33,23,117,10,7
29,09,2022,16,46,35,15,93,0,5
29,09,2022,16,46,36,15,93,0,0
29,09,2022,16,46,42,14,92,50,10
29,09,2022,16,46,43,39,108,50,10
29,09,2022,16,46,44,39,108,50,6
29,09,2022,16,46,45,28,101,50,6
29,09,2022,16,46,45,28,101,0,0
29,09,2022,16,46,46,14,101,0,0
29,09,2022,16,46,48,14,89,0,0
29,09,2022,16,46,52,30,113,0,0
29,09,2022,16,46,53,30,113,7,7
29,09,2022,16,46,54,16,111,7,7
29,09,2022,16,46,56,14,82,0,6
29,09,2022,16,46,56,14,82,0,0
29,09,2022,16,47,03,27,110,1,0
29,09,2022,16,47,04,27,110,1,5
29,09,2022,16,47,05,17,103,0,0
29,09,2022,16,47,06,17,91,0,0
29,09,2022,16,47,13,19,93,9,6
29,09,2022,16,47,16,17,92,0,0
29,09,2022,16,47,33,18,86,9,7
29,09,2022,16,47,36,15,88,0,0
29,09,2022,16,47,43,22,109,2,0
29,09,2022,16,47,44,22,109,0,6
29,09,2022,16,47,45,13,111,0,0
29,09,2022,16,47,46,12,91,0,0
29,09,2022,16,47,52,24,93,0,0
29,09,2022,16,47,53,24,93,27,6
29,09,2022,16,47,54,35,100,27,6
29,09,2022,16,47,55,35,100,51,7
29,09,2022,16,47,55,35,86,51,7
29,09,2022,16,47,56,35,86,10,0
29,09,2022,16,47,57,18,85,10,0
29,09,2022,16,48,03,26,106,0,0
29,09,2022,16,48,04,26,106,1,5
29,09,2022,16,48,05,19,98,0,0
29,09,2022,16,48,06,18,81,0,0
29,09,2022,16,48,13,21,89,54,6
29,09,2022,16,48,14,35,109,54,6
29,09,2022,16,48,15,35,109,22,5
29,09,2022,16,48,15,26,87,22,5
29,09,2022,16,48,16,26,87,0,5
29,09,2022,16,48,17,14,86,0,5
29,09,2022,16,48,18,14,86,0,0
29,09,2022,16,48,23,14,102,2,0
29,09,2022,16,48,24,14,102,27,5
29,09,2022,16,48,25,29,108,27,5
29,09,2022,16,48,25,29,108,9,1
29,09,2022,16,48,26,17,95,9,1
29,09,2022,16,48,33,16,97,36,6
29,09,2022,16,48,35,23,97,0,6
29,09,2022,16,48,36,15,105,0,0
29,09,2022,16,48,43,40,116,7,0
29,09,2022,16,48,44,40,116,44,7
29,09,2022,16,48,45,29,113,44,7
29,09,2022,16,48,45,29,113,0,0
29,09,2022,16,48,46,10,106,0,0
29,09,2022,16,48,52,24,110,0,0
29,09,2022,16,48,53,24,110,53,6
29,09,2022,16,48,54,33,121,53,6
29,09,2022,16,48,55,33,121,9,5
29,09,2022,16,48,55,17,95,9,5
29,09,2022,16,48,56,17,95,0,0
29,09,2022,16,49,03,26,117,8,0
29,09,2022,16,49,04,26,117,0,5
29,09,2022,16,49,06,17,103,0,5
29,09,2022,16,49,07,17,103,0,0
29,09,2022,16,49,09,0,103,0,0
29,09,2022,16,49,11,17,103,0,0
29,09,2022,16,49,13,17,103,9,6
29,09,2022,16,49,14,17,116,9,6
29,09,2022,16,49,16,14,111,0,0
29,09,2022,16,49,23,29,127,0,0
29,09,2022,16,49,24,14,119,9,0
29,09,2022,16,49,26,14,99,0,0
29,09,2022,16,49,33,14,99,0,6
29,09,2022,16,49,34,27,99,0,6
29,09,2022,16,49,35,16,108,0,8
29,09,2022,16,49,36,16,108,0,0
29,09,2022,16,49,43,26,129,0,0
29,09,2022,16,49,44,26,129,9,6
29,09,2022,16,49,45,16,131,0,0
29,09,2022,16,49,46,15,113,0,0
29,09,2022,16,49,53,15,113,10,6
29,09,2022,16,49,54,27,121,10,6
29,09,2022,16,49,56,22,112,0,0
29,09,2022,16,50,03,27,125,0,0
29,09,2022,16,50,04,27,125,8,5
29,09,2022,16,50,05,24,119,10,0
29,09,2022,16,50,06,26,98,10,0
29,09,2022,16,50,13,26,98,27,6
29,09,2022,16,50,14,35,115,27,6
29,09,2022,16,50,14,35,115,10,7
29,09,2022,16,50,15,16,124,10,7
29,09,2022,16,50,21,15,135,0,6
29,09,2022,16,50,23,27,35,0,6
29,09,2022,16,50,24,27,35,9,3
29,09,2022,16,50,24,19,189,9,3
29,09,2022,16,50,26,18,171,0,5
29,09,2022,16,50,27,18,204,0,5
29,09,2022,16,50,29,18,237,0,5
29,09,2022,16,50,30,18,223,0,4
29,09,2022,16,50,31,18,223,0,0
29,09,2022,16,50,35,15,58,0,0
29,09,2022,16,50,36,15,58,0,7
29,09,2022,16,50,37,15,52,0,0
29,09,2022,16,50,43,43,47,0,0
29,09,2022,16,50,44,43,47,43,6
29,09,2022,16,50,44,32,128,43,6
29,09,2022,16,50,45,32,128,8,5
29,09,2022,16,50,46,14,113,8,5
29,09,2022,16,50,47,14,113,0,0
29,09,2022,16,50,53,12,110,27,5
29,09,2022,16,50,54,27,121,27,5
29,09,2022,16,50,54,27,121,9,6
29,09,2022,16,50,55,28,110,9,6
29,09,2022,16,50,56,28,110,9,0
29,09,2022,16,51,01,34,107,27,0
29,09,2022,16,51,02,29,107,9,0
29,09,2022,16,51,03,27,122,9,0
29,09,2022,16,51,03,27,122,1,7
29,09,2022,16,51,04,14,135,1,7
29,09,2022,16,51,07,14,122,0,5
29,09,2022,16,51,09,14,107,0,7
29,09,2022,16,51,13,14,116,54,3
29,09,2022,16,51,14,39,124,54,3
29,09,2022,16,51,14,39,124,34,5
29,09,2022,16,51,15,23,124,34,5
29,09,2022,16,51,16,23,124,0,5
29,09,2022,16,51,17,21,158,0,5
29,09,2022,16,51,18,21,221,0,4
29,09,2022,16,51,20,21,219,0,0
29,09,2022,16,51,21,21,206,0,0
29,09,2022,16,51,23,29,64,0,0
29,09,2022,16,51,24,29,64,1,4
29,09,2022,16,51,24,15,58,1,4
29,09,2022,16,51,27,15,39,0,6
29,09,2022,16,51,28,15,39,0,0
29,09,2022,16,51,33,15,36,9,5
29,09,2022,16,51,33,24,86,9,5
29,09,2022,16,51,35,15,118,0,7
29,09,2022,16,51,36,15,118,0,0
29,09,2022,16,51,38,15,107,0,0
29,09,2022,16,51,43,31,116,0,0
29,09,2022,16,51,43,31,116,0,6
29,09,2022,16,51,45,25,116,0,1
29,09,2022,16,51,46,38,106,0,1
29,09,2022,16,51,50,36,104,37,0
29,09,2022,16,51,53,36,104,69,7
29,09,2022,16,51,56,40,108,52,0
29,09,2022,16,51,57,34,91,52,0
29,09,2022,16,51,57,34,91,9,0
29,09,2022,16,52,00,18,90,0,0
29,09,2022,16,52,03,28,128,0,0
29,09,2022,16,52,03,28,128,9,5
29,09,2022,16,52,04,15,105,9,5
29,09,2022,16,52,05,15,105,0,1
29,09,2022,16,52,13,15,107,9,9
29,09,2022,16,52,16,16,114,0,0
29,09,2022,16,52,16,16,98,0,0
29,09,2022,16,52,23,33,122,0,0
29,09,2022,16,52,23,33,122,27,5
29,09,2022,16,52,24,30,90,27,5
29,09,2022,16,52,25,30,90,28,1
29,09,2022,16,52,28,30,92,0,0
29,09,2022,16,52,29,18,92,0,0
29,09,2022,16,52,33,18,93,8,9
29,09,2022,16,52,34,18,96,0,6
29,09,2022,16,52,35,18,83,0,6
29,09,2022,16,52,36,18,83,0,0
29,09,2022,16,52,43,41,112,0,0
29,09,2022,16,52,43,41,112,48,6
29,09,2022,16,52,45,33,104,9,5
29,09,2022,16,52,46,17,87,9,5
29,09,2022,16,52,46,17,87,0,0
29,09,2022,16,52,53,15,86,27,7
29,09,2022,16,52,53,15,99,27,7
29,09,2022,16,52,54,15,99,9,6
29,09,2022,16,52,55,27,98,9,6
29,09,2022,16,52,56,27,98,7,0
29,09,2022,16,53,03,33,123,0,0
29,09,2022,16,53,03,33,123,9,7
29,09,2022,16,53,04,21,106,9,7
29,09,2022,16,53,05,21,106,0,1
29,09,2022,16,53,06,20,81,0,1
29,09,2022,16,53,13,20,81,26,7
29,09,2022,16,53,13,22,107,26,7
29,09,2022,16,53,14,22,107,0,6
29,09,2022,16,53,15,22,90,0,6
29,09,2022,16,53,16,22,90,0,0
29,09,2022,16,53,23,28,115,0,0
29,09,2022,16,53,23,28,115,10,7
29,09,2022,16,53,26,25,107,15,0
29,09,2022,16,53,27,40,107,15,0
29,09,2022,16,53,28,40,107,46,0
29,09,2022,16,53,29,40,80,46,0
29,09,2022,16,53,30,40,80,6,0
29,09,2022,16,53,30,19,79,6,0
29,09,2022,16,53,33,17,79,50,7
29,09,2022,16,53,33,37,89,50,7
29,09,2022,16,53,34,37,89,36,6
29,09,2022,16,53,35,19,99,36,6
29,09,2022,16,53,36,19,99,0,0
29,09,2022,16,53,38,14,87,0,0
29,09,2022,16,53,43,18,88,50,6
29,09,2022,16,53,44,40,110,50,6
29,09,2022,16,53,45,40,110,32,6
29,09,2022,16,53,46,24,89,32,6
29,09,2022,16,53,46,24,89,0,0
29,09,2022,16,53,53,40,112,7,0
29,09,2022,16,53,54,40,112,35,5
29,09,2022,16,53,55,29,107,35,5
29,09,2022,16,53,56,29,107,0,0
29,09,2022,16,53,58,14,98,0,0
29,09,2022,16,54,03,15,98,10,6
29,09,2022,16,54,06,17,96,0,0
29,09,2022,16,54,13,24,123,9,0
29,09,2022,16,54,14,24,123,9,7
29,09,2022,16,54,15,23,106,9,7
29,09,2022,16,54,15,23,106,0,0
29,09,2022,16,54,16,14,84,0,0
29,09,2022,16,54,23,14,84,27,7
29,09,2022,16,54,24,14,101,27,7
29,09,2022,16,54,26,26,96,27,7
29,09,2022,16,54,26,26,96,0,0
29,09,2022,16,54,29,9,94,0,0
29,09,2022,16,54,33,37,119,4,0
29,09,2022,16,54,34,37,119,28,6
29,09,2022,16,54,35,25,120,28,6
29,09,2022,16,54,35,25,120,0,0
29,09,2022,16,54,36,20,94,0,0
29,09,2022,16,54,43,18,96,10,6
29,09,2022,16,54,44,18,118,10,6
29,09,2022,16,54,45,18,95,0,6
29,09,2022,16,54,46,18,95,0,0
29,09,2022,16,54,53,25,119,0,0
29,09,2022,16,54,54,25,119,9,7
29,09,2022,16,54,55,27,109,1,0
29,09,2022,16,54,56,17,94,1,0
29,09,2022,16,55,03,20,98,9,5
29,09,2022,16,55,06,16,98,0,0
29,09,2022,16,55,13,26,133,0,0
29,09,2022,16,55,14,26,133,1,5
29,09,2022,16,55,15,14,126,1,5
29,09,2022,16,55,15,14,126,0,0
29,09,2022,16,55,23,16,123,10,6
29,09,2022,16,55,25,18,111,0,5
29,09,2022,16,55,26,18,111,0,0
29,09,2022,16,55,33,27,122,0,0
29,09,2022,16,55,34,27,122,7,6
29,09,2022,16,55,35,16,125,7,6
29,09,2022,16,55,35,16,125,0,0
29,09,2022,16,55,36,15,0,0,0
29,09,2022,16,55,38,15,118,0,0
29,09,2022,16,55,43,18,120,9,6
29,09,2022,16,55,44,18,138,9,6
29,09,2022,16,55,45,18,111,1,6
29,09,2022,16,55,48,18,111,0,0
29,09,2022,16,55,53,32,140,1,0
29,09,2022,16,55,54,32,140,51,5
29,09,2022,16,55,54,37,126,51,5
29,09,2022,16,55,55,37,126,34,0
29,09,2022,16,55,56,26,126,34,0
29,09,2022,16,55,57,26,126,0,0
29,09,2022,16,55,58,17,114,0,0
29,09,2022,16,56,03,17,114,10,5
29,09,2022,16,56,04,28,140,10,5
29,09,2022,16,56,05,21,110,10,6
29,09,2022,16,56,06,21,110,0,0
29,09,2022,16,56,13,30,128,0,0
29,09,2022,16,56,14,30,128,5,7
29,09,2022,16,56,15,18,128,5,7
29,09,2022,16,56,15,18,128,0,0
29,09,2022,16,56,16,16,111,0,0
29,09,2022,16,56,23,16,111,54,7
29,09,2022,16,56,24,37,121,54,7
29,09,2022,16,56,24,37,121,32,5
29,09,2022,16,56,25,25,119,32,5
29,09,2022,16,56,26,25,119,0,0
29,09,2022,16,56,27,14,118,0,0
29,09,2022,16,56,33,29,124,0,0
29,09,2022,16,56,34,29,124,1,6
29,09,2022,16,56,35,11,120,1,6
29,09,2022,16,56,35,11,120,0,1
29,09,2022,16,56,43,11,112,9,5
29,09,2022,16,56,44,26,134,9,5
29,09,2022,16,56,45,17,122,0,5
29,09,2022,16,56,46,17,122,0,0
29,09,2022,16,56,54,26,132,9,7
29,09,2022,16,56,55,26,132,0,0
29,09,2022,16,56,57,15,125,0,0
29,09,2022,16,57,03,15,125,10,7
29,09,2022,16,57,05,17,111,0,5
29,09,2022,16,57,06,17,111,0,0
29,09,2022,16,57,13,28,136,0,0
29,09,2022,16,57,14,28,136,9,5
29,09,2022,16,57,15,27,128,0,0
29,09,2022,16,57,16,27,103,0,0
29,09,2022,16,57,18,13,102,0,0
29,09,2022,16,57,23,12,102,0,5
29,09,2022,16,57,24,12,128,0,5
29,09,2022,16,57,26,12,120,0,0
29,09,2022,16,57,33,32,121,0,0
29,09,2022,16,57,34,32,121,7,6
29,09,2022,16,57,34,21,124,7,6
29,09,2022,16,57,35,21,124,0,0
29,09,2022,16,57,36,19,106,0,0
29,09,2022,16,57,43,19,105,8,7
29,09,2022,16,57,44,25,116,8,7
29,09,2022,16,57,45,24,100,0,6
29,09,2022,16,57,46,24,100,0,0
29,09,2022,16,57,53,43,111,0,0
29,09,2022,16,57,54,43,111,11,7
29,09,2022,16,57,54,18,111,11,7
29,09,2022,16,57,55,18,111,0,0
29,09,2022,16,58,03,16,104,8,6
29,09,2022,16,58,04,28,116,8,6
29,09,2022,16,58,05,20,91,0,6
29,09,2022,16,58,06,20,91,0,0
29,09,2022,16,58,13,29,131,0,0
29,09,2022,16,58,14,29,131,9,6
29,09,2022,16,58,14,18,113,9,6
29,09,2022,16,58,15,18,113,0,1
29,09,2022,16,58,16,16,99,0,1
29,09,2022,16,58,23,15,99,9,7
29,09,2022,16,58,24,26,109,9,7
29,09,2022,16,58,25,13,97,1,6
29,09,2022,16,58,26,13,97,0,0
29,09,2022,16,58,33,27,130,0,0
29,09,2022,16,58,34,27,130,9,7
29,09,2022,16,58,34,21,99,9,7
29,09,2022,16,58,35,21,99,0,1
29,09,2022,16,58,39,0,92,0,0
29,09,2022,16,58,40,20,91,0,0
29,09,2022,16,58,43,20,92,9,7
29,09,2022,16,58,43,27,108,9,7
29,09,2022,16,58,45,16,108,1,6
29,09,2022,16,58,46,16,108,0,0
29,09,2022,16,58,47,17,81,0,0
29,09,2022,16,58,53,26,123,0,0
29,09,2022,16,58,54,26,123,9,6
29,09,2022,16,58,54,16,108,9,6
29,09,2022,16,58,57,14,108,0,0
29,09,2022,16,58,57,14,91,0,0
29,09,2022,16,59,03,14,91,9,8
29,09,2022,16,59,03,27,105,9,8
29,09,2022,16,59,05,18,83,0,6
29,09,2022,16,59,06,18,83,0,0
29,09,2022,16,59,14,27,81,9,6
29,09,2022,16,59,14,26,100,9,6
29,09,2022,16,59,15,26,100,9,1
29,09,2022,16,59,16,27,84,9,1
29,09,2022,16,59,17,27,84,26,0
29,09,2022,16,59,20,31,83,9,0
29,09,2022,16,59,20,16,83,9,0
29,09,2022,16,59,23,15,83,9,8
29,09,2022,16,59,23,26,109,9,8
29,09,2022,16,59,25,15,109,1,6
29,09,2022,16,59,26,15,109,0,0
29,09,2022,16,59,26,15,95,0,0
29,09,2022,16,59,33,40,121,0,0
29,09,2022,16,59,33,40,121,52,5
29,09,2022,16,59,35,34,111,9,0
29,09,2022,16,59,36,17,97,9,0
29,09,2022,16,59,43,14,96,26,8
29,09,2022,16,59,43,21,110,26,8
29,09,2022,16,59,44,21,110,0,6
29,09,2022,16,59,45,12,97,0,6
29,09,2022,16,59,46,12,97,0,0
29,09,2022,16,59,53,31,122,0,0
29,09,2022,16,59,53,31,122,9,6
29,09,2022,16,59,54,19,115,9,6
29,09,2022,16,59,55,19,115,0,0
29,09,2022,16,59,56,18,102,0,0
29,09,2022,17,00,03,19,76,8,0
29,09,2022,17,00,04,19,76,0,4
29,09,2022,17,00,05,17,206,0,4
29,09,2022,17,00,06,17,184,0,5
29,09,2022,17,00,07,17,184,0,0
29,09,2022,17,00,13,25,220,0,0
29,09,2022,17,00,13,25,220,10,15
29,09,2022,17,00,16,16,217,0,5
29,09,2022,17,00,17,15,202,0,5
29,09,2022,17,00,20,16,214,0,5
29,09,2022,17,00,22,15,225,0,5
29,09,2022,17,00,23,15,225,7,16
29,09,2022,17,00,23,28,239,7,16
29,09,2022,17,00,28,20,227,0,17
29,09,2022,17,00,29,20,244,0,16
29,09,2022,17,00,33,24,249,8,28
29,09,2022,17,00,35,21,249,0,17
29,09,2022,17,00,36,15,264,0,17
29,09,2022,17,00,37,14,250,0,18
29,09,2022,17,00,40,14,236,0,18
29,09,2022,17,00,42,14,217,0,17
29,09,2022,17,00,44,22,224,0,31
29,09,2022,17,00,46,18,224,0,18
29,09,2022,17,00,49,16,235,0,17
29,09,2022,17,00,53,21,225,9,28
29,09,2022,17,00,56,18,235,0,18
29,09,2022,17,01,03,17,241,0,21
29,09,2022,17,01,04,26,238,9,29
29,09,2022,17,01,06,14,210,0,30
29,09,2022,17,01,07,14,210,0,17
29,09,2022,17,01,14,28,228,9,17
29,09,2022,17,01,15,28,228,9,29
29,09,2022,17,01,16,26,212,9,29
29,09,2022,17,01,16,26,212,0,25
29,09,2022,17,01,17,18,238,0,25
29,09,2022,17,01,18,18,238,0,17
29,09,2022,17,01,19,19,221,0,17
29,09,2022,17,01,22,18,219,0,20
29,09,2022,17,01,23,24,245,0,20
29,09,2022,17,01,24,24,245,5,30
29,09,2022,17,01,25,17,232,5,30
29,09,2022,17,01,27,16,238,0,17
29,09,2022,17,01,28,16,225,0,17
29,09,2022,17,01,29,16,210,0,17
29,09,2022,17,01,33,10,208,9,30
29,09,2022,17,01,34,27,214,9,30
29,09,2022,17,01,37,25,229,10,30
29,09,2022,17,01,38,25,229,9,17
29,09,2022,17,01,39,24,216,9,17
29,09,2022,17,01,43,36,217,1,19
29,09,2022,17,01,44,36,217,9,29
29,09,2022,17,01,45,21,217,9,29
29,09,2022,17,01,46,21,230,0,28
29,09,2022,17,01,47,21,230,0,17
29,09,2022,17,01,48,19,213,0,17
29,09,2022,17,01,53,27,221,55,29
29,09,2022,17,01,54,40,216,55,29
29,09,2022,17,01,55,40,216,33,30
29,09,2022,17,01,56,23,214,33,30
29,09,2022,17,01,56,23,214,0,29
29,09,2022,17,01,57,15,200,0,29
29,09,2022,17,01,59,14,202,0,18
29,09,2022,17,02,04,14,211,0,28
29,09,2022,17,02,09,15,208,0,17
29,09,2022,17,02,13,22,218,23,29
29,09,2022,17,02,15,20,218,0,29
29,09,2022,17,02,16,19,205,0,29
29,09,2022,17,02,18,19,204,0,18
29,09,2022,17,02,19,19,191,0,18
29,09,2022,17,02,22,19,195,5,21
29,09,2022,17,02,23,41,203,5,21
29,09,2022,17,02,24,41,203,36,21
29,09,2022,17,02,25,32,209,0,29
29,09,2022,17,02,26,17,201,0,29
29,09,2022,17,02,27,17,201,0,23
29,09,2022,17,02,28,16,193,0,17
29,09,2022,17,02,32,18,211,0,17
29,09,2022,17,02,35,19,216,0,30
29,09,2022,17,02,38,16,212,0,17
29,09,2022,17,02,38,16,191,0,17
29,09,2022,17,02,43,27,206,0,17
29,09,2022,17,02,44,27,206,9,29
29,09,2022,17,02,45,15,202,9,29
29,09,2022,17,02,48,14,191,0,30
29,09,2022,17,02,48,14,191,0,17
29,09,2022,17,02,53,14,189,9,29
29,09,2022,17,02,54,14,208,9,29
29,09,2022,17,02,58,17,195,0,29
29,09,2022,17,02,59,17,195,0,16
29,09,2022,17,03,04,26,199,8,29
29,09,2022,17,03,06,19,184,0,28
29,09,2022,17,03,07,19,184,0,17
29,09,2022,17,03,19,16,182,0,4
29,09,2022,17,03,25,16,195,0,5
29,09,2022,17,03,34,18,180,9,6
29,09,2022,17,03,41,17,195,0,6
29,09,2022,17,03,43,29,196,0,6
29,09,2022,17,03,49,19,182,0,5
29,09,2022,17,03,55,19,171,0,4
29,09,2022,17,04,13,16,173,54,5
29,09,2022,17,04,14,39,168,54,5
29,09,2022,17,04,14,39,168,32,5
29,09,2022,17,04,15,26,169,32,5
29,09,2022,17,04,16,26,169,0,5
29,09,2022,17,04,17,21,151,0,5
29,09,2022,17,04,17,21,151,0,0
29,09,2022,17,04,23,28,165,0,0
29,09,2022,17,04,24,28,165,28,5
29,09,2022,17,04,24,39,166,28,5
29,09,2022,17,04,25,39,166,44,5
29,09,2022,17,04,27,33,164,9,0
29,09,2022,17,04,28,28,149,9,0
29,09,2022,17,04,33,26,148,36,0
29,09,2022,17,04,34,33,170,36,0
29,09,2022,17,04,34,33,170,37,6
29,09,2022,17,04,36,31,170,2,6
29,09,2022,17,04,37,14,155,2,6
29,09,2022,17,04,37,14,155,0,0
29,09,2022,17,04,43,39,167,0,0
29,09,2022,17,04,44,39,167,33,5
29,09,2022,17,04,44,21,173,33,5
29,09,2022,17,04,47,15,176,0,0
29,09,2022,17,04,49,15,158,0,0
29,09,2022,17,04,53,15,158,8,6
29,09,2022,17,04,54,17,172,8,6
29,09,2022,17,04,55,16,184,0,5
29,09,2022,17,04,57,15,153,0,5
29,09,2022,17,04,57,15,153,0,0
29,09,2022,17,05,03,22,167,0,0
29,09,2022,17,05,04,22,167,0,6
29,09,2022,17,05,07,14,171,0,0
29,09,2022,17,05,08,14,152,0,0
29,09,2022,17,05,13,14,151,7,5
29,09,2022,17,05,14,20,169,7,5
29,09,2022,17,05,17,15,150,0,5
29,09,2022,17,05,17,15,150,0,0
29,09,2022,17,05,23,26,148,0,0
29,09,2022,17,05,24,16,173,0,0
29,09,2022,17,05,25,16,173,0,5
29,09,2022,17,05,28,16,176,0,0
29,09,2022,17,05,29,16,161,0,0
29,09,2022,17,05,33,16,161,25,7
29,09,2022,17,05,34,26,176,25,7
29,09,2022,17,05,34,26,176,0,5
29,09,2022,17,05,37,16,174,0,0
29,09,2022,17,05,38,16,163,0,0
29,09,2022,17,05,43,39,163,0,0
29,09,2022,17,05,44,39,163,54,5
29,09,2022,17,05,44,34,182,54,5
29,09,2022,17,05,45,34,182,27,5
29,09,2022,17,05,46,21,185,27,5
29,09,2022,17,05,47,20,172,27,5
29,09,2022,17,05,48,20,172,0,0
29,09,2022,17,05,53,20,170,34,6
29,09,2022,17,05,54,38,181,34,6
29,09,2022,17,05,54,38,181,48,5
29,09,2022,17,05,56,33,190,8,5
29,09,2022,17,05,57,16,171,8,5
29,09,2022,17,05,57,16,171,0,0
29,09,2022,17,06,03,26,199,0,0
29,09,2022,17,06,04,26,199,0,5
29,09,2022,17,06,06,16,186,0,6
29,09,2022,17,06,08,16,179,0,0
29,09,2022,17,06,13,16,178,8,7
29,09,2022,17,06,17,17,195,0,6
29,09,2022,17,06,17,17,195,0,0
29,09,2022,17,06,23,25,207,0,0
29,09,2022,17,06,23,25,207,0,5
29,09,2022,17,06,24,23,191,0,5
29,09,2022,17,06,27,22,169,0,4
29,09,2022,17,06,28,22,169,0,0
29,09,2022,17,06,33,22,169,8,7
29,09,2022,17,06,33,22,182,8,7
29,09,2022,17,06,37,21,175,0,0
29,09,2022,17,06,43,28,202,0,0
29,09,2022,17,06,43,28,202,0,5
29,09,2022,17,06,44,28,187,0,5
29,09,2022,17,06,46,19,173,0,5
29,09,2022,17,06,47,19,160,0,5
29,09,2022,17,06,48,19,160,0,0
29,09,2022,17,06,52,19,0,0,0
29,09,2022,17,06,53,19,0,8,8
29,09,2022,17,06,53,18,172,8,8
29,09,2022,17,06,54,18,172,0,5
29,09,2022,17,06,57,18,173,0,0
29,09,2022,17,06,58,16,158,0,0
29,09,2022,17,07,03,28,186,0,0
29,09,2022,17,07,03,28,186,0,5
29,09,2022,17,07,04,16,167,0,5
29,09,2022,17,07,06,16,162,0,0
29,09,2022,17,07,07,15,149,0,0
29,09,2022,17,07,13,15,148,7,7
29,09,2022,17,07,13,15,163,7,7
29,09,2022,17,07,17,18,160,0,0
29,09,2022,17,07,18,19,148,0,0
29,09,2022,17,07,23,24,148,5,5
29,09,2022,17,07,24,19,171,5,5
29,09,2022,17,07,27,18,147,0,4
29,09,2022,17,07,28,18,147,0,0
