30,09,2022,11,21,54,0,15,0,0
30,09,2022,11,21,55,0,15,748,19
30,09,2022,11,21,56,155,206,748,19
30,09,2022,11,21,59,153,209,750,16
30,09,2022,11,22,01,151,212,750,5
30,09,2022,11,22,25,139,196,750,5
30,09,2022,11,22,39,138,185,750,6
30,09,2022,11,22,56,134,196,749,5
30,09,2022,11,22,57,133,210,750,5
30,09,2022,11,22,59,133,198,750,6
30,09,2022,11,23,08,133,183,750,5
30,09,2022,11,23,11,132,168,750,6
30,09,2022,11,23,12,132,168,750,0
30,09,2022,11,23,15,133,167,750,5
30,09,2022,11,23,16,132,187,750,5
30,09,2022,11,23,17,133,198,750,4
30,09,2022,11,23,19,132,185,748,6
30,09,2022,11,23,21,131,188,750,0
30,09,2022,11,23,22,133,176,750,0
30,09,2022,11,23,24,132,176,719,0
30,09,2022,11,23,25,91,191,719,0
30,09,2022,11,23,26,91,191,250,5
30,09,2022,11,23,26,61,194,250,5
30,09,2022,11,23,27,61,194,183,6
30,09,2022,11,23,29,60,189,150,5
30,09,2022,11,23,29,42,189,150,5
30,09,2022,11,23,30,42,189,75,5
30,09,2022,11,23,32,38,189,51,0
30,09,2022,11,23,32,33,178,51,0
30,09,2022,11,23,33,33,178,10,0
30,09,2022,11,23,35,23,178,65,5
30,09,2022,11,23,36,40,195,65,5
30,09,2022,11,23,36,40,195,54,5
30,09,2022,11,23,39,35,199,9,5
30,09,2022,11,23,40,22,206,9,5
30,09,2022,11,23,41,22,206,9,0
30,09,2022,11,23,42,19,187,9,0
30,09,2022,11,23,45,41,202,0,0
30,09,2022,11,23,46,41,202,52,4
30,09,2022,11,23,47,36,208,23,5
30,09,2022,11,23,48,13,209,23,5
30,09,2022,11,23,49,13,209,0,5
30,09,2022,11,23,52,11,202,0,0
30,09,2022,11,23,52,12,190,0,0
30,09,2022,11,23,55,11,190,53,5
30,09,2022,11,23,56,39,199,53,5
30,09,2022,11,23,56,39,199,36,5
30,09,2022,11,23,57,24,204,36,5
30,09,2022,11,23,58,24,204,5,5
30,09,2022,11,24,02,14,196,0,0
30,09,2022,11,24,05,41,211,0,0
30,09,2022,11,24,06,41,211,53,5
30,09,2022,11,24,07,34,202,9,4
30,09,2022,11,24,09,16,206,0,6
30,09,2022,11,24,12,16,200,0,0
30,09,2022,11,24,12,16,188,0,0
30,09,2022,11,24,15,15,188,54,5
30,09,2022,11,24,15,40,198,54,5
30,09,2022,11,24,16,40,198,36,5
30,09,2022,11,24,17,29,198,36,5
30,09,2022,11,24,18,29,198,6,5
30,09,2022,11,24,19,29,187,6,5
30,09,2022,11,24,22,19,181,0,0
30,09,2022,11,24,25,40,195,0,0
30,09,2022,11,24,25,40,195,51,5
30,09,2022,11,24,27,35,191,9,5
30,09,2022,11,24,28,17,183,9,5
30,09,2022,11,24,32,15,187,0,0
30,09,2022,11,24,32,15,173,0,0
30,09,2022,11,24,35,15,173,54,5
30,09,2022,11,24,35,40,183,54,5
30,09,2022,11,24,36,40,183,35,5
30,09,2022,11,24,37,26,179,35,5
30,09,2022,11,24,38,26,179,0,5
30,09,2022,11,24,39,15,174,0,5
30,09,2022,11,24,42,15,160,0,4
30,09,2022,11,24,42,15,160,0,0
30,09,2022,11,24,45,41,176,0,0
30,09,2022,11,24,45,41,176,52,5
30,09,2022,11,24,47,35,179,9,5
30,09,2022,11,24,48,24,178,9,5
30,09,2022,11,24,52,15,181,0,0
30,09,2022,11,24,52,15,168,0,0
30,09,2022,11,24,55,15,168,54,6
30,09,2022,11,24,55,39,168,54,6
30,09,2022,11,24,56,39,168,36,5
30,09,2022,11,24,57,27,175,36,5
30,09,2022,11,24,58,27,175,7,5
30,09,2022,11,24,59,15,170,7,5
30,09,2022,11,25,00,15,185,0,5
30,09,2022,11,25,02,15,168,0,5
30,09,2022,11,25,02,15,168,0,0
30,09,2022,11,25,05,39,187,0,0
30,09,2022,11,25,05,39,187,52,6
30,09,2022,11,25,07,36,193,9,5
30,09,2022,11,25,08,20,191,9,5
30,09,2022,11,25,12,17,185,0,0
30,09,2022,11,25,12,18,168,0,0
30,09,2022,11,25,15,18,168,50,6
30,09,2022,11,25,15,40,188,50,6
30,09,2022,11,25,16,40,188,37,5
30,09,2022,11,25,18,32,188,5,5
30,09,2022,11,25,19,16,196,5,5
30,09,2022,11,25,20,14,182,0,5
30,09,2022,11,25,21,15,167,0,5
30,09,2022,11,25,22,15,167,0,0
30,09,2022,11,25,25,39,187,0,0
30,09,2022,11,25,25,39,187,55,5
30,09,2022,11,25,27,38,184,22,5
30,09,2022,11,25,28,21,187,22,5
30,09,2022,11,25,29,21,187,0,5
30,09,2022,11,25,31,11,183,0,0
30,09,2022,11,25,32,11,163,0,0
30,09,2022,11,25,34,11,162,50,6
30,09,2022,11,25,35,41,185,50,6
30,09,2022,11,25,36,41,185,36,5
30,09,2022,11,25,38,31,195,8,5
30,09,2022,11,25,38,17,190,8,5
30,09,2022,11,25,41,16,172,0,5
30,09,2022,11,25,44,16,172,0,0
30,09,2022,11,25,45,41,198,0,0
30,09,2022,11,25,45,41,198,54,5
30,09,2022,11,25,47,36,192,22,5
30,09,2022,11,25,48,22,182,22,5
30,09,2022,11,25,49,22,182,0,6
30,09,2022,11,25,51,16,195,0,4
30,09,2022,11,25,52,16,174,0,4
30,09,2022,11,25,53,16,174,0,0
30,09,2022,11,25,55,15,174,8,5
30,09,2022,11,25,55,28,196,8,5
30,09,2022,11,26,00,26,211,8,5
30,09,2022,11,26,01,24,180,8,5
30,09,2022,11,26,02,24,180,8,0
30,09,2022,11,26,04,45,208,9,0
30,09,2022,11,26,05,45,208,56,5
30,09,2022,11,26,07,40,198,32,5
30,09,2022,11,26,08,26,193,32,5
30,09,2022,11,26,08,26,193,0,5
30,09,2022,11,26,09,23,204,0,5
30,09,2022,11,26,14,22,194,51,5
30,09,2022,11,26,15,41,211,51,5
30,09,2022,11,26,17,31,235,47,4
30,09,2022,11,26,17,31,235,8,5
30,09,2022,11,26,18,18,188,8,5
30,09,2022,11,26,19,18,188,0,0
30,09,2022,11,26,25,41,217,0,0
30,09,2022,11,26,25,41,217,54,5
30,09,2022,11,26,26,34,194,54,5
30,09,2022,11,26,27,34,194,27,4
30,09,2022,11,26,27,17,194,27,4
30,09,2022,11,26,28,17,194,0,5
30,09,2022,11,26,32,15,179,0,4
30,09,2022,11,26,33,15,179,0,0
30,09,2022,11,26,34,15,178,52,6
30,09,2022,11,26,35,41,199,52,6
30,09,2022,11,26,36,41,199,36,6
30,09,2022,11,26,37,29,194,36,6
30,09,2022,11,26,38,29,194,8,4
30,09,2022,11,26,40,18,185,0,5
30,09,2022,11,26,42,18,192,0,0
30,09,2022,11,26,43,18,178,0,0
30,09,2022,11,26,44,40,205,0,0
30,09,2022,11,26,45,40,205,53,5
30,09,2022,11,26,46,36,182,53,5
30,09,2022,11,26,47,36,182,23,5
30,09,2022,11,26,47,19,188,23,5
30,09,2022,11,26,48,19,188,0,5
30,09,2022,11,26,49,17,177,0,5
30,09,2022,11,26,51,17,183,0,0
30,09,2022,11,26,52,17,166,0,0
30,09,2022,11,26,54,16,166,52,6
30,09,2022,11,26,55,41,176,52,6
30,09,2022,11,26,56,41,176,36,5
30,09,2022,11,26,57,33,176,0,5
30,09,2022,11,26,58,14,178,0,5
30,09,2022,11,27,02,13,174,0,0
30,09,2022,11,27,03,13,160,0,0
30,09,2022,11,27,04,40,187,0,0
30,09,2022,11,27,05,40,187,54,5
30,09,2022,11,27,07,34,178,20,5
30,09,2022,11,27,07,24,167,20,5
30,09,2022,11,27,10,15,170,0,5
30,09,2022,11,27,11,14,170,0,0
30,09,2022,11,27,14,12,162,0,6
30,09,2022,11,27,15,12,184,0,6
30,09,2022,11,27,22,12,181,0,0
30,09,2022,11,27,23,13,164,0,0
30,09,2022,11,27,24,13,192,0,0
30,09,2022,11,27,25,13,192,74,5
30,09,2022,11,27,26,44,187,74,5
30,09,2022,11,27,27,44,187,54,5
30,09,2022,11,27,28,35,178,27,5
30,09,2022,11,27,29,20,174,27,5
30,09,2022,11,27,30,20,174,0,5
30,09,2022,11,27,32,14,158,0,4
30,09,2022,11,27,33,14,158,0,0
30,09,2022,11,27,34,14,157,19,0
30,09,2022,11,27,35,41,174,19,0
30,09,2022,11,27,36,41,174,47,6
30,09,2022,11,27,37,35,170,8,6
30,09,2022,11,27,38,20,182,8,6
30,09,2022,11,27,42,18,175,0,0
30,09,2022,11,27,43,18,163,0,0
30,09,2022,11,27,44,32,166,0,0
30,09,2022,11,27,45,32,166,54,5
30,09,2022,11,27,46,38,179,54,5
30,09,2022,11,27,47,38,179,34,5
30,09,2022,11,27,47,24,185,34,5
30,09,2022,11,27,48,24,185,0,5
30,09,2022,11,27,53,16,179,0,0
30,09,2022,11,27,54,16,178,14,0
30,09,2022,11,27,55,41,186,14,0
30,09,2022,11,27,56,41,186,44,5
30,09,2022,11,27,57,34,191,9,5
30,09,2022,11,27,58,18,188,9,5
30,09,2022,11,28,02,17,183,0,0
30,09,2022,11,28,03,16,169,0,0
30,09,2022,11,28,04,27,172,0,0
30,09,2022,11,28,05,27,172,54,5
30,09,2022,11,28,06,36,191,54,5
30,09,2022,11,28,07,36,191,31,6
30,09,2022,11,28,08,27,190,0,5
30,09,2022,11,28,09,14,183,0,5
30,09,2022,11,28,13,11,192,0,0
30,09,2022,11,28,14,11,171,0,0
30,09,2022,11,28,15,11,193,0,0
30,09,2022,11,28,16,11,193,0,5
30,09,2022,11,28,22,10,190,0,0
30,09,2022,11,28,24,21,181,0,0
30,09,2022,11,28,25,21,181,68,5
30,09,2022,11,28,26,41,198,68,5
30,09,2022,11,28,27,41,198,26,5
30,09,2022,11,28,27,15,183,26,5
30,09,2022,11,28,28,15,183,0,5
30,09,2022,11,28,33,15,175,0,0
30,09,2022,11,28,34,15,172,14,0
30,09,2022,11,28,35,41,183,14,0
30,09,2022,11,28,36,41,183,54,5
30,09,2022,11,28,39,39,177,28,6
30,09,2022,11,28,40,26,172,28,6
30,09,2022,11,28,40,26,172,0,5
30,09,2022,11,28,42,19,176,0,0
30,09,2022,11,28,43,19,161,0,0
30,09,2022,11,28,44,35,166,0,0
30,09,2022,11,28,45,35,166,55,5
30,09,2022,11,28,47,38,173,32,5
30,09,2022,11,28,47,27,173,32,5
30,09,2022,11,28,48,27,173,0,5
30,09,2022,11,28,50,16,168,0,5
30,09,2022,11,28,53,16,164,0,0
30,09,2022,11,28,53,17,152,0,0
30,09,2022,11,28,54,17,152,18,0
30,09,2022,11,28,55,40,173,18,0
30,09,2022,11,28,56,40,173,48,5
30,09,2022,11,28,57,31,162,48,5
30,09,2022,11,28,57,31,162,8,5
30,09,2022,11,29,02,21,164,0,0
30,09,2022,11,29,03,21,152,0,0
30,09,2022,11,29,05,21,153,0,5
30,09,2022,11,29,06,39,169,0,5
30,09,2022,11,29,07,39,169,34,5
30,09,2022,11,29,07,24,163,34,5
30,09,2022,11,29,08,24,163,0,5
30,09,2022,11,29,12,12,155,0,5
30,09,2022,11,29,13,12,155,0,0
30,09,2022,11,29,15,27,170,0,0
30,09,2022,11,29,16,27,170,0,5
30,09,2022,11,29,17,16,165,0,5
30,09,2022,11,29,23,16,152,0,4
30,09,2022,11,29,23,16,152,0,0
30,09,2022,11,29,25,26,154,54,5
30,09,2022,11,29,26,48,181,54,5
30,09,2022,11,29,27,42,170,56,5
30,09,2022,11,29,28,42,170,37,5
30,09,2022,11,29,30,32,162,0,5
30,09,2022,11,29,30,14,168,0,5
30,09,2022,11,29,32,6,149,0,6
30,09,2022,11,29,33,6,149,0,0
30,09,2022,11,29,35,24,168,0,0
30,09,2022,11,29,36,24,168,8,5
30,09,2022,11,29,43,16,152,0,5
30,09,2022,11,29,43,16,152,0,0
30,09,2022,11,29,45,26,159,52,5
30,09,2022,11,29,46,35,177,52,5
30,09,2022,11,29,46,35,177,28,5
30,09,2022,11,29,48,32,173,8,5
30,09,2022,11,29,49,12,169,8,5
30,09,2022,11,29,53,12,161,0,0
30,09,2022,11,29,55,41,174,0,0
30,09,2022,11,29,56,41,174,54,5
30,09,2022,11,29,59,36,179,9,5
30,09,2022,11,29,59,20,181,9,5
30,09,2022,11,30,03,19,166,0,5
30,09,2022,11,30,03,19,166,0,0
30,09,2022,11,30,04,37,168,0,0
30,09,2022,11,30,05,37,168,54,5
30,09,2022,11,30,06,39,188,54,5
30,09,2022,11,30,07,39,188,33,5
30,09,2022,11,30,07,25,177,33,5
30,09,2022,11,30,08,25,177,0,5
30,09,2022,11,30,13,19,182,0,0
30,09,2022,11,30,13,19,171,0,0
30,09,2022,11,30,15,19,183,0,0
30,09,2022,11,30,16,19,183,48,5
30,09,2022,11,30,16,35,182,48,5
30,09,2022,11,30,17,35,182,9,5
30,09,2022,11,30,18,16,183,9,5
30,09,2022,11,30,23,14,178,0,0
30,09,2022,11,30,25,15,177,0,5
30,09,2022,11,30,32,15,166,0,4
30,09,2022,11,30,33,15,166,0,0
30,09,2022,11,30,33,14,155,0,0
30,09,2022,11,30,35,41,173,0,0
30,09,2022,11,30,36,41,173,49,6
30,09,2022,11,30,37,33,171,9,5
30,09,2022,11,30,40,16,168,0,5
30,09,2022,11,30,43,17,156,0,5
30,09,2022,11,30,43,17,156,0,0
30,09,2022,11,30,45,17,153,53,6
30,09,2022,11,30,46,40,165,53,6
30,09,2022,11,30,50,33,169,9,5
30,09,2022,11,30,50,21,162,9,5
30,09,2022,11,30,53,19,159,0,0
30,09,2022,11,30,55,145,159,0,0
30,09,2022,11,30,56,145,159,750,493
30,09,2022,11,30,56,145,340,750,493
30,09,2022,11,30,57,145,340,751,502
30,09,2022,11,30,58,145,355,751,502
30,09,2022,11,30,59,145,355,750,489
30,09,2022,11,31,00,143,336,750,489
30,09,2022,11,31,00,143,336,750,504
30,09,2022,11,31,02,142,343,750,499
30,09,2022,11,31,05,138,342,749,503
30,09,2022,11,31,06,138,351,751,413
30,09,2022,11,31,07,138,275,751,413
30,09,2022,11,31,08,138,275,750,256
30,09,2022,11,31,09,135,254,750,256
30,09,2022,11,31,09,135,254,750,173
30,09,2022,11,31,10,136,202,750,173
30,09,2022,11,31,11,136,202,750,166
30,09,2022,11,31,12,136,163,750,166
30,09,2022,11,31,12,136,163,750,59
30,09,2022,11,31,16,133,160,749,31
30,09,2022,11,31,16,135,149,749,31
30,09,2022,11,31,19,136,134,749,31
30,09,2022,11,31,25,133,133,750,16
30,09,2022,11,31,26,133,142,749,19
30,09,2022,11,31,31,133,147,750,16
30,09,2022,11,31,32,132,142,750,7
30,09,2022,11,31,34,131,142,610,7
30,09,2022,11,31,35,90,141,610,7
30,09,2022,11,31,36,90,141,320,5
30,09,2022,11,31,36,77,146,320,5
30,09,2022,11,31,37,77,146,184,5
30,09,2022,11,31,38,55,138,184,5
30,09,2022,11,31,39,55,138,149,7
30,09,2022,11,31,39,42,153,149,7
30,09,2022,11,31,40,42,153,75,6
30,09,2022,11,31,42,38,157,54,6
30,09,2022,11,31,43,37,149,36,5
30,09,2022,11,31,44,24,130,36,5
30,09,2022,11,31,45,24,130,742,5
30,09,2022,11,31,46,123,122,742,5
30,09,2022,11,31,46,123,122,575,5
30,09,2022,11,31,47,74,238,575,5
30,09,2022,11,31,48,74,238,249,5
30,09,2022,11,31,49,63,219,249,5
30,09,2022,11,31,49,63,219,182,4
30,09,2022,11,31,50,59,273,182,4
30,09,2022,11,31,51,59,273,149,6
30,09,2022,11,31,52,43,318,149,6
30,09,2022,11,31,52,43,318,54,4
30,09,2022,11,31,53,37,352,54,4
30,09,2022,11,31,55,132,310,49,4
30,09,2022,11,31,55,132,310,749,6
30,09,2022,11,31,56,101,330,749,6
30,09,2022,11,31,57,101,330,342,4
30,09,2022,11,31,58,66,342,342,4
30,09,2022,11,31,59,66,342,182,4
30,09,2022,11,31,59,62,324,182,4
30,09,2022,11,32,00,62,324,150,7
30,09,2022,11,32,01,58,308,150,7
30,09,2022,11,32,02,58,308,74,5
30,09,2022,11,32,02,41,319,74,5
30,09,2022,11,32,03,41,319,52,4
30,09,2022,11,32,05,33,318,739,5
30,09,2022,11,32,06,115,322,739,5
30,09,2022,11,32,06,115,322,507,3
30,09,2022,11,32,07,73,330,507,3
30,09,2022,11,32,08,73,330,247,6
30,09,2022,11,32,09,63,319,247,6
30,09,2022,11,32,09,63,319,150,6
30,09,2022,11,32,12,41,301,150,5
30,09,2022,11,32,12,41,301,74,4
30,09,2022,11,32,14,41,298,49,5
30,09,2022,11,32,15,135,286,49,5
30,09,2022,11,32,15,135,286,731,17
30,09,2022,11,32,16,94,264,731,17
30,09,2022,11,32,17,94,264,337,6
30,09,2022,11,32,18,73,262,337,6
30,09,2022,11,32,19,73,262,183,5
30,09,2022,11,32,19,58,259,183,5
30,09,2022,11,32,20,58,259,149,5
30,09,2022,11,32,21,58,240,149,5
30,09,2022,11,32,22,58,240,76,5
30,09,2022,11,32,22,45,244,76,5
30,09,2022,11,32,23,45,244,54,4
30,09,2022,11,32,25,36,242,743,4
30,09,2022,11,32,25,129,257,743,4
30,09,2022,11,32,26,129,257,506,16
30,09,2022,11,32,27,77,272,506,16
30,09,2022,11,32,28,77,272,229,4
30,09,2022,11,32,29,63,277,229,4
30,09,2022,11,32,29,63,277,183,4
30,09,2022,11,32,31,59,270,148,5
30,09,2022,11,32,31,44,269,148,5
30,09,2022,11,32,32,44,269,75,5
30,09,2022,11,32,34,40,271,49,5
30,09,2022,11,32,35,134,274,49,5
30,09,2022,11,32,36,134,274,749,18
30,09,2022,11,32,36,117,291,749,18
30,09,2022,11,32,37,117,291,383,6
30,09,2022,11,32,38,74,297,383,6
30,09,2022,11,32,39,74,297,185,6
30,09,2022,11,32,40,65,299,149,4
30,09,2022,11,32,41,57,271,149,4
30,09,2022,11,32,41,57,271,74,6
30,09,2022,11,32,42,41,304,74,6
30,09,2022,11,32,43,41,304,53,4
30,09,2022,11,32,45,38,294,53,16
30,09,2022,11,32,45,135,283,53,16
30,09,2022,11,32,46,135,283,601,17
30,09,2022,11,32,47,95,281,601,17
30,09,2022,11,32,48,95,281,250,6
30,09,2022,11,32,49,65,312,250,6
30,09,2022,11,32,49,65,312,183,6
30,09,2022,11,32,51,58,309,149,3
30,09,2022,11,32,52,42,309,149,3
30,09,2022,11,32,53,40,291,149,4
30,09,2022,11,32,54,40,291,49,6
30,09,2022,11,32,55,131,296,49,6
30,09,2022,11,32,55,131,296,749,17
30,09,2022,11,32,56,112,296,749,17
30,09,2022,11,32,57,112,296,384,17
30,09,2022,11,32,58,75,304,384,17
30,09,2022,11,32,59,75,304,182,7
30,09,2022,11,33,00,65,297,149,4
30,09,2022,11,33,01,60,314,149,4
30,09,2022,11,33,02,60,314,74,5
30,09,2022,11,33,02,42,317,74,5
30,09,2022,11,33,05,34,308,442,17
30,09,2022,11,33,06,76,292,442,17
30,09,2022,11,33,06,76,292,250,5
30,09,2022,11,33,07,64,310,250,5
30,09,2022,11,33,08,64,310,168,8
30,09,2022,11,33,09,59,307,149,4
30,09,2022,11,33,10,43,300,149,4
30,09,2022,11,33,11,43,300,56,5
30,09,2022,11,33,12,39,280,56,5
30,09,2022,11,33,12,39,280,37,6
30,09,2022,11,33,13,31,292,37,6
30,09,2022,11,33,14,31,292,8,7
30,09,2022,11,33,15,31,279,8,7
30,09,2022,11,33,15,31,279,0,4
30,09,2022,11,33,16,16,294,0,4
30,09,2022,11,33,18,17,268,0,4
30,09,2022,11,33,21,17,284,0,5
30,09,2022,11,33,22,17,272,0,4
30,09,2022,11,33,24,17,257,0,5
30,09,2022,11,33,34,24,236,0,5
30,09,2022,11,33,43,17,241,0,0
30,09,2022,11,33,44,0,225,0,0
30,09,2022,11,33,44,0,225,0,7
30,09,2022,11,33,45,18,239,0,7
30,09,2022,11,33,46,18,239,0,4
30,09,2022,11,33,48,17,237,0,0
30,09,2022,11,33,48,17,223,0,0
30,09,2022,11,33,55,29,269,0,0
30,09,2022,11,33,55,29,269,0,5
30,09,2022,11,33,56,14,242,0,5
30,09,2022,11,33,58,14,229,0,5
30,09,2022,11,34,00,14,226,0,0
30,09,2022,11,34,05,14,226,0,7
30,09,2022,11,34,05,14,254,0,7
30,09,2022,11,34,06,14,254,0,4
30,09,2022,11,34,07,14,267,0,4
30,09,2022,11,34,08,14,267,0,0
30,09,2022,11,34,08,14,253,0,0
30,09,2022,11,34,14,27,295,0,0
30,09,2022,11,34,15,27,295,0,6
30,09,2022,11,34,18,18,261,0,5
30,09,2022,11,34,18,18,261,0,0
30,09,2022,11,34,24,18,258,0,5
30,09,2022,11,34,25,18,284,0,5
30,09,2022,11,34,28,18,284,0,0
30,09,2022,11,34,28,17,265,0,0
30,09,2022,11,34,35,18,308,0,0
30,09,2022,11,34,35,18,308,0,6
30,09,2022,11,34,36,18,275,0,6
30,09,2022,11,34,38,18,272,0,0
30,09,2022,11,34,44,18,269,8,8
30,09,2022,11,34,46,19,278,0,5
30,09,2022,11,34,48,17,282,0,0
30,09,2022,11,34,48,17,268,0,0
30,09,2022,11,34,55,17,271,0,5
30,09,2022,11,34,56,17,282,0,5
30,09,2022,11,34,58,16,285,0,0
30,09,2022,11,34,59,17,274,0,0
30,09,2022,11,35,05,16,285,0,0
30,09,2022,11,35,07,17,300,0,0
30,09,2022,11,35,07,17,300,0,3
30,09,2022,11,35,09,17,300,0,0
30,09,2022,11,35,10,17,286,0,0
30,09,2022,11,35,15,20,287,0,5
30,09,2022,11,35,18,15,287,0,0
30,09,2022,11,35,26,15,294,0,5
30,09,2022,11,35,27,15,314,0,5
30,09,2022,11,35,29,15,318,0,0
30,09,2022,11,35,35,19,324,0,6
30,09,2022,11,35,36,18,291,0,6
30,09,2022,11,35,38,18,283,0,0
30,09,2022,11,35,45,18,303,0,0
30,09,2022,11,35,46,18,303,0,5
30,09,2022,11,35,48,18,294,0,0
30,09,2022,11,35,48,18,273,0,0
30,09,2022,11,35,55,23,276,0,5
30,09,2022,11,35,56,15,297,0,5
30,09,2022,11,35,58,15,289,0,0
30,09,2022,11,35,59,15,265,0,0
30,09,2022,11,36,05,15,305,0,0
30,09,2022,11,36,06,15,305,0,4
30,09,2022,11,36,07,15,308,0,0
30,09,2022,11,36,08,15,284,0,0
30,09,2022,11,36,15,15,290,0,4
30,09,2022,11,36,17,15,309,0,5
30,09,2022,11,36,18,15,309,0,0
30,09,2022,11,36,19,15,296,0,0
30,09,2022,11,36,26,16,298,0,5
30,09,2022,11,36,27,14,290,0,0
30,09,2022,11,36,28,14,270,0,0
30,09,2022,11,36,35,14,271,0,4
30,09,2022,11,36,36,14,286,0,4
30,09,2022,11,36,37,14,305,0,4
30,09,2022,11,36,38,14,305,0,0
30,09,2022,11,36,39,14,282,0,0
30,09,2022,11,36,46,14,287,0,5
30,09,2022,11,36,47,14,295,0,0
30,09,2022,11,36,48,14,276,0,0
30,09,2022,11,36,55,20,279,0,5
30,09,2022,11,36,57,14,263,0,4
30,09,2022,11,36,58,14,263,0,0
30,09,2022,11,37,05,14,287,0,0
30,09,2022,11,37,06,14,287,0,4
30,09,2022,11,37,07,14,276,0,4
30,09,2022,11,37,08,15,263,0,2
30,09,2022,11,37,16,14,273,0,6
30,09,2022,11,37,17,14,247,0,6
30,09,2022,11,37,18,14,247,0,0
30,09,2022,11,37,25,24,262,0,0
30,09,2022,11,37,26,13,259,0,0
30,09,2022,11,37,27,13,259,0,6
30,09,2022,11,37,28,12,235,0,6
30,09,2022,11,37,29,12,235,0,0
30,09,2022,11,37,35,13,234,0,5
30,09,2022,11,37,36,13,269,0,5
30,09,2022,11,37,37,13,254,0,6
30,09,2022,11,37,38,13,254,0,0
30,09,2022,11,37,39,13,237,0,0
30,09,2022,11,37,45,13,252,0,0
30,09,2022,11,37,46,13,252,0,4
30,09,2022,11,37,48,13,221,0,6
30,09,2022,11,37,49,13,221,0,0
30,09,2022,11,37,55,13,219,6,5
30,09,2022,11,37,56,25,233,6,5
30,09,2022,11,37,58,24,238,0,0
30,09,2022,11,37,59,24,225,0,0
30,09,2022,11,38,05,23,260,0,0
30,09,2022,11,38,06,23,260,0,5
30,09,2022,11,38,06,23,241,0,5
30,09,2022,11,38,08,23,209,0,5
30,09,2022,11,38,09,23,209,0,0
30,09,2022,11,38,15,23,207,0,5
30,09,2022,11,38,16,23,223,0,5
30,09,2022,11,38,17,23,237,0,5
30,09,2022,11,38,18,23,237,0,0
30,09,2022,11,38,19,23,219,0,0
30,09,2022,11,38,25,23,236,0,0
30,09,2022,11,38,26,23,236,0,5
30,09,2022,11,38,28,23,219,0,4
30,09,2022,11,38,29,23,219,0,0
30,09,2022,11,38,35,23,218,0,5
30,09,2022,11,38,36,23,241,0,5
30,09,2022,11,38,39,23,225,0,5
30,09,2022,11,38,40,23,225,0,0
30,09,2022,11,38,45,27,245,0,0
30,09,2022,11,38,46,27,245,0,5
30,09,2022,11,38,46,21,233,0,5
30,09,2022,11,38,49,21,223,0,0
30,09,2022,11,38,55,21,222,0,5
30,09,2022,11,38,56,21,249,0,5
30,09,2022,11,38,58,20,247,0,0
30,09,2022,11,38,59,21,233,0,0
30,09,2022,11,39,05,37,233,0,0
30,09,2022,11,39,06,37,233,49,5
30,09,2022,11,39,06,40,267,49,5
30,09,2022,11,39,07,40,267,35,5
30,09,2022,11,39,08,27,249,35,5
30,09,2022,11,39,09,27,249,0,0
30,09,2022,11,39,15,18,248,53,4
30,09,2022,11,39,16,41,280,53,4
30,09,2022,11,39,16,41,280,35,3
30,09,2022,11,39,17,29,271,35,3
30,09,2022,11,39,18,29,271,0,0
30,09,2022,11,39,19,17,248,0,0
30,09,2022,11,39,25,17,265,0,0
30,09,2022,11,39,27,16,273,0,5
30,09,2022,11,39,28,16,257,0,5
30,09,2022,11,39,29,16,257,0,0
30,09,2022,11,39,35,16,255,7,6
30,09,2022,11,39,35,16,278,7,6
30,09,2022,11,39,37,15,306,0,5
30,09,2022,11,39,38,15,306,0,0
30,09,2022,11,39,39,15,283,0,0
30,09,2022,11,39,40,1,282,0,0
30,09,2022,11,39,45,3,334,0,0
30,09,2022,11,39,45,3,334,0,4
30,09,2022,11,39,46,3,291,0,4
30,09,2022,11,39,48,3,266,0,6
30,09,2022,11,39,49,3,266,0,0
30,09,2022,11,39,56,2,295,0,0
30,09,2022,11,39,56,2,295,0,5
30,09,2022,11,39,58,2,300,0,0
30,09,2022,11,39,59,2,264,0,0
30,09,2022,11,40,05,2,315,0,0
30,09,2022,11,40,05,2,315,0,5
30,09,2022,11,40,06,3,284,0,5
30,09,2022,11,40,08,2,270,0,5
30,09,2022,11,40,09,2,270,0,0
30,09,2022,11,40,15,2,267,8,7
30,09,2022,11,40,16,25,277,8,7
30,09,2022,11,40,16,25,277,0,4
30,09,2022,11,40,18,24,276,0,0
30,09,2022,11,40,19,23,261,0,0
30,09,2022,11,40,25,23,299,0,0
30,09,2022,11,40,25,23,299,0,6
30,09,2022,11,40,26,23,288,0,6
30,09,2022,11,40,28,22,273,0,4
30,09,2022,11,40,29,22,273,0,0
30,09,2022,11,40,35,23,270,0,7
30,09,2022,11,40,36,23,265,0,4
30,09,2022,11,40,38,23,275,0,0
30,09,2022,11,40,45,27,303,0,0
30,09,2022,11,40,45,27,303,0,5
30,09,2022,11,40,46,20,283,0,5
30,09,2022,11,40,48,20,270,0,4
30,09,2022,11,40,49,20,270,0,0
30,09,2022,11,40,55,20,266,0,6
30,09,2022,11,40,55,20,279,0,6
30,09,2022,11,40,58,20,282,0,0
30,09,2022,11,40,58,21,270,0,0
30,09,2022,11,41,05,20,301,0,0
30,09,2022,11,41,05,20,301,0,4
30,09,2022,11,41,06,20,278,0,4
30,09,2022,11,41,08,20,277,0,0
30,09,2022,11,41,15,13,274,51,8
30,09,2022,11,41,15,43,293,51,8
30,09,2022,11,41,16,43,293,37,4
30,09,2022,11,41,17,31,293,37,4
30,09,2022,11,41,18,31,293,7,0
30,09,2022,11,41,18,17,258,7,0
30,09,2022,11,41,25,40,297,0,0
30,09,2022,11,41,25,40,297,51,5
30,09,2022,11,41,26,28,272,51,5
30,09,2022,11,41,27,28,272,29,5
30,09,2022,11,41,28,33,268,26,0
30,09,2022,11,41,34,33,265,71,10
30,09,2022,11,41,35,48,288,71,10
30,09,2022,11,41,36,48,288,75,5
30,09,2022,11,41,38,47,278,55,0
30,09,2022,11,41,38,35,243,55,0
30,09,2022,11,41,39,35,243,24,0
30,09,2022,11,41,40,24,243,24,0
30,09,2022,11,41,41,24,243,0,0
30,09,2022,11,41,42,13,243,0,0
30,09,2022,11,41,45,22,288,0,0
30,09,2022,11,41,45,22,288,8,5
30,09,2022,11,41,46,29,275,8,5
30,09,2022,11,41,48,29,270,8,0
30,09,2022,11,41,49,27,243,8,0
30,09,2022,11,41,50,27,243,29,0
30,09,2022,11,41,53,19,243,0,0
30,09,2022,11,41,55,17,280,0,0
30,09,2022,11,41,56,17,280,0,4
30,09,2022,11,41,57,17,265,0,4
30,09,2022,11,41,58,17,265,0,0
30,09,2022,11,41,58,17,248,0,0
30,09,2022,11,42,05,17,249,28,4
30,09,2022,11,42,06,34,272,28,4
30,09,2022,11,42,07,34,272,27,7
30,09,2022,11,42,08,33,265,28,0
30,09,2022,11,42,09,30,254,28,0
30,09,2022,11,42,10,30,254,0,0
30,09,2022,11,42,15,21,254,0,9
30,09,2022,11,42,15,21,265,0,9
30,09,2022,11,42,18,21,264,0,0
30,09,2022,11,42,25,15,264,8,7
30,09,2022,11,42,28,24,250,8,5
30,09,2022,11,42,28,24,250,34,0
30,09,2022,11,42,29,39,235,34,0
30,09,2022,11,42,31,25,235,35,0
30,09,2022,11,42,31,25,235,0,0
30,09,2022,11,42,32,14,235,0,0
30,09,2022,11,42,35,13,252,0,0
30,09,2022,11,42,36,13,252,0,4
30,09,2022,11,42,38,13,231,0,3
30,09,2022,11,42,39,13,231,0,0
30,09,2022,11,42,45,14,235,0,6
30,09,2022,11,42,48,13,228,0,0
30,09,2022,11,42,55,13,246,0,0
30,09,2022,11,42,56,13,246,0,5
30,09,2022,11,42,57,13,230,0,5
30,09,2022,11,42,57,13,230,0,0
30,09,2022,11,42,58,13,215,0,0
30,09,2022,11,43,05,9,218,10,5
30,09,2022,11,43,06,28,216,10,5
30,09,2022,11,43,08,25,219,9,0
30,09,2022,11,43,16,27,215,9,5
30,09,2022,11,43,18,16,221,0,6
30,09,2022,11,43,25,25,222,53,1
30,09,2022,11,43,26,39,76,53,1
30,09,2022,11,43,27,39,76,35,7
30,09,2022,11,43,27,20,87,35,7
30,09,2022,11,43,28,20,87,0,6
30,09,2022,11,43,31,18,117,0,6
30,09,2022,11,43,31,18,117,0,0
30,09,2022,11,43,32,19,99,0,0
30,09,2022,11,43,35,18,45,0,0
30,09,2022,11,43,37,19,192,0,1
30,09,2022,11,43,37,19,192,0,5
30,09,2022,11,43,40,19,162,0,4
30,09,2022,11,43,41,19,162,0,0
30,09,2022,11,43,45,19,166,0,4
30,09,2022,11,43,46,19,251,0,4
30,09,2022,11,43,48,19,244,0,0
30,09,2022,11,43,49,19,228,0,0
30,09,2022,11,43,55,19,239,0,0
30,09,2022,11,43,56,19,239,0,6
30,09,2022,11,43,57,19,257,0,6
30,09,2022,11,43,58,18,238,0,4
30,09,2022,11,44,01,18,237,0,0
30,09,2022,11,44,05,18,244,0,4
30,09,2022,11,44,06,18,266,0,4
30,09,2022,11,44,08,18,258,0,0
30,09,2022,11,44,09,18,243,0,0
30,09,2022,11,44,15,18,272,0,0
30,09,2022,11,44,16,18,272,0,4
30,09,2022,11,44,18,18,248,0,5
30,09,2022,11,44,19,18,248,0,0
30,09,2022,11,44,25,23,249,0,5
30,09,2022,11,44,26,18,280,0,5
30,09,2022,11,44,28,17,285,0,0
30,09,2022,11,44,29,17,274,0,0
30,09,2022,11,44,35,28,267,0,0
30,09,2022,11,44,36,28,267,0,6
30,09,2022,11,44,38,18,252,0,4
30,09,2022,11,44,39,18,252,0,0
30,09,2022,11,44,45,18,251,53,5
30,09,2022,11,44,46,7,270,53,5
30,09,2022,11,44,47,7,270,0,4
30,09,2022,11,44,48,4,271,0,0
30,09,2022,11,44,49,4,258,0,0
30,09,2022,11,44,55,39,276,0,0
30,09,2022,11,44,56,39,276,25,5
30,09,2022,11,44,57,25,265,25,5
30,09,2022,11,44,57,25,265,0,7
30,09,2022,11,44,58,25,247,0,7
30,09,2022,11,45,00,3,246,0,7
30,09,2022,11,45,00,3,246,0,0
30,09,2022,11,45,05,2,246,54,5
30,09,2022,11,45,06,40,266,54,5
30,09,2022,11,45,06,40,266,35,5
30,09,2022,11,45,07,24,272,35,5
30,09,2022,11,45,08,24,272,0,0
30,09,2022,11,45,09,17,250,0,0
30,09,2022,11,45,12,3,248,0,0
30,09,2022,11,45,15,4,263,0,0
30,09,2022,11,45,16,4,263,0,6
30,09,2022,11,45,19,4,254,0,0
30,09,2022,11,45,25,3,251,0,5
30,09,2022,11,45,27,4,272,0,5
30,09,2022,11,45,28,4,272,0,0
30,09,2022,11,45,29,4,245,0,0
30,09,2022,11,45,35,28,267,0,0
30,09,2022,11,45,36,28,267,0,4
30,09,2022,11,45,38,23,253,0,5
30,09,2022,11,45,39,23,253,0,0
30,09,2022,11,45,46,15,262,0,5
30,09,2022,11,45,47,14,274,0,5
30,09,2022,11,45,48,14,274,0,0
30,09,2022,11,45,56,14,280,0,4
30,09,2022,11,45,58,14,268,0,4
30,09,2022,11,45,59,14,268,0,0
30,09,2022,11,46,05,14,264,36,4
30,09,2022,11,46,06,35,295,36,4
30,09,2022,11,46,07,30,265,36,5
30,09,2022,11,46,08,30,265,0,0
30,09,2022,11,46,09,3,250,0,0
30,09,2022,11,46,15,43,269,0,0
30,09,2022,11,46,16,43,269,48,4
30,09,2022,11,46,17,34,266,9,5
30,09,2022,11,46,18,16,264,9,5
30,09,2022,11,46,19,16,264,0,0
30,09,2022,11,46,25,16,261,10,4
30,09,2022,11,46,26,26,276,10,4
30,09,2022,11,46,28,19,268,0,0
30,09,2022,11,46,29,18,252,0,0
30,09,2022,11,46,35,18,264,0,0
30,09,2022,11,46,36,18,264,0,4
30,09,2022,11,46,36,18,279,0,4
30,09,2022,11,46,38,18,259,0,4
30,09,2022,11,46,39,18,259,0,0
30,09,2022,11,46,45,19,257,0,7
30,09,2022,11,46,48,19,259,0,0
30,09,2022,11,46,49,18,241,0,0
30,09,2022,11,46,55,27,259,0,0
30,09,2022,11,46,56,27,259,0,5
30,09,2022,11,46,59,24,251,8,0
30,09,2022,11,47,00,25,231,8,0
30,09,2022,11,47,05,29,231,49,6
30,09,2022,11,47,06,39,249,49,6
30,09,2022,11,47,08,38,256,36,0
30,09,2022,11,47,09,25,226,36,0
30,09,2022,11,47,09,25,226,1,0
30,09,2022,11,47,10,13,225,1,0
30,09,2022,11,47,15,14,266,0,0
30,09,2022,11,47,16,14,266,0,5
30,09,2022,11,47,16,13,244,0,5
30,09,2022,11,47,18,14,224,0,5
30,09,2022,11,47,19,14,224,0,0
30,09,2022,11,47,25,14,221,8,8
30,09,2022,11,47,26,27,247,8,8
30,09,2022,11,47,26,27,247,14,5
30,09,2022,11,47,27,33,236,14,5
30,09,2022,11,47,28,33,236,26,0
30,09,2022,11,47,29,32,207,26,0
30,09,2022,11,47,29,32,207,4,0
30,09,2022,11,47,32,21,207,0,0
30,09,2022,11,47,35,34,244,0,0
30,09,2022,11,47,36,34,244,9,5
30,09,2022,11,47,36,26,226,9,5
30,09,2022,11,47,39,20,221,0,0
30,09,2022,11,47,39,20,204,0,0
30,09,2022,11,47,45,20,204,8,7
30,09,2022,11,47,46,19,229,8,7
30,09,2022,11,47,47,18,218,0,5
30,09,2022,11,47,48,18,218,0,0
30,09,2022,11,47,49,18,204,0,0
30,09,2022,11,47,55,18,243,0,0
30,09,2022,11,47,55,18,243,0,5
30,09,2022,11,47,56,18,232,0,5
30,09,2022,11,47,58,18,214,0,5
30,09,2022,11,47,59,18,214,0,0
30,09,2022,11,48,05,18,210,0,8
30,09,2022,11,48,05,18,223,0,8
30,09,2022,11,48,06,18,223,0,5
30,09,2022,11,48,08,18,222,0,0
30,09,2022,11,48,09,18,208,0,0
30,09,2022,11,48,15,18,250,0,0
30,09,2022,11,48,15,18,250,0,5
30,09,2022,11,48,16,18,223,0,5
30,09,2022,11,48,18,18,203,0,5
30,09,2022,11,48,19,18,203,0,0
30,09,2022,11,48,25,18,199,0,8
30,09,2022,11,48,26,18,214,0,8
30,09,2022,11,48,27,18,231,0,6
30,09,2022,11,48,28,18,231,0,0
30,09,2022,11,48,30,18,212,0,0
30,09,2022,11,48,35,43,254,0,0
30,09,2022,11,48,35,43,254,50,4
30,09,2022,11,48,36,12,239,50,4
30,09,2022,11,48,37,12,239,0,5
30,09,2022,11,48,38,6,233,0,0
30,09,2022,11,48,45,7,230,34,6
30,09,2022,11,48,45,27,257,34,6
30,09,2022,11,48,46,27,257,7,4
30,09,2022,11,48,47,11,251,7,4
30,09,2022,11,48,48,7,237,0,5
30,09,2022,11,48,49,7,237,0,0
30,09,2022,11,48,55,41,283,0,0
30,09,2022,11,48,55,41,283,54,6
30,09,2022,11,48,56,40,255,54,6
30,09,2022,11,48,57,40,255,20,4
30,09,2022,11,48,58,24,264,20,4
30,09,2022,11,48,59,24,264,0,0
30,09,2022,11,48,59,20,239,0,0
30,09,2022,11,49,05,20,238,0,5
30,09,2022,11,49,05,20,258,0,5
30,09,2022,11,49,08,12,259,0,0
30,09,2022,11,49,09,12,245,0,0
30,09,2022,11,49,15,25,291,0,0
30,09,2022,11,49,15,25,291,9,6
30,09,2022,11,49,16,19,254,9,6
30,09,2022,11,49,18,17,263,0,0
30,09,2022,11,49,19,18,246,0,0
30,09,2022,11,49,25,17,245,6,6
30,09,2022,11,49,25,25,261,6,6
30,09,2022,11,49,28,20,263,0,0
30,09,2022,11,49,28,19,248,0,0
30,09,2022,11,49,35,20,295,0,0
30,09,2022,11,49,35,20,295,0,6
30,09,2022,11,49,38,20,251,0,5
30,09,2022,11,49,38,20,251,0,0
30,09,2022,11,49,45,20,247,0,4
30,09,2022,11,49,45,20,259,0,4
30,09,2022,11,49,48,19,244,0,4
30,09,2022,11,49,49,19,244,0,0
30,09,2022,11,49,55,19,246,0,5
30,09,2022,11,49,58,19,250,0,0
30,09,2022,11,50,06,19,255,0,5
30,09,2022,11,50,07,20,240,0,5
30,09,2022,11,50,09,19,231,0,0
30,09,2022,11,50,15,19,233,0,7
30,09,2022,11,50,16,20,260,0,7
30,09,2022,11,50,18,20,246,0,7
30,09,2022,11,50,18,20,246,0,0
30,09,2022,11,50,26,19,254,0,5
30,09,2022,11,50,29,20,247,0,0
30,09,2022,11,50,35,19,249,0,5
30,09,2022,11,50,36,19,274,0,5
30,09,2022,11,50,38,19,263,0,6
30,09,2022,11,50,38,19,263,0,0
30,09,2022,11,50,39,20,252,0,0
30,09,2022,11,50,45,16,252,20,0
30,09,2022,11,50,45,43,276,20,0
30,09,2022,11,50,46,43,276,46,5
30,09,2022,11,50,48,37,266,8,5
30,09,2022,11,50,48,12,251,8,5
30,09,2022,11,50,49,12,251,0,0
30,09,2022,11,50,55,11,256,0,4
30,09,2022,11,50,58,11,257,0,0
30,09,2022,11,50,59,10,245,0,0
30,09,2022,11,51,04,11,245,17,0
30,09,2022,11,51,05,41,268,17,0
30,09,2022,11,51,06,41,268,44,0
30,09,2022,11,51,07,32,253,44,0
30,09,2022,11,51,08,32,253,8,5
30,09,2022,11,51,08,15,236,8,5
30,09,2022,11,51,09,15,236,0,0
30,09,2022,11,51,15,15,238,0,5
30,09,2022,11,51,16,14,256,0,5
30,09,2022,11,51,18,14,245,0,5
30,09,2022,11,51,18,14,245,0,0
30,09,2022,11,51,25,15,256,0,0
30,09,2022,11,51,26,15,256,0,6
30,09,2022,11,51,28,15,228,0,4
30,09,2022,11,51,29,15,228,0,0
30,09,2022,11,51,35,14,230,0,6
30,09,2022,11,51,36,14,251,0,6
30,09,2022,11,51,37,14,234,0,5
30,09,2022,11,51,38,14,234,0,0
30,09,2022,11,51,39,14,221,0,0
30,09,2022,11,51,45,45,246,0,0
30,09,2022,11,51,46,45,246,42,5
30,09,2022,11,51,48,35,248,8,6
30,09,2022,11,51,48,15,220,8,6
30,09,2022,11,51,49,15,220,8,0
30,09,2022,11,51,55,25,219,54,5
30,09,2022,11,51,56,41,242,54,5
30,09,2022,11,51,57,41,242,32,5
30,09,2022,11,51,57,27,222,32,5
30,09,2022,11,51,58,27,222,0,0
30,09,2022,11,51,59,12,208,0,0
30,09,2022,11,52,05,22,225,0,0
30,09,2022,11,52,06,22,225,10,4
30,09,2022,11,52,09,22,220,0,0
30,09,2022,11,52,10,21,204,0,0
30,09,2022,11,52,15,21,203,9,6
30,09,2022,11,52,16,25,227,9,6
30,09,2022,11,52,18,26,225,10,0
30,09,2022,11,52,19,27,203,10,0
30,09,2022,11,52,22,12,202,0,0
30,09,2022,11,52,25,40,221,0,0
30,09,2022,11,52,26,40,221,36,5
30,09,2022,11,52,27,29,216,36,5
30,09,2022,11,52,27,29,216,0,5
30,09,2022,11,52,28,19,200,0,5
30,09,2022,11,52,29,19,200,0,0
30,09,2022,11,52,35,19,199,0,5
30,09,2022,11,52,36,19,216,0,5
30,09,2022,11,52,38,19,218,0,0
30,09,2022,11,52,39,19,197,0,0
30,09,2022,11,52,45,19,217,0,0
30,09,2022,11,52,46,19,217,0,5
30,09,2022,11,52,48,19,196,0,5
30,09,2022,11,52,49,19,196,0,0
30,09,2022,11,52,55,19,195,9,5
30,09,2022,11,52,56,23,222,9,5
30,09,2022,11,52,58,15,216,0,0
30,09,2022,11,52,59,15,197,0,0
30,09,2022,11,53,05,15,217,0,0
30,09,2022,11,53,06,15,217,0,5
30,09,2022,11,53,07,15,230,0,5
30,09,2022,11,53,08,15,216,0,6
30,09,2022,11,53,09,15,216,0,0
30,09,2022,11,53,15,15,212,0,5
30,09,2022,11,53,16,14,239,0,5
30,09,2022,11,53,17,15,261,0,6
30,09,2022,11,53,18,15,261,0,0
30,09,2022,11,53,19,15,235,0,0
30,09,2022,11,53,25,15,248,0,0
30,09,2022,11,53,26,15,248,0,5
30,09,2022,11,53,28,16,230,0,6
30,09,2022,11,53,29,16,230,0,0
30,09,2022,11,53,35,15,226,9,5
30,09,2022,11,53,36,27,226,9,5
30,09,2022,11,53,37,13,255,1,6
30,09,2022,11,53,38,13,255,0,0
30,09,2022,11,53,39,13,234,0,0
30,09,2022,11,53,45,30,251,0,0
30,09,2022,11,53,47,20,260,0,4
30,09,2022,11,53,49,19,255,0,0
30,09,2022,11,53,50,19,238,0,0
30,09,2022,11,53,55,19,238,0,6
30,09,2022,11,53,56,19,255,0,6
30,09,2022,11,53,58,19,265,0,0
30,09,2022,11,53,59,14,244,0,0
30,09,2022,11,54,05,41,243,0,0
30,09,2022,11,54,06,41,243,24,5
30,09,2022,11,54,07,12,268,24,5
30,09,2022,11,54,07,12,268,0,5
30,09,2022,11,54,08,11,245,0,5
30,09,2022,11,54,09,11,245,0,0
30,09,2022,11,54,15,12,242,47,5
30,09,2022,11,54,16,19,242,0,5
30,09,2022,11,54,17,19,255,0,5
30,09,2022,11,54,18,19,255,0,0
30,09,2022,11,54,19,16,242,0,0
30,09,2022,11,54,25,32,245,0,0
30,09,2022,11,54,26,32,245,6,5
30,09,2022,11,54,26,20,260,6,5
30,09,2022,11,54,28,20,239,0,4
30,09,2022,11,54,29,20,239,0,0
30,09,2022,11,54,36,20,244,0,4
30,09,2022,11,54,38,15,243,0,0
30,09,2022,11,54,39,16,214,0,0
30,09,2022,11,54,45,28,237,0,0
30,09,2022,11,54,46,28,237,8,6
30,09,2022,11,54,49,36,237,37,0
30,09,2022,11,54,56,47,242,37,0
30,09,2022,11,54,57,47,242,66,4
30,09,2022,11,54,58,40,252,46,5
30,09,2022,11,54,59,40,231,46,5
30,09,2022,11,54,59,40,231,0,0
30,09,2022,11,55,00,7,230,0,0
30,09,2022,11,55,05,31,267,0,0
30,09,2022,11,55,06,31,267,8,4
30,09,2022,11,55,06,21,254,8,4
30,09,2022,11,55,09,21,253,0,0
30,09,2022,11,55,09,21,240,0,0
30,09,2022,11,55,15,21,240,7,9
30,09,2022,11,55,16,20,254,7,9
30,09,2022,11,55,16,20,254,0,4
30,09,2022,11,55,20,19,244,0,0
30,09,2022,11,55,25,19,287,0,0
30,09,2022,11,55,26,19,287,0,4
30,09,2022,11,55,26,19,262,0,4
30,09,2022,11,55,28,19,248,0,5
30,09,2022,11,55,29,19,248,0,0
30,09,2022,11,55,29,19,235,0,0
30,09,2022,11,55,35,19,235,0,6
30,09,2022,11,55,36,19,258,0,6
30,09,2022,11,55,39,19,244,0,4
30,09,2022,11,55,39,19,244,0,0
30,09,2022,11,55,45,19,277,0,0
30,09,2022,11,55,45,19,277,0,5
30,09,2022,11,55,46,19,250,0,5
30,09,2022,11,55,49,19,254,0,0
30,09,2022,11,55,55,19,244,9,7
30,09,2022,11,55,58,18,251,0,4
30,09,2022,11,55,59,18,225,0,4
30,09,2022,11,55,59,18,225,0,0
30,09,2022,11,56,05,18,262,0,0
30,09,2022,11,56,05,18,262,0,6
30,09,2022,11,56,06,18,245,0,6
30,09,2022,11,56,08,18,221,0,5
30,09,2022,11,56,09,18,221,0,0
30,09,2022,11,56,15,18,216,0,7
30,09,2022,11,56,15,18,234,0,7
30,09,2022,11,56,19,19,232,0,0
30,09,2022,11,56,25,19,270,0,0
30,09,2022,11,56,25,19,270,0,5
30,09,2022,11,56,26,19,237,0,5
30,09,2022,11,56,29,19,227,0,0
30,09,2022,11,56,29,13,209,0,0
30,09,2022,11,56,35,13,209,52,6
30,09,2022,11,56,35,41,222,52,6
30,09,2022,11,56,36,41,222,33,5
30,09,2022,11,56,37,6,227,33,5
30,09,2022,11,56,38,6,227,0,0
30,09,2022,11,56,38,6,204,0,0
30,09,2022,11,56,45,41,242,0,0
30,09,2022,11,56,45,41,242,46,5
30,09,2022,11,56,46,34,209,46,5
30,09,2022,11,56,47,34,209,6,5
30,09,2022,11,56,48,20,209,6,5
30,09,2022,11,56,49,20,209,0,0
30,09,2022,11,56,49,19,196,0,0
30,09,2022,11,56,55,20,197,0,6
30,09,2022,11,56,55,19,213,0,6
30,09,2022,11,56,59,20,195,0,5
30,09,2022,11,56,59,20,195,0,0
30,09,2022,11,57,05,22,232,0,0
30,09,2022,11,57,05,22,232,1,5
30,09,2022,11,57,06,18,211,1,5
30,09,2022,11,57,08,17,207,0,0
30,09,2022,11,57,09,18,195,0,0
30,09,2022,11,57,15,18,195,0,7
30,09,2022,11,57,15,17,209,0,7
30,09,2022,11,57,18,17,207,0,4
30,09,2022,11,57,19,18,201,0,0
30,09,2022,11,57,25,18,203,0,5
30,09,2022,11,57,28,17,209,0,0
30,09,2022,11,57,29,18,188,0,0
30,09,2022,11,57,35,15,205,4,0
30,09,2022,11,57,36,15,205,0,5
30,09,2022,11,57,39,14,206,0,0
30,09,2022,11,57,45,14,212,6,5
30,09,2022,11,57,46,18,230,6,5
30,09,2022,11,57,48,17,248,0,4
30,09,2022,11,57,48,17,248,0,0
30,09,2022,11,57,49,17,233,0,0
30,09,2022,11,57,56,17,236,0,6
30,09,2022,11,57,58,17,215,0,4
30,09,2022,11,57,59,17,215,0,0
30,09,2022,11,58,06,30,240,9,0
30,09,2022,11,58,07,30,240,9,5
30,09,2022,11,58,08,29,239,0,0
30,09,2022,11,58,09,17,211,0,0
30,09,2022,11,58,15,29,251,0,0
30,09,2022,11,58,16,29,251,0,4
30,09,2022,11,58,17,13,245,0,4
30,09,2022,11,58,19,13,235,0,0
30,09,2022,11,58,25,13,237,0,5
30,09,2022,11,58,26,13,254,0,5
30,09,2022,11,58,28,13,249,0,0
30,09,2022,11,58,29,13,235,0,0
30,09,2022,11,58,35,15,255,0,0
30,09,2022,11,58,36,15,255,0,4
30,09,2022,11,58,38,14,239,0,5
30,09,2022,11,58,39,14,239,0,0
30,09,2022,11,58,45,14,236,0,4
30,09,2022,11,58,46,14,251,0,4
30,09,2022,11,58,49,14,234,0,6
30,09,2022,11,58,50,14,234,0,0
30,09,2022,11,58,56,24,244,0,5
30,09,2022,11,58,58,16,213,0,5
30,09,2022,11,58,59,16,213,0,0
30,09,2022,11,59,05,21,216,28,5
30,09,2022,11,59,06,43,236,28,5
30,09,2022,11,59,07,43,236,44,5
30,09,2022,11,59,08,36,236,6,0
30,09,2022,11,59,09,9,216,6,0
30,09,2022,11,59,15,42,238,12,0
30,09,2022,11,59,16,42,238,38,4
30,09,2022,11,59,18,35,243,10,6
30,09,2022,11,59,18,16,220,10,6
30,09,2022,11,59,19,16,220,0,0
30,09,2022,11,59,25,16,219,0,4
30,09,2022,11,59,26,16,241,0,4
30,09,2022,11,59,27,16,241,0,7
30,09,2022,11,59,29,16,221,0,7
30,09,2022,11,59,30,16,221,0,0
30,09,2022,11,59,35,27,250,0,0
30,09,2022,11,59,36,27,250,9,4
30,09,2022,11,59,38,24,250,27,6
30,09,2022,11,59,38,33,227,27,6
30,09,2022,11,59,39,33,227,29,0
30,09,2022,11,59,40,21,224,29,0
30,09,2022,11,59,41,21,224,0,0
30,09,2022,11,59,45,15,224,53,5
30,09,2022,11,59,46,35,243,53,5
30,09,2022,11,59,47,35,243,21,5
30,09,2022,11,59,48,22,248,21,5
30,09,2022,11,59,48,22,248,0,0
30,09,2022,11,59,49,14,219,0,0
30,09,2022,11,59,55,41,245,0,0
30,09,2022,11,59,56,41,245,54,5
30,09,2022,11,59,57,35,249,11,5
30,09,2022,11,59,58,22,232,11,5
30,09,2022,11,59,59,22,232,0,0
30,09,2022,12,00,05,20,228,0,5
30,09,2022,12,00,06,21,249,0,5
30,09,2022,12,00,07,21,235,0,5
30,09,2022,12,00,09,21,224,0,5
30,09,2022,12,00,10,21,224,0,0
30,09,2022,12,00,15,20,242,0,0
30,09,2022,12,00,16,20,242,0,5
30,09,2022,12,00,17,21,255,0,5
30,09,2022,12,00,17,21,255,0,8
30,09,2022,12,00,18,21,235,0,8
30,09,2022,12,00,19,21,235,0,0
30,09,2022,12,00,25,21,232,0,5
30,09,2022,12,00,28,21,228,0,0
30,09,2022,12,00,29,21,216,0,0
30,09,2022,12,00,35,21,236,0,0
30,09,2022,12,00,36,21,236,0,5
30,09,2022,12,00,38,0,239,0,6
30,09,2022,12,00,39,0,239,0,0
30,09,2022,12,00,40,21,221,0,0
30,09,2022,12,00,45,21,221,0,6
30,09,2022,12,00,46,17,246,0,6
30,09,2022,12,00,47,16,220,0,5
30,09,2022,12,00,48,16,220,0,0
30,09,2022,12,00,50,16,0,0,0
30,09,2022,12,00,52,17,210,0,0
30,09,2022,12,00,55,43,231,0,0
30,09,2022,12,00,56,43,231,48,5
30,09,2022,12,00,57,33,231,9,6
30,09,2022,12,00,59,33,221,0,0
30,09,2022,12,01,00,17,210,0,0
30,09,2022,12,01,05,18,210,9,6
30,09,2022,12,01,06,29,219,9,6
30,09,2022,12,01,08,26,210,10,0
30,09,2022,12,01,09,27,192,10,0
30,09,2022,12,01,15,17,216,0,0
30,09,2022,12,01,20,17,197,0,0
30,09,2022,12,01,25,17,196,9,5
30,09,2022,12,01,26,25,209,9,5
30,09,2022,12,01,28,26,202,8,0
30,09,2022,12,01,29,25,185,8,0
30,09,2022,12,01,35,16,216,0,0
30,09,2022,12,01,36,16,216,36,5
30,09,2022,12,01,36,29,215,36,5
30,09,2022,12,01,37,29,215,0,5
30,09,2022,12,01,38,16,206,0,5
30,09,2022,12,01,39,16,206,0,0
30,09,2022,12,01,45,16,202,0,5
30,09,2022,12,01,46,16,225,0,5
30,09,2022,12,01,47,16,206,0,6
30,09,2022,12,01,48,16,206,0,0
30,09,2022,12,01,50,16,189,0,0
30,09,2022,12,01,52,1,187,0,0
30,09,2022,12,01,55,11,210,0,0
30,09,2022,12,01,56,11,210,0,5
30,09,2022,12,01,59,11,208,0,0
30,09,2022,12,02,00,10,195,0,0
30,09,2022,12,02,05,10,194,35,6
30,09,2022,12,02,06,42,219,35,6
30,09,2022,12,02,07,30,216,44,5
30,09,2022,12,02,08,30,216,8,3
30,09,2022,12,02,09,13,202,8,3
30,09,2022,12,02,10,13,202,0,0
30,09,2022,12,02,15,44,242,0,0
30,09,2022,12,02,16,44,242,51,4
30,09,2022,12,02,16,37,227,51,4
30,09,2022,12,02,18,26,218,51,4
30,09,2022,12,02,19,26,218,0,0
30,09,2022,12,02,20,17,196,0,0
30,09,2022,12,02,25,17,196,7,5
30,09,2022,12,02,26,19,221,7,5
30,09,2022,12,02,30,18,230,0,0
30,09,2022,12,02,35,18,263,0,0
30,09,2022,12,02,36,18,263,0,6
30,09,2022,12,02,36,18,229,0,6
30,09,2022,12,02,39,18,235,0,0
30,09,2022,12,02,40,18,219,0,0
30,09,2022,12,02,45,18,218,8,6
30,09,2022,12,02,46,18,247,8,6
30,09,2022,12,02,49,15,230,0,4
30,09,2022,12,02,51,15,229,0,0
30,09,2022,12,02,55,27,272,0,0
30,09,2022,12,02,56,27,272,0,5
30,09,2022,12,02,56,19,240,0,5
30,09,2022,12,02,59,19,238,0,0
30,09,2022,12,03,00,19,225,0,0
30,09,2022,12,03,05,19,225,7,5
30,09,2022,12,03,06,27,260,7,5
30,09,2022,12,03,07,27,225,9,5
30,09,2022,12,03,09,27,209,9,4
30,09,2022,12,03,10,27,209,0,0
30,09,2022,12,03,16,37,208,0,5
30,09,2022,12,03,16,17,225,0,5
30,09,2022,12,03,18,14,241,0,5
30,09,2022,12,03,19,14,241,0,0
30,09,2022,12,03,20,14,211,0,0
30,09,2022,12,03,25,15,211,0,3
30,09,2022,12,03,26,14,226,0,3
30,09,2022,12,03,28,14,226,0,0
30,09,2022,12,03,29,14,214,0,0
30,09,2022,12,03,35,24,246,0,0
30,09,2022,12,03,36,24,246,1,6
30,09,2022,12,03,36,18,222,1,6
30,09,2022,12,03,37,18,222,15,5
30,09,2022,12,03,38,35,217,15,5
30,09,2022,12,03,39,35,217,28,0
30,09,2022,12,03,39,35,204,28,0
30,09,2022,12,03,45,33,204,71,5
30,09,2022,12,03,46,48,230,71,5
30,09,2022,12,03,46,48,230,55,5
30,09,2022,12,03,48,40,232,32,5
30,09,2022,12,03,49,21,214,32,5
30,09,2022,12,03,49,21,214,0,0
30,09,2022,12,03,55,16,242,0,0
30,09,2022,12,03,56,16,242,0,6
30,09,2022,12,03,59,16,239,0,0
30,09,2022,12,03,59,15,225,0,0
30,09,2022,12,04,05,16,225,8,8
30,09,2022,12,04,08,13,227,0,4
30,09,2022,12,04,11,13,223,0,0
30,09,2022,12,04,15,13,256,0,0
30,09,2022,12,04,16,13,256,0,5
30,09,2022,12,04,16,13,239,0,5
30,09,2022,12,04,19,13,239,0,0
30,09,2022,12,04,19,13,216,0,0
30,09,2022,12,04,25,13,216,8,7
30,09,2022,12,04,26,29,230,8,7
30,09,2022,12,04,27,17,236,0,5
30,09,2022,12,04,29,17,222,0,4
30,09,2022,12,04,29,17,222,0,0
30,09,2022,12,04,35,26,249,0,0
30,09,2022,12,04,36,26,249,9,5
30,09,2022,12,04,36,34,236,9,5
30,09,2022,12,04,37,34,236,27,5
30,09,2022,12,04,39,30,220,28,5
30,09,2022,12,04,40,30,220,1,0
30,09,2022,12,04,41,19,220,1,0
30,09,2022,12,04,45,11,220,52,7
30,09,2022,12,04,45,43,235,52,7
30,09,2022,12,04,46,43,235,36,5
30,09,2022,12,04,47,43,221,36,5
30,09,2022,12,04,48,43,221,7,5
30,09,2022,12,04,49,16,200,7,5
30,09,2022,12,04,49,16,200,0,0
30,09,2022,12,04,56,13,219,10,0
30,09,2022,12,04,57,13,219,9,5
30,09,2022,12,04,59,18,202,0,4
30,09,2022,12,05,00,18,202,0,0
30,09,2022,12,05,05,27,218,0,0
30,09,2022,12,05,06,27,218,8,5
30,09,2022,12,05,08,18,195,0,6
30,09,2022,12,05,09,18,195,0,0
30,09,2022,12,05,15,14,199,1,4
30,09,2022,12,05,16,17,214,1,4
30,09,2022,12,05,19,26,193,9,5
30,09,2022,12,05,20,26,193,9,0
30,09,2022,12,05,25,29,193,20,0
30,09,2022,12,05,25,37,212,20,0
30,09,2022,12,05,26,37,212,24,5
30,09,2022,12,05,27,27,196,24,5
30,09,2022,12,05,28,27,196,0,5
30,09,2022,12,05,28,18,178,0,5
30,09,2022,12,05,29,18,178,0,0
30,09,2022,12,05,35,18,182,0,5
30,09,2022,12,05,38,18,191,0,0
30,09,2022,12,05,39,18,177,0,0
30,09,2022,12,05,45,42,176,3,0
30,09,2022,12,05,46,42,176,44,5
30,09,2022,12,05,47,42,189,44,5
30,09,2022,12,05,48,42,189,8,5
30,09,2022,12,05,48,21,169,8,5
30,09,2022,12,05,49,21,169,0,0
30,09,2022,12,05,55,19,173,0,5
30,09,2022,12,05,56,19,193,0,5
30,09,2022,12,05,58,19,195,0,0
30,09,2022,12,05,59,19,0,0,0
30,09,2022,12,06,01,19,171,0,0
30,09,2022,12,06,05,23,190,0,0
30,09,2022,12,06,06,23,190,0,5
30,09,2022,12,06,09,17,181,0,0
30,09,2022,12,06,15,22,180,9,5
30,09,2022,12,06,18,14,197,0,4
30,09,2022,12,06,18,14,197,0,0
30,09,2022,12,06,19,15,180,0,0
30,09,2022,12,06,25,24,209,0,0
30,09,2022,12,06,26,24,209,7,5
30,09,2022,12,06,29,14,206,0,0
30,09,2022,12,06,30,14,183,0,0
30,09,2022,12,06,35,15,186,55,5
30,09,2022,12,06,36,41,213,55,5
30,09,2022,12,06,37,41,213,34,5
30,09,2022,12,06,38,26,213,34,5
30,09,2022,12,06,38,26,213,0,0
30,09,2022,12,06,39,19,193,0,0
30,09,2022,12,06,45,19,214,0,0
30,09,2022,12,06,46,19,214,0,5
30,09,2022,12,06,47,19,203,0,5
30,09,2022,12,06,49,19,204,0,0
30,09,2022,12,06,55,19,206,49,0
30,09,2022,12,06,56,38,208,49,0
30,09,2022,12,06,57,38,208,35,5
30,09,2022,12,06,58,27,214,35,5
30,09,2022,12,06,58,27,214,0,0
30,09,2022,12,06,59,17,200,0,0
30,09,2022,12,07,05,16,227,0,0
30,09,2022,12,07,06,16,227,0,5
30,09,2022,12,07,09,16,219,0,0
30,09,2022,12,07,15,16,217,9,5
30,09,2022,12,07,18,15,228,0,5
30,09,2022,12,07,19,15,209,0,4
30,09,2022,12,07,20,15,209,0,0
30,09,2022,12,07,26,15,219,0,5
30,09,2022,12,07,29,15,215,0,0
30,09,2022,12,07,30,15,200,0,0
30,09,2022,12,07,35,14,200,9,5
30,09,2022,12,07,36,23,214,9,5
30,09,2022,12,07,38,14,211,0,0
30,09,2022,12,07,39,15,189,0,0
30,09,2022,12,07,45,14,206,0,0
30,09,2022,12,07,46,14,206,0,5
30,09,2022,12,07,49,15,203,0,0
30,09,2022,12,07,50,14,187,0,0
30,09,2022,12,07,55,14,187,10,5
30,09,2022,12,07,56,25,209,10,5
30,09,2022,12,07,58,29,214,7,0
30,09,2022,12,07,59,16,196,7,0
30,09,2022,12,08,05,37,214,0,0
30,09,2022,12,08,06,37,214,8,5
30,09,2022,12,08,07,14,220,8,5
30,09,2022,12,08,08,14,204,0,4
30,09,2022,12,08,09,14,204,0,0
30,09,2022,12,08,15,13,201,0,6
30,09,2022,12,08,16,14,223,0,6
30,09,2022,12,08,19,14,204,0,4
30,09,2022,12,08,20,14,204,0,0
30,09,2022,12,08,25,14,222,0,0
30,09,2022,12,08,26,14,222,0,5
30,09,2022,12,08,29,14,217,0,0
30,09,2022,12,08,30,13,201,0,0
30,09,2022,12,08,35,14,201,10,4
30,09,2022,12,08,36,18,229,10,4
30,09,2022,12,08,38,17,221,0,0
30,09,2022,12,08,39,17,199,0,0
30,09,2022,12,08,45,26,220,0,0
30,09,2022,12,08,46,26,220,0,5
30,09,2022,12,08,49,16,220,0,0
30,09,2022,12,08,50,17,208,0,0
30,09,2022,12,08,55,16,208,10,6
30,09,2022,12,08,56,28,227,10,6
30,09,2022,12,08,59,24,199,9,4
30,09,2022,12,09,00,24,199,10,0
30,09,2022,12,09,05,35,225,9,0
30,09,2022,12,09,06,35,225,1,5
30,09,2022,12,09,07,16,218,1,5
30,09,2022,12,09,09,15,214,0,0
30,09,2022,12,09,10,16,202,0,0
30,09,2022,12,09,15,16,201,53,4
30,09,2022,12,09,16,37,224,53,4
30,09,2022,12,09,17,37,224,32,6
30,09,2022,12,09,17,25,227,32,6
30,09,2022,12,09,18,25,227,0,0
30,09,2022,12,09,19,15,202,0,0
30,09,2022,12,09,25,24,221,0,0
30,09,2022,12,09,26,24,221,8,5
30,09,2022,12,09,29,15,215,0,0
30,09,2022,12,09,30,15,203,0,0
30,09,2022,12,09,35,16,202,10,6
30,09,2022,12,09,36,27,202,10,6
30,09,2022,12,09,38,23,208,0,3
30,09,2022,12,09,41,16,204,0,0
30,09,2022,12,09,45,25,233,0,0
30,09,2022,12,09,46,25,233,8,6
30,09,2022,12,09,47,27,191,8,6
30,09,2022,12,09,49,18,191,0,0
30,09,2022,12,09,50,18,175,0,0
30,09,2022,12,09,55,18,175,7,6
30,09,2022,12,09,56,27,196,7,6
30,09,2022,12,09,57,16,190,1,6
30,09,2022,12,09,59,15,179,0,5
30,09,2022,12,10,00,15,179,0,0
30,09,2022,12,10,05,44,208,0,0
30,09,2022,12,10,06,44,208,54,5
30,09,2022,12,10,07,35,185,54,5
30,09,2022,12,10,07,35,185,21,4
30,09,2022,12,10,08,18,191,21,4
30,09,2022,12,10,09,18,191,0,0
30,09,2022,12,10,10,17,176,0,0
30,09,2022,12,10,15,18,176,9,5
30,09,2022,12,10,16,16,195,9,5
30,09,2022,12,10,19,15,183,0,5
30,09,2022,12,10,20,15,183,0,0
30,09,2022,12,10,25,15,214,0,0
30,09,2022,12,10,26,15,214,0,6
30,09,2022,12,10,27,15,186,0,6
30,09,2022,12,10,29,15,195,0,0
30,09,2022,12,10,30,15,181,0,0
30,09,2022,12,10,35,15,181,9,8
30,09,2022,12,10,37,22,189,0,5
30,09,2022,12,10,37,21,211,0,5
30,09,2022,12,10,39,20,194,0,5
30,09,2022,12,10,40,20,194,0,0
30,09,2022,12,10,45,23,225,0,0
30,09,2022,12,10,46,23,225,8,4
30,09,2022,12,10,46,24,200,8,4
30,09,2022,12,10,49,25,208,8,0
30,09,2022,12,10,50,26,189,8,0
30,09,2022,12,10,50,26,189,37,0
30,09,2022,12,10,52,35,189,20,0
30,09,2022,12,10,53,29,189,0,0
30,09,2022,12,10,54,18,189,0,0
30,09,2022,12,10,55,18,189,9,5
30,09,2022,12,11,00,18,193,0,0
30,09,2022,12,11,02,17,0,0,0
30,09,2022,12,11,03,18,192,0,0
30,09,2022,12,11,05,25,226,0,0
30,09,2022,12,11,06,15,212,7,0
30,09,2022,12,11,09,15,188,0,0
30,09,2022,12,11,16,15,207,0,0
30,09,2022,12,11,16,15,207,0,5
30,09,2022,12,11,17,15,220,0,5
30,09,2022,12,11,19,14,193,0,6
30,09,2022,12,11,20,14,193,0,0
30,09,2022,12,11,25,24,227,0,0
30,09,2022,12,11,26,24,227,9,5
30,09,2022,12,11,28,23,206,9,6
30,09,2022,12,11,29,23,206,0,0
30,09,2022,12,11,35,21,196,7,8
30,09,2022,12,11,35,25,211,7,8
30,09,2022,12,11,38,18,211,0,5
30,09,2022,12,11,39,15,191,0,5
30,09,2022,12,11,39,15,191,0,0
30,09,2022,12,11,45,14,222,0,0
30,09,2022,12,11,46,14,222,0,6
30,09,2022,12,11,48,15,205,0,5
30,09,2022,12,11,49,15,205,0,0
30,09,2022,12,11,49,14,189,0,0
30,09,2022,12,11,55,15,188,8,7
30,09,2022,12,11,56,23,208,8,7
30,09,2022,12,11,57,17,197,6,5
30,09,2022,12,11,59,35,187,15,5
30,09,2022,12,11,59,35,187,27,0
30,09,2022,12,12,05,47,215,27,0
30,09,2022,12,12,06,47,215,74,5
30,09,2022,12,12,06,40,204,74,5
30,09,2022,12,12,07,40,204,43,5
30,09,2022,12,12,09,33,203,4,0
30,09,2022,12,12,09,20,192,4,0
30,09,2022,12,12,15,20,192,7,7
30,09,2022,12,12,16,24,210,7,7
30,09,2022,12,12,19,17,204,0,0
30,09,2022,12,12,26,22,202,54,5
30,09,2022,12,12,26,39,217,54,5
30,09,2022,12,12,27,39,217,28,5
30,09,2022,12,12,29,30,218,0,0
30,09,2022,12,12,29,13,209,0,0
30,09,2022,12,12,35,23,224,1,0
30,09,2022,12,12,36,23,224,0,5
30,09,2022,12,12,39,21,213,0,6
30,09,2022,12,12,39,21,213,0,0
30,09,2022,12,12,45,21,214,0,6
30,09,2022,12,12,49,21,220,0,0
30,09,2022,12,12,49,21,193,0,0
30,09,2022,12,12,56,43,217,6,0
30,09,2022,12,12,56,43,217,46,5
30,09,2022,12,12,58,37,216,10,5
30,09,2022,12,12,59,17,199,10,5
30,09,2022,12,12,59,17,199,0,0
30,09,2022,12,13,05,9,200,9,5
30,09,2022,12,13,06,25,228,9,5
30,09,2022,12,13,09,18,203,0,4
30,09,2022,12,13,10,18,203,0,0
30,09,2022,12,13,15,15,215,0,0
30,09,2022,12,13,16,15,215,0,6
30,09,2022,12,13,19,14,199,0,4
30,09,2022,12,13,19,14,199,0,0
30,09,2022,12,13,25,10,204,0,5
30,09,2022,12,13,26,36,214,0,5
30,09,2022,12,13,28,9,214,2,5
30,09,2022,12,13,29,8,194,0,3
30,09,2022,12,13,30,8,194,0,0
30,09,2022,12,13,35,37,207,4,0
30,09,2022,12,13,36,37,207,7,5
30,09,2022,12,13,37,15,205,7,5
30,09,2022,12,13,38,15,189,0,5
30,09,2022,12,13,39,15,189,0,0
30,09,2022,12,13,45,18,188,55,5
30,09,2022,12,13,46,18,209,55,5
30,09,2022,12,13,47,18,209,36,5
30,09,2022,12,13,48,26,201,0,0
30,09,2022,12,13,49,15,183,0,0
30,09,2022,12,13,55,16,198,2,0
30,09,2022,12,13,56,16,198,0,5
30,09,2022,12,13,58,9,181,0,5
30,09,2022,12,13,59,9,181,0,0
30,09,2022,12,14,00,9,168,0,0
30,09,2022,12,14,05,24,173,0,0
30,09,2022,12,14,05,24,173,54,5
30,09,2022,12,14,06,38,188,54,5
30,09,2022,12,14,07,38,188,33,5
30,09,2022,12,14,08,28,188,0,0
30,09,2022,12,14,09,12,171,0,0
30,09,2022,12,14,15,12,171,11,0
30,09,2022,12,14,15,39,178,11,0
30,09,2022,12,14,16,39,178,50,5
30,09,2022,12,14,18,36,177,1,5
30,09,2022,12,14,18,10,167,1,5
30,09,2022,12,14,19,10,167,0,0
30,09,2022,12,14,25,10,165,55,5
30,09,2022,12,14,26,42,186,55,5
30,09,2022,12,14,27,42,186,32,5
30,09,2022,12,14,28,31,179,32,5
30,09,2022,12,14,28,31,179,0,5
30,09,2022,12,14,29,14,162,0,5
30,09,2022,12,14,30,14,162,0,0
30,09,2022,12,14,35,25,161,0,0
30,09,2022,12,14,36,25,161,7,5
30,09,2022,12,14,37,14,182,7,5
30,09,2022,12,14,39,14,182,0,0
30,09,2022,12,14,40,14,171,0,0
30,09,2022,12,14,45,19,174,0,6
30,09,2022,12,14,48,11,199,0,6
30,09,2022,12,14,49,24,186,0,4
30,09,2022,12,14,50,24,186,10,0
30,09,2022,12,14,55,38,196,8,0
30,09,2022,12,14,56,38,196,27,5
30,09,2022,12,14,57,24,196,27,5
30,09,2022,12,14,58,24,196,0,5
30,09,2022,12,15,01,18,187,0,0
30,09,2022,12,15,05,18,187,56,6
30,09,2022,12,15,06,39,201,56,6
30,09,2022,12,15,07,39,201,36,5
30,09,2022,12,15,08,26,209,36,5
30,09,2022,12,15,08,26,209,7,0
30,09,2022,12,15,09,20,187,7,0
30,09,2022,12,15,15,44,203,0,0
30,09,2022,12,15,16,44,203,48,6
30,09,2022,12,15,18,37,203,4,5
30,09,2022,12,15,18,15,197,4,5
30,09,2022,12,15,19,15,197,0,0
30,09,2022,12,15,20,9,185,0,0
30,09,2022,12,15,25,9,185,55,5
30,09,2022,12,15,26,31,205,55,5
30,09,2022,12,15,27,31,205,0,5
30,09,2022,12,15,28,14,211,0,5
30,09,2022,12,15,29,14,191,0,5
30,09,2022,12,15,30,14,191,0,0
30,09,2022,12,15,35,38,203,0,0
30,09,2022,12,15,36,38,203,27,5
30,09,2022,12,15,37,25,205,27,5
30,09,2022,12,15,38,25,205,0,6
30,09,2022,12,15,39,18,196,0,0
30,09,2022,12,15,40,19,182,0,0
30,09,2022,12,15,46,16,202,9,0
30,09,2022,12,15,47,16,202,15,5
30,09,2022,12,15,48,41,203,15,5
30,09,2022,12,15,48,41,203,48,4
30,09,2022,12,15,49,39,178,48,4
30,09,2022,12,15,50,39,178,49,0
30,09,2022,12,15,55,65,204,50,0
30,09,2022,12,15,56,65,204,78,5
30,09,2022,12,15,57,44,200,78,5
30,09,2022,12,15,57,44,200,67,4
30,09,2022,12,15,59,40,196,37,0
30,09,2022,12,16,00,28,182,37,0
30,09,2022,12,16,01,28,182,0,0
30,09,2022,12,16,01,17,183,0,0
30,09,2022,12,16,05,17,183,9,4
30,09,2022,12,16,06,18,200,9,4
30,09,2022,12,16,09,16,183,0,5
30,09,2022,12,16,10,16,183,0,0
30,09,2022,12,16,15,27,182,0,0
30,09,2022,12,16,16,27,182,9,5
30,09,2022,12,16,17,29,195,9,5
30,09,2022,12,16,19,27,188,9,0
30,09,2022,12,16,23,14,185,0,0
30,09,2022,12,16,25,15,185,10,5
30,09,2022,12,16,26,27,204,10,5
30,09,2022,12,16,31,30,197,0,0
30,09,2022,12,16,32,16,197,0,0
30,09,2022,12,16,35,16,215,0,0
30,09,2022,12,16,36,16,215,36,5
30,09,2022,12,16,37,35,215,36,5
30,09,2022,12,16,38,35,215,25,6
30,09,2022,12,16,38,20,215,25,6
30,09,2022,12,16,39,20,215,0,0
30,09,2022,12,16,40,18,197,0,0
30,09,2022,12,16,45,16,197,54,5
30,09,2022,12,16,47,16,197,5,4
30,09,2022,12,16,47,1,202,5,4
30,09,2022,12,16,48,1,202,0,0
30,09,2022,12,16,49,1,191,0,0
30,09,2022,12,16,55,43,215,0,0
30,09,2022,12,16,56,43,215,37,0
30,09,2022,12,16,57,32,203,37,0
30,09,2022,12,16,57,32,203,37,5
30,09,2022,12,16,58,18,203,37,5
30,09,2022,12,16,59,18,203,0,0
30,09,2022,12,17,00,17,186,0,0
30,09,2022,12,17,05,17,186,8,5
30,09,2022,12,17,06,18,203,8,5
30,09,2022,12,17,07,15,220,8,5
30,09,2022,12,17,09,15,206,0,4
30,09,2022,12,17,10,15,206,0,0
30,09,2022,12,17,16,20,206,0,5
30,09,2022,12,17,17,14,217,0,5
30,09,2022,12,17,19,15,215,0,0
30,09,2022,12,17,20,14,200,0,0
30,09,2022,12,17,25,14,200,9,7
30,09,2022,12,17,29,11,184,0,5
30,09,2022,12,17,30,11,184,0,0
30,09,2022,12,17,35,41,212,0,0
30,09,2022,12,17,36,41,212,53,5
30,09,2022,12,17,38,13,193,53,6
30,09,2022,12,17,39,13,193,0,0
30,09,2022,12,17,40,13,178,0,0
30,09,2022,12,17,45,14,177,47,7
30,09,2022,12,17,46,14,195,47,7
30,09,2022,12,17,47,14,195,21,5
30,09,2022,12,17,48,15,203,0,5
30,09,2022,12,17,49,13,174,0,5
30,09,2022,12,17,50,13,174,0,0
30,09,2022,12,17,55,19,203,0,0
30,09,2022,12,17,56,19,203,8,5
30,09,2022,12,17,57,12,191,8,5
30,09,2022,12,17,58,11,178,8,5
30,09,2022,12,17,59,11,178,0,0
30,09,2022,12,18,00,11,165,0,0
30,09,2022,12,18,06,11,191,9,0
30,09,2022,12,18,07,11,191,0,5
30,09,2022,12,18,07,15,178,0,5
30,09,2022,12,18,09,35,163,0,5
30,09,2022,12,18,10,35,163,37,0
30,09,2022,12,18,15,58,193,36,0
30,09,2022,12,18,16,58,193,74,0
30,09,2022,12,18,16,46,180,74,0
30,09,2022,12,18,17,46,180,54,5
30,09,2022,12,18,19,39,174,27,0
30,09,2022,12,18,20,29,159,27,0
30,09,2022,12,18,20,29,159,0,0
30,09,2022,12,18,21,17,159,0,0
30,09,2022,12,18,25,17,159,8,7
30,09,2022,12,18,26,25,175,8,7
30,09,2022,12,18,28,17,167,7,4
30,09,2022,12,18,29,15,154,7,4
30,09,2022,12,18,30,15,154,0,0
30,09,2022,12,18,35,15,189,0,0
30,09,2022,12,18,38,15,175,0,0
30,09,2022,12,18,39,16,160,0,0
30,09,2022,12,18,45,16,160,64,8
30,09,2022,12,18,46,36,179,64,8
30,09,2022,12,18,46,36,179,0,5
30,09,2022,12,18,47,13,180,0,5
30,09,2022,12,18,49,13,162,0,4
30,09,2022,12,18,50,13,162,0,0
30,09,2022,12,18,55,39,194,0,0
30,09,2022,12,18,56,39,194,33,5
30,09,2022,12,18,56,24,179,33,5
30,09,2022,12,18,57,24,179,0,5
30,09,2022,12,18,58,19,191,0,5
30,09,2022,12,18,59,19,191,0,0
30,09,2022,12,19,00,19,175,0,0
30,09,2022,12,19,05,19,174,7,6
30,09,2022,12,19,07,17,188,0,5
30,09,2022,12,19,10,17,178,0,0
30,09,2022,12,19,15,46,211,0,0
30,09,2022,12,19,16,46,211,38,5
30,09,2022,12,19,16,16,200,38,5
30,09,2022,12,19,17,16,200,0,5
30,09,2022,12,19,19,16,172,0,5
30,09,2022,12,19,20,16,172,0,0
30,09,2022,12,19,25,16,172,0,6
30,09,2022,12,19,26,16,194,0,6
30,09,2022,12,19,26,16,194,21,5
30,09,2022,12,19,28,21,194,0,6
30,09,2022,12,19,29,19,175,0,6
30,09,2022,12,19,30,19,175,0,0
30,09,2022,12,19,35,20,209,0,0
30,09,2022,12,19,36,20,209,0,6
30,09,2022,12,19,38,19,194,0,5
30,09,2022,12,19,39,19,194,0,0
30,09,2022,12,19,40,20,167,0,0
30,09,2022,12,19,46,16,194,9,0
30,09,2022,12,19,46,16,194,0,5
30,09,2022,12,19,49,15,177,0,4
30,09,2022,12,19,49,15,177,0,0
30,09,2022,12,19,55,15,204,0,0
30,09,2022,12,19,56,15,204,0,6
30,09,2022,12,19,56,15,177,0,6
30,09,2022,12,19,59,15,176,0,0
30,09,2022,12,20,06,42,181,0,0
30,09,2022,12,20,06,42,181,45,5
30,09,2022,12,20,07,34,192,45,5
30,09,2022,12,20,09,20,185,45,5
30,09,2022,12,20,09,20,185,0,0
30,09,2022,12,20,13,19,171,0,0
30,09,2022,12,20,16,17,174,10,5
30,09,2022,12,20,16,25,191,10,5
30,09,2022,12,20,19,29,191,9,0
30,09,2022,12,20,19,30,178,9,0
30,09,2022,12,20,22,16,177,10,0
30,09,2022,12,20,25,40,199,16,0
30,09,2022,12,20,26,40,199,27,5
30,09,2022,12,20,27,13,190,27,5
30,09,2022,12,20,28,13,190,0,6
30,09,2022,12,20,29,12,193,0,0
30,09,2022,12,20,32,12,178,0,0
30,09,2022,12,20,35,8,182,7,5
30,09,2022,12,20,36,14,202,7,5
30,09,2022,12,20,39,14,197,0,0
30,09,2022,12,20,41,14,176,0,0
30,09,2022,12,20,45,27,199,6,0
30,09,2022,12,20,46,27,199,0,4
30,09,2022,12,20,49,20,196,0,0
30,09,2022,12,20,55,32,196,0,0
30,09,2022,12,20,56,32,196,55,0
30,09,2022,12,20,57,41,204,28,0
30,09,2022,12,20,58,26,213,28,0
30,09,2022,12,20,59,26,213,0,0
30,09,2022,12,20,59,16,195,0,0
30,09,2022,12,21,06,26,205,4,5
30,09,2022,12,21,07,38,202,4,5
30,09,2022,12,21,08,38,202,35,5
30,09,2022,12,21,08,36,187,35,5
30,09,2022,12,21,09,36,187,27,0
30,09,2022,12,21,15,36,191,68,4
30,09,2022,12,21,16,40,202,68,4
30,09,2022,12,21,17,40,202,46,6
30,09,2022,12,21,19,33,208,28,4
30,09,2022,12,21,19,33,181,28,4
30,09,2022,12,21,20,33,181,49,4
30,09,2022,12,21,23,24,180,11,0
30,09,2022,12,21,23,24,180,0,0
30,09,2022,12,21,25,24,180,12,0
30,09,2022,12,21,26,42,213,12,0
30,09,2022,12,21,26,42,213,46,5
30,09,2022,12,21,28,36,213,8,5
30,09,2022,12,21,28,24,185,8,5
30,09,2022,12,21,29,24,185,0,0
30,09,2022,12,21,35,23,186,9,5
30,09,2022,12,21,36,28,208,9,5
30,09,2022,12,21,38,27,198,9,0
30,09,2022,12,21,39,26,184,9,0
30,09,2022,12,21,41,38,184,12,0
30,09,2022,12,21,42,38,184,37,0
30,09,2022,12,21,43,34,184,1,0
30,09,2022,12,21,44,19,184,1,0
30,09,2022,12,21,45,18,196,0,0
30,09,2022,12,21,46,18,196,0,5
30,09,2022,12,21,48,18,170,0,4
30,09,2022,12,21,49,18,170,0,0
30,09,2022,12,21,55,18,168,1,5
30,09,2022,12,21,56,23,199,1,5
30,09,2022,12,22,00,22,190,0,0
30,09,2022,12,22,02,22,175,0,0
30,09,2022,12,22,05,28,193,0,0
30,09,2022,12,22,06,28,193,0,5
30,09,2022,12,22,07,14,179,0,5
30,09,2022,12,22,09,14,179,0,0
30,09,2022,12,22,15,13,174,9,5
30,09,2022,12,22,18,11,182,0,0
30,09,2022,12,22,19,11,164,0,0
30,09,2022,12,22,25,43,186,0,0
30,09,2022,12,22,26,43,186,49,0
30,09,2022,12,22,28,34,178,49,5
30,09,2022,12,22,29,24,171,0,5
30,09,2022,12,22,31,14,161,0,0
30,09,2022,12,22,35,14,160,8,5
30,09,2022,12,22,36,16,172,8,5
30,09,2022,12,22,40,16,169,0,0
30,09,2022,12,22,45,44,181,0,0
30,09,2022,12,22,46,44,181,53,0
30,09,2022,12,22,47,39,173,17,5
30,09,2022,12,22,48,20,160,17,5
30,09,2022,12,22,49,20,160,0,0
30,09,2022,12,22,55,15,157,0,5
30,09,2022,12,22,56,15,178,0,5
30,09,2022,12,22,59,15,156,0,5
30,09,2022,12,23,00,15,156,0,0
30,09,2022,12,23,05,36,177,0,0
30,09,2022,12,23,06,36,177,0,5
30,09,2022,12,23,07,35,188,0,5
30,09,2022,12,23,07,35,188,27,5
30,09,2022,12,23,09,27,179,0,0
30,09,2022,12,23,10,18,168,0,0
30,09,2022,12,23,15,11,167,37,5
30,09,2022,12,23,16,17,194,37,5
30,09,2022,12,23,17,17,194,0,5
30,09,2022,12,23,19,16,182,0,4
30,09,2022,12,23,20,16,182,0,0
30,09,2022,12,23,25,41,196,0,0
30,09,2022,12,23,26,41,196,18,0
30,09,2022,12,23,27,15,194,18,0
30,09,2022,12,23,28,15,194,0,0
30,09,2022,12,23,30,15,172,0,0
30,09,2022,12,23,35,16,171,48,5
30,09,2022,12,23,36,34,196,48,5
30,09,2022,12,23,37,34,196,7,5
30,09,2022,12,23,38,15,188,7,5
30,09,2022,12,23,39,6,172,0,6
30,09,2022,12,23,40,6,172,0,0
30,09,2022,12,23,45,40,191,0,0
30,09,2022,12,23,46,40,191,49,6
30,09,2022,12,23,47,37,179,49,6
30,09,2022,12,23,48,37,179,5,5
30,09,2022,12,23,48,3,175,5,5
30,09,2022,12,23,49,3,175,0,0
30,09,2022,12,23,55,3,171,54,6
30,09,2022,12,23,56,42,174,54,6
30,09,2022,12,23,57,42,174,35,5
30,09,2022,12,23,58,26,173,35,5
30,09,2022,12,23,58,26,173,0,5
30,09,2022,12,23,59,14,173,0,5
30,09,2022,12,24,00,14,173,0,0
30,09,2022,12,24,01,10,162,0,0
30,09,2022,12,24,05,40,177,0,0
30,09,2022,12,24,06,40,177,0,5
30,09,2022,12,24,07,7,171,0,5
30,09,2022,12,24,09,4,165,0,0
30,09,2022,12,24,15,5,163,53,5
30,09,2022,12,24,16,37,178,53,5
30,09,2022,12,24,17,37,178,22,5
30,09,2022,12,24,18,26,188,22,5
30,09,2022,12,24,18,26,188,0,4
30,09,2022,12,24,19,24,166,0,4
30,09,2022,12,24,20,24,166,0,0
30,09,2022,12,24,25,27,182,0,0
30,09,2022,12,24,26,27,182,0,6
30,09,2022,12,24,27,16,195,0,6
30,09,2022,12,24,29,13,186,0,0
30,09,2022,12,24,30,13,174,0,0
