12,09,2022,12,32,20,0.000,31.908,0.000,27.189,CW
12,09,2022,12,33,43,0.000,31.908,0.000,23.429,CW
12,09,2022,12,33,44,0.000,31.908,0.000,27.192,CW
12,09,2022,12,34,33,0.000,32.783,0.000,27.195,CW
12,09,2022,12,34,33,0.000,31.908,0.000,27.193,CW
12,09,2022,12,35,17,0.000,32.783,0.000,27.192,CW
12,09,2022,12,35,17,0.000,31.909,0.000,27.192,CW
12,09,2022,13,22,08,0.000,31.915,0.000,27.195,CW
12,09,2022,14,10,15,0.000,31.909,0.000,27.195,CW
12,09,2022,14,10,49,72.000,32.590,28.907,27.217,CW
12,09,2022,14,10,49,72.000,34.061,28.907,27.255,CW
12,09,2022,14,10,50,72.000,35.452,28.907,27.296,CW
12,09,2022,14,10,50,72.000,36.983,28.907,27.332,CW
12,09,2022,14,10,51,72.000,37.732,28.907,27.348,CW
12,09,2022,14,10,51,72.000,40.072,28.907,27.409,CW
12,09,2022,14,10,52,72.000,41.577,28.907,27.446,CW
12,09,2022,14,10,52,72.000,42.361,28.907,27.466,CW
12,09,2022,14,10,53,72.000,44.207,28.907,27.502,CW
12,09,2022,14,10,53,72.000,45.739,28.907,27.535,CW
12,09,2022,14,10,54,72.000,47.445,28.907,27.579,CW
12,09,2022,14,10,54,72.000,48.972,28.907,27.612,CW
12,09,2022,14,10,55,72.000,50.115,28.907,27.656,CW
12,09,2022,14,10,55,72.000,51.745,28.907,27.682,CW
12,09,2022,14,10,56,72.000,53.146,28.907,27.722,CW
12,09,2022,14,10,56,72.000,54.942,28.907,27.758,CW
12,09,2022,14,10,57,72.000,56.233,28.907,27.802,CW
12,09,2022,14,10,57,72.000,57.826,28.907,27.843,CW
12,09,2022,14,10,58,72.000,58.348,28.907,27.862,CW
12,09,2022,14,10,58,71.500,59.831,29.012,27.898,CW
12,09,2022,14,10,59,71.500,61.418,29.012,27.936,CW
12,09,2022,14,10,59,71.500,63.154,29.012,27.969,CW
12,09,2022,14,11,00,71.500,64.463,29.012,28.005,CW
12,09,2022,14,11,00,71.500,66.384,29.012,28.041,CW
12,09,2022,14,11,00,71.500,67.319,29.012,28.062,CW
12,09,2022,14,11,01,71.500,67.664,29.012,28.093,CW
12,09,2022,14,11,02,71.500,68.274,29.012,28.104,CW
12,09,2022,14,11,02,71.500,68.701,29.012,28.123,CW
12,09,2022,14,11,03,71.500,69.103,29.012,28.159,CW
12,09,2022,14,11,03,71.500,69.456,29.012,28.181,CW
12,09,2022,14,11,04,71.500,69.856,29.012,28.203,CW
12,09,2022,14,11,04,71.500,70.410,29.012,28.225,CW
12,09,2022,14,11,05,71.500,70.531,29.012,28.263,CW
12,09,2022,14,11,06,71.500,70.802,29.012,28.293,CW
12,09,2022,14,11,06,71.500,71.020,29.012,28.329,CW
12,09,2022,14,11,07,71.500,71.196,29.012,28.358,CW
12,09,2022,14,11,08,71.000,71.300,29.117,28.384,CW
12,09,2022,14,11,10,71.000,71.394,29.117,28.485,CW
12,09,2022,14,11,12,71.000,71.228,29.117,28.568,CW
12,09,2022,14,11,13,71.000,71.098,29.117,28.601,CW
12,09,2022,14,11,15,71.000,70.945,29.117,28.661,CW
12,09,2022,14,11,20,70.500,70.746,29.223,28.744,CW
12,09,2022,14,11,20,70.500,70.614,29.223,28.757,CW
12,09,2022,14,11,22,70.500,70.509,29.223,28.774,CW
12,09,2022,14,11,24,70.500,70.340,29.223,28.807,CW
12,09,2022,14,11,25,70.500,70.075,29.223,28.818,CW
12,09,2022,14,11,32,70.000,69.997,29.329,28.930,CW
12,09,2022,14,11,35,70.000,70.279,29.329,28.969,CW
12,09,2022,14,11,36,70.000,69.998,29.329,28.985,CW
12,09,2022,14,11,40,69.500,69.696,29.435,29.046,CW
12,09,2022,14,11,41,69.500,69.580,29.435,29.057,CW
12,09,2022,14,11,48,69.000,69.559,29.542,29.161,CW
12,09,2022,14,11,49,69.000,69.361,29.542,29.180,CW
12,09,2022,14,11,50,69.000,69.247,29.542,29.186,CW
12,09,2022,14,11,50,69.000,69.118,29.542,29.198,CW
12,09,2022,14,11,52,69.000,88.494,29.542,29.215,CW
12,09,2022,14,11,52,69.000,68.977,29.542,29.230,CW
12,09,2022,14,12,00,68.500,68.565,29.649,29.348,CW
12,09,2022,14,12,07,68.500,68.493,29.649,29.449,CW
12,09,2022,14,12,09,68.000,68.296,29.757,29.474,CW
12,09,2022,14,12,10,68.000,68.187,29.757,29.482,CW
12,09,2022,14,12,11,68.000,68.009,29.757,29.502,CW
12,09,2022,14,12,18,67.500,67.944,29.865,29.606,CW
12,09,2022,14,12,19,67.500,67.790,29.865,29.623,CW
12,09,2022,14,12,19,67.500,67.554,29.865,29.623,CW
12,09,2022,14,12,20,67.500,67.241,29.865,29.628,CW
12,09,2022,14,12,21,67.500,67.138,29.865,29.642,CW
12,09,2022,14,12,25,67.500,22.869,29.865,29.699,CW
12,09,2022,14,12,25,67.500,67.135,29.865,29.709,CW
12,09,2022,14,12,30,67.000,67.020,29.973,29.782,CW
12,09,2022,14,12,31,67.000,66.840,29.973,29.790,CW
12,09,2022,14,12,37,67.000,66.836,29.973,29.894,CW
12,09,2022,14,12,40,66.500,66.670,30.082,29.927,CW
12,09,2022,14,12,41,66.500,66.335,30.082,29.947,CW
12,09,2022,14,12,49,66.000,66.291,30.192,30.051,CW
12,09,2022,14,12,50,66.000,66.111,30.192,30.067,CW
12,09,2022,14,12,52,66.000,65.905,30.192,30.106,CW
12,09,2022,14,12,59,65.500,65.807,30.301,30.208,CW
12,09,2022,14,13,01,65.500,65.659,30.301,30.230,CW
12,09,2022,14,13,02,65.500,65.549,30.301,30.241,CW
12,09,2022,14,13,09,65.000,65.350,30.411,30.304,CW
12,09,2022,14,13,09,65.000,65.236,30.411,30.312,CW
12,09,2022,14,13,10,65.000,65.104,30.411,30.323,CW
12,09,2022,14,13,11,65.000,65.001,30.411,30.342,CW
12,09,2022,14,13,19,64.500,64.857,30.522,30.411,CW
12,09,2022,14,13,19,64.500,64.746,30.522,30.419,CW
12,09,2022,14,13,20,64.500,64.571,30.522,30.436,CW
12,09,2022,14,13,29,64.000,64.352,30.632,30.526,CW
12,09,2022,14,13,29,64.000,64.236,30.632,30.529,CW
12,09,2022,14,13,30,64.000,64.077,30.632,30.545,CW
12,09,2022,14,13,39,63.500,63.973,30.744,30.628,CW
12,09,2022,14,13,39,63.500,63.802,30.744,30.641,CW
12,09,2022,14,13,40,63.500,63.687,30.744,30.647,CW
12,09,2022,14,13,41,63.500,63.561,30.744,30.658,CW
12,09,2022,14,13,49,63.000,63.363,30.855,30.749,CW
12,09,2022,14,13,49,63.000,63.249,30.855,30.754,CW
12,09,2022,14,13,50,63.000,63.149,30.855,30.765,CW
12,09,2022,14,13,51,63.000,63.026,30.855,30.782,CW
12,09,2022,14,13,59,62.500,62.874,30.967,30.858,CW
12,09,2022,14,13,59,62.500,62.764,30.967,30.864,CW
12,09,2022,14,14,00,62.500,62.627,30.967,30.875,CW
12,09,2022,14,14,01,62.500,62.511,30.967,30.889,CW
12,09,2022,14,14,09,62.000,62.319,31.079,30.979,CW
12,09,2022,14,14,10,62.000,62.213,31.079,30.985,CW
12,09,2022,14,14,11,62.000,62.054,31.079,30.999,CW
12,09,2022,14,14,12,62.000,61.935,31.079,31.012,CW
12,09,2022,14,14,12,62.000,61.775,31.079,31.021,CW
12,09,2022,14,14,13,62.000,61.648,31.079,31.026,CW
12,09,2022,14,14,22,61.500,61.546,31.192,31.117,CW
12,09,2022,14,14,29,61.000,61.363,31.305,31.199,CW
12,09,2022,14,14,30,61.000,61.193,31.305,31.210,CW
12,09,2022,14,14,31,61.000,61.034,31.305,31.224,CW
12,09,2022,14,14,39,60.500,60.907,31.418,31.295,CW
12,09,2022,14,14,39,60.500,60.748,31.418,31.306,CW
12,09,2022,14,14,40,60.500,60.644,31.418,31.313,CW
12,09,2022,14,14,41,60.500,60.512,31.418,31.331,CW
12,09,2022,14,14,49,60.000,60.292,31.532,31.422,CW
12,09,2022,14,14,50,60.000,60.186,31.532,31.430,CW
12,09,2022,14,14,51,60.000,60.028,31.532,31.446,CW
12,09,2022,14,14,59,59.500,59.913,31.646,31.534,CW
12,09,2022,14,14,59,59.500,59.798,31.646,31.541,CW
12,09,2022,14,15,00,59.500,59.627,31.646,31.551,CW
12,09,2022,14,15,01,59.500,59.523,31.646,31.564,CW
12,09,2022,14,15,05,59.500,59.112,31.646,31.619,CW
12,09,2022,14,15,06,59.500,58.985,31.646,31.628,CW
12,09,2022,14,15,09,59.000,59.450,31.760,31.647,CW
12,09,2022,14,15,16,59.000,59.441,31.760,31.751,CW
12,09,2022,14,15,19,58.500,59.331,31.875,31.765,CW
12,09,2022,14,15,19,58.500,59.173,31.875,31.773,CW
12,09,2022,14,15,20,58.500,59.012,31.875,31.779,CW
12,09,2022,14,15,20,58.500,58.869,31.875,31.785,CW
12,09,2022,14,15,21,58.500,58.760,31.875,31.795,CW
12,09,2022,14,15,22,58.500,58.591,31.875,31.807,CW
12,09,2022,14,15,25,58.500,58.490,31.875,31.844,CW
12,09,2022,14,15,29,58.000,58.364,31.989,31.880,CW
12,09,2022,14,15,30,58.000,58.194,31.989,31.891,CW
12,09,2022,14,15,31,58.000,58.045,31.989,31.905,CW
12,09,2022,14,15,38,57.500,57.919,32.105,31.987,CW
12,09,2022,14,15,39,57.500,57.749,32.105,32.004,CW
12,09,2022,14,15,40,57.500,57.573,32.105,32.020,CW
12,09,2022,14,15,49,57.000,57.463,32.220,32.097,CW
12,09,2022,14,15,49,57.000,57.355,32.220,32.105,CW
12,09,2022,14,15,50,57.000,57.239,32.220,32.111,CW
12,09,2022,14,15,51,57.000,57.062,32.220,32.125,CW
12,09,2022,14,15,58,56.500,56.452,32.336,32.210,CW
12,09,2022,14,15,59,56.500,56.970,32.336,32.214,CW
12,09,2022,14,16,06,56.500,57.002,32.336,32.317,CW
12,09,2022,14,16,09,56.000,56.848,32.452,32.342,CW
12,09,2022,14,16,10,56.000,56.694,32.452,32.350,CW
12,09,2022,14,16,10,56.000,56.524,32.452,32.358,CW
12,09,2022,14,16,11,56.000,56.376,32.452,32.366,CW
12,09,2022,14,16,11,56.000,56.264,32.452,32.375,CW
12,09,2022,14,16,12,56.000,56.150,32.452,32.377,CW
12,09,2022,14,16,12,56.000,55.788,32.452,32.383,CW
12,09,2022,14,16,13,56.000,55.579,32.452,32.395,CW
12,09,2022,14,16,16,56.000,56.051,32.452,32.440,CW
12,09,2022,14,16,18,55.500,55.902,32.569,32.446,CW
12,09,2022,14,16,19,55.500,55.792,32.569,32.451,CW
12,09,2022,14,16,19,55.500,55.689,32.569,32.461,CW
12,09,2022,14,16,20,55.500,55.552,32.569,32.473,CW
12,09,2022,14,16,29,55.000,55.425,32.685,32.564,CW
12,09,2022,14,16,30,55.000,55.270,32.685,32.575,CW
12,09,2022,14,16,30,55.000,55.168,32.685,32.583,CW
12,09,2022,14,16,31,55.000,55.031,32.685,32.597,CW
12,09,2022,14,16,34,55.000,54.880,32.685,32.644,CW
12,09,2022,14,16,35,55.000,54.986,32.685,32.652,CW
12,09,2022,14,16,39,54.500,54.820,32.803,32.685,CW
12,09,2022,14,16,40,54.500,54.700,32.803,32.696,CW
12,09,2022,14,16,41,54.500,54.537,32.803,32.707,CW
12,09,2022,14,16,49,54.000,54.414,32.920,32.796,CW
12,09,2022,14,16,50,54.000,54.243,32.920,32.811,CW
12,09,2022,14,16,51,54.000,54.074,32.920,32.822,CW
12,09,2022,14,16,58,53.500,53.964,33.037,32.916,CW
12,09,2022,14,16,59,53.500,53.799,33.037,32.927,CW
12,09,2022,14,17,00,53.500,53.597,33.037,32.938,CW
12,09,2022,14,17,05,53.500,53.497,33.037,33.006,CW
12,09,2022,14,17,09,53.000,53.364,33.155,33.042,CW
12,09,2022,14,17,10,53.000,53.250,33.155,33.047,CW
12,09,2022,14,17,11,53.000,53.073,33.155,33.054,CW
12,09,2022,14,17,18,52.500,52.971,33.273,33.152,CW
12,09,2022,14,17,19,52.500,52.794,33.273,33.166,CW
12,09,2022,14,17,20,52.500,52.684,33.273,33.171,CW
12,09,2022,14,17,21,52.500,52.536,33.273,33.188,CW
12,09,2022,14,17,29,52.000,52.408,33.392,33.273,CW
12,09,2022,14,17,29,52.000,52.195,33.392,33.284,CW
12,09,2022,14,17,30,52.000,51.999,33.392,33.292,CW
12,09,2022,14,17,39,51.500,51.959,33.511,33.396,CW
12,09,2022,14,17,40,51.500,51.855,33.511,33.405,CW
12,09,2022,14,17,40,51.500,51.746,33.511,33.410,CW
12,09,2022,14,17,41,51.500,51.586,33.511,33.422,CW
12,09,2022,14,17,49,51.000,51.425,33.630,33.509,CW
12,09,2022,14,17,49,51.000,51.274,33.630,33.520,CW
12,09,2022,14,17,50,51.000,51.174,33.630,33.525,CW
12,09,2022,14,17,51,51.000,51.025,33.630,33.539,CW
12,09,2022,14,17,57,51.000,50.262,33.630,33.622,CW
12,09,2022,14,17,58,51.000,50.994,33.630,33.622,CW
12,09,2022,14,17,59,50.500,50.806,33.749,33.631,CW
12,09,2022,14,18,00,50.500,50.701,33.749,33.641,CW
12,09,2022,14,18,00,50.500,50.601,33.749,33.646,CW
12,09,2022,14,18,02,50.500,50.499,33.749,33.676,CW
12,09,2022,14,18,09,50.000,50.362,33.868,33.751,CW
12,09,2022,14,18,09,50.000,50.251,33.868,33.759,CW
12,09,2022,14,18,10,50.000,50.148,33.868,33.770,CW
12,09,2022,14,18,11,50.000,50.025,33.868,33.784,CW
12,09,2022,14,18,19,49.500,49.921,33.988,33.869,CW
12,09,2022,14,18,19,49.500,49.806,33.988,33.874,CW
12,09,2022,14,18,20,49.500,49.696,33.988,33.880,CW
12,09,2022,14,18,21,49.500,49.546,33.988,33.896,CW
12,09,2022,14,18,29,49.000,49.405,34.108,33.987,CW
12,09,2022,14,18,29,49.000,49.291,34.108,33.992,CW
12,09,2022,14,18,30,49.000,49.184,34.108,34.001,CW
12,09,2022,14,18,31,49.000,49.037,34.108,34.014,CW
12,09,2022,14,18,39,48.500,48.861,34.228,34.110,CW
12,09,2022,14,18,40,48.500,48.741,34.228,34.115,CW
12,09,2022,14,18,40,48.500,48.640,34.228,34.124,CW
12,09,2022,14,18,41,48.500,48.526,34.228,34.138,CW
12,09,2022,14,18,49,48.000,48.368,34.348,34.229,CW
12,09,2022,14,18,49,48.000,48.261,34.348,34.237,CW
12,09,2022,14,18,50,48.000,48.123,34.348,34.245,CW
12,09,2022,14,18,51,48.000,48.005,34.348,34.263,CW
12,09,2022,14,18,59,47.500,47.817,34.469,34.355,CW
12,09,2022,14,19,00,47.500,47.663,34.469,34.366,CW
12,09,2022,14,19,01,47.500,47.526,34.469,34.380,CW
12,09,2022,14,19,09,47.000,47.416,34.590,34.462,CW
12,09,2022,14,19,09,47.000,47.302,34.590,34.481,CW
12,09,2022,14,19,10,47.000,47.186,34.590,34.481,CW
12,09,2022,14,19,11,47.000,47.032,34.590,34.499,CW
12,09,2022,14,19,19,46.500,46.911,34.711,34.594,CW
12,09,2022,14,19,19,46.500,46.800,34.711,34.599,CW
12,09,2022,14,19,20,46.500,46.636,34.711,34.608,CW
12,09,2022,14,19,21,46.500,46.517,34.711,34.624,CW
12,09,2022,14,19,23,46.500,46.411,34.711,34.646,CW
12,09,2022,14,19,30,46.000,46.197,34.832,34.726,CW
12,09,2022,14,19,31,46.000,46.043,34.832,34.739,CW
12,09,2022,14,19,39,45.500,45.918,34.953,34.833,CW
12,09,2022,14,19,40,45.500,45.739,34.953,34.846,CW
12,09,2022,14,19,41,45.500,45.560,34.953,34.862,CW
12,09,2022,14,19,48,45.000,45.455,35.075,34.945,CW
12,09,2022,14,19,49,45.000,45.345,35.075,34.951,CW
12,09,2022,14,19,50,45.000,45.175,35.075,34.962,CW
12,09,2022,14,19,51,45.000,45.032,35.075,34.978,CW
12,09,2022,14,19,59,44.500,44.862,35.197,35.077,CW
12,09,2022,14,20,00,44.500,44.756,35.197,35.085,CW
12,09,2022,14,20,00,44.500,44.653,35.197,35.091,CW
12,09,2022,14,20,01,44.500,44.526,35.197,35.103,CW
12,09,2022,14,20,09,44.000,43.884,35.319,35.198,CW
12,09,2022,14,20,11,44.000,44.346,35.319,35.226,CW
12,09,2022,14,20,12,44.000,44.175,35.319,35.239,CW
12,09,2022,14,20,13,44.000,44.038,35.319,35.256,CW
12,09,2022,14,20,19,43.500,43.912,35.441,35.322,CW
12,09,2022,14,20,20,43.500,43.758,35.441,35.330,CW
12,09,2022,14,20,20,43.500,43.582,35.441,35.344,CW
12,09,2022,14,20,28,43.000,43.472,35.563,35.438,CW
12,09,2022,14,20,29,43.000,43.369,35.563,35.445,CW
12,09,2022,14,20,30,43.000,43.199,35.563,35.456,CW
12,09,2022,14,20,31,43.000,43.049,35.563,35.475,CW
12,09,2022,14,20,39,42.500,42.867,35.686,35.561,CW
12,09,2022,14,20,39,42.500,42.758,35.686,35.569,CW
12,09,2022,14,20,40,42.500,42.654,35.686,35.574,CW
12,09,2022,14,20,41,42.500,42.527,35.686,35.588,CW
12,09,2022,14,20,49,42.000,42.418,35.809,35.686,CW
12,09,2022,14,20,49,42.000,42.302,35.809,35.697,CW
12,09,2022,14,20,50,42.000,42.192,35.809,35.701,CW
12,09,2022,14,20,51,42.000,42.033,35.809,35.717,CW
12,09,2022,14,20,59,41.500,41.907,35.932,35.808,CW
12,09,2022,14,20,59,41.500,41.791,35.932,35.817,CW
12,09,2022,14,21,00,41.500,41.680,35.932,35.824,CW
12,09,2022,14,21,01,41.500,41.533,35.932,35.838,CW
12,09,2022,14,21,09,41.000,41.346,36.055,35.934,CW
12,09,2022,14,21,10,41.000,41.242,36.055,35.942,CW
12,09,2022,14,21,11,41.000,41.077,36.055,35.953,CW
12,09,2022,14,21,12,41.000,40.949,36.055,35.973,CW
12,09,2022,14,21,13,41.000,40.848,36.055,35.981,CW
12,09,2022,14,21,14,41.000,40.952,36.055,35.997,CW
12,09,2022,14,21,19,40.500,40.771,36.178,36.063,CW
12,09,2022,14,21,20,40.500,40.639,36.178,36.077,CW
12,09,2022,14,21,21,40.500,40.516,36.178,36.093,CW
12,09,2022,14,21,29,40.000,40.374,36.301,36.176,CW
12,09,2022,14,21,30,40.000,40.270,36.301,36.181,CW
12,09,2022,14,21,30,40.000,40.164,36.301,36.190,CW
12,09,2022,14,21,31,40.000,40.027,36.301,36.201,CW
12,09,2022,14,21,34,40.000,39.420,36.301,36.244,CW
12,09,2022,14,21,40,39.500,39.578,36.425,36.316,CW
12,09,2022,14,21,41,39.500,40.076,36.425,36.327,CW
12,09,2022,14,21,49,39.000,39.896,36.548,36.420,CW
12,09,2022,14,21,49,39.000,39.698,36.548,36.433,CW
12,09,2022,14,21,50,39.000,39.444,36.548,36.448,CW
12,09,2022,14,21,51,39.000,39.325,36.548,36.453,CW
12,09,2022,14,21,51,39.000,39.216,36.548,36.461,CW
12,09,2022,14,21,52,39.000,39.060,36.548,36.472,CW
12,09,2022,14,21,59,38.500,38.929,36.672,36.549,CW
12,09,2022,14,21,59,38.500,38.825,36.672,36.555,CW
12,09,2022,14,22,00,38.500,38.710,36.672,36.566,CW
12,09,2022,14,22,01,38.500,38.543,36.672,36.580,CW
12,09,2022,14,22,09,38.000,38.419,36.796,36.673,CW
12,09,2022,14,22,10,38.000,38.243,36.796,36.684,CW
12,09,2022,14,22,11,38.000,38.061,36.796,36.698,CW
12,09,2022,14,22,19,37.500,37.858,36.920,36.799,CW
12,09,2022,14,22,20,37.500,37.684,36.920,36.810,CW
12,09,2022,14,22,21,37.500,37.522,36.920,36.824,CW
12,09,2022,14,22,29,37.000,37.371,37.044,36.917,CW
12,09,2022,14,22,30,37.000,37.089,37.044,36.928,CW
12,09,2022,14,22,37,37.000,36.990,37.044,37.033,CW
12,09,2022,14,22,39,36.500,36.819,37.168,37.049,CW
12,09,2022,14,22,40,36.500,36.717,37.168,37.057,CW
12,09,2022,14,22,41,36.500,36.563,37.168,37.070,CW
12,09,2022,14,22,49,36.000,36.425,37.293,37.167,CW
12,09,2022,14,22,49,36.000,36.254,37.293,37.178,CW
12,09,2022,14,22,51,36.000,36.073,37.293,37.195,CW
12,09,2022,14,22,59,35.500,35.914,37.417,37.288,CW
12,09,2022,14,22,59,35.500,35.802,37.417,37.295,CW
12,09,2022,14,23,00,35.500,35.694,37.417,37.305,CW
12,09,2022,14,23,01,35.500,35.535,37.417,37.318,CW
12,09,2022,14,23,09,35.000,35.364,37.542,37.420,CW
12,09,2022,14,23,09,35.000,35.249,37.542,37.426,CW
12,09,2022,14,23,10,35.000,35.072,37.542,37.439,CW
12,09,2022,14,23,19,34.500,34.969,37.667,37.535,CW
12,09,2022,14,23,19,34.500,34.864,37.667,37.541,CW
12,09,2022,14,23,20,34.500,34.750,37.667,37.549,CW
12,09,2022,14,23,20,34.500,34.645,37.667,37.557,CW
12,09,2022,14,23,21,34.500,34.518,37.667,37.571,CW
12,09,2022,14,23,29,34.000,34.359,37.791,37.670,CW
12,09,2022,14,23,30,34.000,34.189,37.791,37.681,CW
12,09,2022,14,23,31,34.000,34.035,37.791,37.695,CW
12,09,2022,14,23,39,33.500,33.920,37.916,37.791,CW
12,09,2022,14,23,40,33.500,33.755,37.916,37.802,CW
12,09,2022,14,23,41,33.500,33.585,37.916,37.817,CW
12,09,2022,14,23,48,33.000,33.475,38.041,37.909,CW
12,09,2022,14,23,49,33.000,33.277,38.041,37.917,CW
12,09,2022,14,23,50,33.000,32.936,38.041,37.927,CW
12,09,2022,14,23,50,33.000,32.726,38.041,37.931,CW
12,09,2022,14,23,52,33.000,32.931,38.041,37.953,CW
12,09,2022,14,23,53,33.000,33.151,38.041,37.958,CW
12,09,2022,14,23,53,33.000,33.035,38.041,37.972,CW
12,09,2022,14,23,59,32.500,32.854,38.166,38.043,CW
12,09,2022,14,24,00,32.500,32.682,38.166,38.054,CW
12,09,2022,14,24,01,32.500,32.546,38.166,38.068,CW
12,09,2022,14,24,09,32.000,32.310,38.291,38.170,CW
12,09,2022,14,24,10,32.000,32.200,38.291,38.178,CW
12,09,2022,14,24,11,32.000,32.068,38.291,38.189,CW
12,09,2022,14,24,19,31.500,31.920,38.417,38.291,CW
12,09,2022,14,24,19,31.500,31.805,38.417,38.295,CW
12,09,2022,14,24,20,31.500,31.607,38.417,38.313,CW
12,09,2022,14,24,22,31.500,31.499,38.417,38.329,CW
12,09,2022,14,24,29,31.000,31.365,38.542,38.417,CW
12,09,2022,14,24,30,31.000,31.201,38.542,38.428,CW
12,09,2022,14,24,31,31.000,31.036,38.542,38.442,CW
12,09,2022,14,24,39,30.500,30.860,38.667,38.543,CW
12,09,2022,14,24,40,30.500,30.739,38.667,38.552,CW
12,09,2022,14,24,41,30.500,30.558,38.667,38.565,CW
12,09,2022,14,24,48,30.000,30.458,38.792,38.664,CW
12,09,2022,14,24,49,30.000,30.340,38.792,38.670,CW
12,09,2022,14,24,49,30.000,30.217,38.792,38.678,CW
12,09,2022,14,24,50,30.000,30.096,38.792,38.689,CW
12,09,2022,14,24,53,30.000,29.996,38.792,38.725,CW
12,09,2022,14,24,59,29.500,29.827,38.918,38.796,CW
12,09,2022,14,25,00,29.500,29.634,38.918,38.810,CW
12,09,2022,14,25,01,29.500,29.514,38.918,38.823,CW
12,09,2022,14,25,09,29.000,29.362,39.043,38.920,CW
12,09,2022,14,25,09,29.000,29.256,39.043,38.922,CW
12,09,2022,14,25,10,29.000,29.064,39.043,38.939,CW
12,09,2022,14,25,19,28.500,28.922,39.169,39.043,CW
12,09,2022,14,25,19,28.500,28.810,39.169,39.049,CW
12,09,2022,14,25,20,28.500,28.701,39.169,39.057,CW
12,09,2022,14,25,21,28.500,28.532,39.169,39.069,CW
12,09,2022,14,25,29,28.000,28.361,39.294,39.167,CW
12,09,2022,14,25,30,28.000,28.190,39.294,39.178,CW
12,09,2022,14,25,31,28.000,28.037,39.294,39.192,CW
12,09,2022,14,25,39,27.500,27.862,39.420,39.296,CW
12,09,2022,14,25,40,27.500,27.695,39.420,39.307,CW
12,09,2022,14,25,41,27.500,27.576,39.420,39.317,CW
12,09,2022,14,25,42,27.500,27.460,39.420,39.345,CW
12,09,2022,14,25,49,27.000,27.338,39.545,39.415,CW
12,09,2022,14,25,49,27.000,27.222,39.545,39.422,CW
12,09,2022,14,25,50,27.000,27.053,39.545,39.436,CW
12,09,2022,14,25,53,27.000,26.953,39.545,39.480,CW
12,09,2022,14,25,59,26.500,26.834,39.671,39.543,CW
12,09,2022,14,25,59,26.500,26.722,39.671,39.553,CW
12,09,2022,14,26,00,26.500,26.588,39.671,39.562,CW
12,09,2022,14,26,08,26.500,26.493,39.671,39.664,CW
12,09,2022,14,26,09,26.000,26.310,39.797,39.678,CW
12,09,2022,14,26,10,26.000,26.157,39.797,39.689,CW
12,09,2022,14,26,11,26.000,26.015,39.797,39.702,CW
12,09,2022,14,26,19,25.500,25.874,39.922,39.796,CW
12,09,2022,14,26,19,25.500,25.761,39.922,39.804,CW
12,09,2022,14,26,20,25.500,25.624,39.922,39.812,CW
12,09,2022,14,26,21,25.500,25.504,39.922,39.823,CW
12,09,2022,14,26,29,25.000,25.350,40.048,39.928,CW
12,09,2022,14,26,30,25.000,25.245,40.048,39.933,CW
12,09,2022,14,26,31,25.000,25.070,40.048,39.948,CW
12,09,2022,14,26,38,24.500,24.970,40.173,40.043,CW
12,09,2022,14,26,39,24.500,24.801,40.173,40.051,CW
12,09,2022,14,26,40,24.500,24.690,40.173,40.058,CW
12,09,2022,14,26,41,24.500,24.543,40.173,40.070,CW
12,09,2022,14,26,49,24.000,24.423,40.299,40.169,CW
12,09,2022,14,26,49,24.000,24.318,40.299,40.178,CW
12,09,2022,14,26,50,24.000,24.208,40.299,40.183,CW
12,09,2022,14,26,51,24.000,24.070,40.299,40.191,CW
12,09,2022,14,26,58,23.500,23.970,40.425,40.290,CW
12,09,2022,14,26,59,23.500,23.796,40.425,40.301,CW
12,09,2022,14,27,00,23.500,23.609,40.425,40.318,CW
12,09,2022,14,27,01,23.500,23.505,40.425,40.329,CW
12,09,2022,14,27,09,23.000,23.356,40.550,40.425,CW
12,09,2022,14,27,10,23.000,23.240,40.550,40.430,CW
12,09,2022,14,27,11,23.000,23.065,40.550,40.447,CW
12,09,2022,14,27,19,22.500,22.917,40.676,40.546,CW
12,09,2022,14,27,19,22.500,22.814,40.676,40.554,CW
12,09,2022,14,27,20,22.500,22.708,40.676,40.559,CW
12,09,2022,14,27,21,22.500,22.543,40.676,40.573,CW
12,09,2022,14,27,29,22.000,22.428,40.801,40.675,CW
12,09,2022,14,27,30,22.000,22.262,40.801,40.686,CW
12,09,2022,14,27,31,22.000,22.087,40.801,40.699,CW
12,09,2022,14,27,35,22.000,21.987,40.801,40.757,CW
12,09,2022,14,27,39,21.500,21.813,40.927,40.807,CW
12,09,2022,14,27,40,21.500,21.703,40.927,40.812,CW
12,09,2022,14,27,41,21.500,21.538,40.927,40.828,CW
12,09,2022,14,27,47,21.500,21.405,40.927,40.910,CW
12,09,2022,14,27,49,21.000,21.274,41.052,40.931,CW
12,09,2022,14,27,50,21.000,21.170,41.052,40.938,CW
12,09,2022,14,27,51,21.000,21.033,41.052,40.952,CW
12,09,2022,14,27,59,20.500,20.812,41.177,41.054,CW
12,09,2022,14,28,00,20.500,20.661,41.177,41.062,CW
12,09,2022,14,28,01,20.500,20.521,41.177,41.078,CW
12,09,2022,14,28,09,20.000,20.356,41.303,41.183,CW
12,09,2022,14,28,10,20.000,20.194,41.303,41.191,CW
12,09,2022,14,28,11,20.000,20.034,41.303,41.208,CW
12,09,2022,14,28,19,19.500,19.912,41.428,41.301,CW
12,09,2022,14,28,19,19.500,19.795,41.428,41.306,CW
12,09,2022,14,28,20,19.500,19.638,41.428,41.317,CW
12,09,2022,14,28,21,19.500,19.513,41.428,41.331,CW
12,09,2022,14,28,29,19.000,19.302,41.553,41.433,CW
12,09,2022,14,28,30,19.000,19.199,41.553,41.435,CW
12,09,2022,14,28,31,19.000,19.059,41.553,41.449,CW
12,09,2022,14,28,39,18.500,18.919,41.679,41.551,CW
12,09,2022,14,28,40,18.500,18.753,41.679,41.559,CW
12,09,2022,14,28,41,18.500,18.583,41.679,41.573,CW
12,09,2022,14,28,48,18.000,18.468,41.804,41.673,CW
12,09,2022,14,28,49,18.000,18.314,41.804,41.684,CW
12,09,2022,14,28,50,18.000,18.204,41.804,41.691,CW
12,09,2022,14,28,51,18.000,18.039,41.804,41.705,CW
12,09,2022,14,28,59,17.500,17.918,41.929,41.799,CW
12,09,2022,14,29,00,17.500,17.753,41.929,41.812,CW
12,09,2022,14,29,00,17.500,17.650,41.929,41.820,CW
12,09,2022,14,29,01,17.500,17.523,41.929,41.834,CW
12,09,2022,14,29,09,17.000,17.413,42.054,41.927,CW
12,09,2022,14,29,09,17.000,17.296,42.054,41.933,CW
12,09,2022,14,29,10,17.000,17.193,42.054,41.941,CW
12,09,2022,14,29,11,17.000,17.043,42.054,41.952,CW
12,09,2022,14,29,19,16.500,16.972,42.179,42.052,CW
12,09,2022,14,29,19,16.500,16.864,42.179,42.056,CW
12,09,2022,14,29,20,16.500,16.748,42.179,42.062,CW
12,09,2022,14,29,21,16.500,16.578,42.179,42.080,CW
12,09,2022,14,29,25,16.500,16.445,42.179,42.133,CW
12,09,2022,14,29,29,16.000,16.254,42.303,42.183,CW
12,09,2022,14,29,30,16.000,16.077,42.303,42.196,CW
12,09,2022,14,29,38,15.500,15.986,42.428,42.298,CW
12,09,2022,14,29,39,15.500,15.854,42.428,42.303,CW
12,09,2022,14,29,40,15.500,15.737,42.428,42.312,CW
12,09,2022,14,29,40,15.500,15.633,42.428,42.320,CW
12,09,2022,14,29,41,15.500,15.529,42.428,42.331,CW
12,09,2022,14,29,49,15.000,15.420,42.553,42.427,CW
12,09,2022,14,29,50,15.000,15.220,42.553,42.438,CW
12,09,2022,14,29,51,15.000,15.062,42.553,42.454,CW
12,09,2022,14,29,59,14.500,14.920,42.677,42.548,CW
12,09,2022,14,29,59,14.500,14.815,42.677,42.553,CW
12,09,2022,14,30,00,14.500,14.655,42.677,42.564,CW
12,09,2022,14,30,01,14.500,14.507,42.677,42.578,CW
12,09,2022,14,30,09,14.000,14.366,42.802,42.680,CW
12,09,2022,14,30,10,14.000,14.254,42.802,42.685,CW
12,09,2022,14,30,10,14.000,14.096,42.802,42.699,CW
12,09,2022,14,30,13,14.000,13.995,42.802,42.729,CW
12,09,2022,14,30,20,13.500,13.749,42.926,42.812,CW
12,09,2022,14,30,20,13.500,13.612,42.926,42.822,CW
12,09,2022,14,30,22,13.500,13.500,42.926,42.839,CW
12,09,2022,14,30,30,13.000,13.248,43.050,42.938,CW
12,09,2022,14,30,31,13.000,13.039,43.050,42.954,CW
12,09,2022,14,30,39,12.500,12.863,43.174,43.053,CW
12,09,2022,14,30,40,12.500,12.696,43.174,43.064,CW
12,09,2022,14,30,42,12.500,12.498,43.174,43.089,CW
12,09,2022,14,30,51,12.000,12.030,43.298,43.196,CW
12,09,2022,14,30,59,11.500,11.865,43.422,43.300,CW
12,09,2022,14,31,00,11.500,11.710,43.422,43.309,CW
12,09,2022,14,31,01,11.500,11.546,43.422,43.322,CW
12,09,2022,14,31,10,11.000,11.155,43.546,43.438,CW
12,09,2022,14,31,11,11.000,11.024,43.546,43.451,CW
12,09,2022,14,31,19,10.500,10.810,43.669,43.549,CW
12,09,2022,14,31,20,10.500,10.695,43.669,43.556,CW
12,09,2022,14,31,21,10.500,10.541,43.669,43.570,CW
12,09,2022,14,31,29,10.000,10.421,43.793,43.668,CW
12,09,2022,14,31,29,10.000,10.310,43.793,43.673,CW
12,09,2022,14,31,30,10.000,10.206,43.793,43.682,CW
12,09,2022,14,31,31,10.000,10.047,43.793,43.696,CW
12,09,2022,14,31,39,9.500,9.882,43.916,43.792,CW
12,09,2022,14,31,40,9.500,9.772,43.916,43.798,CW
12,09,2022,14,31,40,9.500,9.668,43.916,43.799,CW
12,09,2022,14,31,41,9.500,9.525,43.916,43.819,CW
12,09,2022,14,31,49,9.000,9.420,44.039,43.910,CW
12,09,2022,14,31,49,9.000,9.304,44.039,43.918,CW
12,09,2022,14,31,50,9.000,9.122,44.039,43.929,CW
12,09,2022,14,31,51,9.000,9.019,44.039,43.947,CW
12,09,2022,14,31,54,9.000,8.915,44.039,43.987,CW
12,09,2022,14,31,59,8.500,8.763,44.162,44.035,CW
12,09,2022,14,32,00,8.500,8.607,44.162,44.045,CW
12,09,2022,14,32,01,8.500,8.499,44.162,44.063,CW
12,09,2022,14,32,09,8.000,8.364,44.285,44.163,CW
12,09,2022,14,32,10,8.000,8.256,44.285,44.168,CW
12,09,2022,14,32,11,8.000,8.080,44.285,44.182,CW
12,09,2022,14,32,19,7.500,7.926,44.407,44.284,CW
12,09,2022,14,32,19,7.500,7.816,44.407,44.292,CW
12,09,2022,14,32,20,7.500,7.690,44.407,44.297,CW
12,09,2022,14,32,20,7.500,7.344,44.407,44.306,CW
12,09,2022,14,32,21,7.500,7.084,44.407,44.311,CW
12,09,2022,14,32,24,7.500,7.547,44.407,44.358,CW
12,09,2022,14,32,29,7.000,7.366,44.530,44.409,CW
12,09,2022,14,32,30,7.000,7.244,44.530,44.413,CW
12,09,2022,14,32,30,7.000,7.139,44.530,44.421,CW
12,09,2022,14,32,31,7.000,7.010,44.530,44.435,CW
12,09,2022,14,32,39,6.500,6.812,44.652,44.536,CW
12,09,2022,14,32,40,6.500,6.701,44.652,44.542,CW
12,09,2022,14,32,41,6.500,6.580,44.652,44.550,CW
12,09,2022,14,32,49,6.000,6.465,44.774,44.646,CW
12,09,2022,14,32,49,6.000,6.355,44.774,44.654,CW
12,09,2022,14,32,50,6.000,6.238,44.774,44.660,CW
12,09,2022,14,32,51,6.000,6.064,44.774,44.674,CW
12,09,2022,14,32,59,5.500,5.851,44.896,44.775,CW
12,09,2022,14,33,00,5.500,5.747,44.896,44.784,CW
12,09,2022,14,33,01,5.500,5.564,44.896,44.797,CW
12,09,2022,14,33,09,5.000,5.365,45.018,44.896,CW
12,09,2022,14,33,10,5.000,5.192,45.018,44.907,CW
12,09,2022,14,33,11,5.000,5.031,45.018,44.921,CW
12,09,2022,14,33,19,4.500,4.923,45.139,45.017,CW
12,09,2022,14,33,20,4.500,4.751,45.139,45.024,CW
12,09,2022,14,33,21,4.500,4.581,45.139,45.042,CW
12,09,2022,14,33,21,4.500,4.264,45.139,45.047,CW
12,09,2022,14,33,22,4.500,4.520,45.139,45.055,CW
12,09,2022,14,33,30,4.000,4.323,45.260,45.145,CW
12,09,2022,14,33,30,4.000,4.214,45.260,45.152,CW
12,09,2022,14,33,31,4.000,4.052,45.260,45.165,CW
12,09,2022,14,33,39,3.500,3.916,45.381,45.256,CW
12,09,2022,14,33,39,3.500,3.812,45.381,45.261,CW
12,09,2022,14,33,40,3.500,3.702,45.381,45.270,CW
12,09,2022,14,33,41,3.500,3.537,45.381,45.283,CW
12,09,2022,14,33,49,3.000,3.357,45.502,45.382,CW
12,09,2022,14,33,50,3.000,3.195,45.502,45.393,CW
12,09,2022,14,33,51,3.000,3.048,45.502,45.404,CW
12,09,2022,14,33,59,2.500,2.922,45.623,45.498,CW
12,09,2022,14,34,00,2.500,2.757,45.623,45.507,CW
12,09,2022,14,34,00,2.500,2.653,45.623,45.517,CW
12,09,2022,14,34,01,2.500,2.521,45.623,45.528,CW
12,09,2022,14,34,09,2.000,2.417,45.743,45.618,CW
12,09,2022,14,34,09,2.000,2.307,45.743,45.628,CW
12,09,2022,14,34,10,2.000,2.191,45.743,45.632,CW
12,09,2022,14,34,11,2.000,2.039,45.743,45.645,CW
12,09,2022,14,34,19,1.500,1.917,45.864,45.739,CW
12,09,2022,14,34,20,1.500,1.748,45.864,45.750,CW
12,09,2022,14,34,20,1.500,1.648,45.864,45.753,CW
12,09,2022,14,34,21,1.500,1.520,45.864,45.770,CW
12,09,2022,14,34,29,1.000,1.361,45.983,45.863,CW
12,09,2022,14,34,30,1.000,1.192,45.983,45.874,CW
12,09,2022,14,34,31,1.000,1.032,45.983,45.888,CW
12,09,2022,14,34,39,0.500,0.922,46.103,45.981,CW
12,09,2022,14,34,40,0.500,0.763,46.103,45.992,CW
12,09,2022,14,34,41,0.500,0.587,46.103,46.003,CW
12,09,2022,14,34,48,0.000,0.478,46.223,46.095,CW
12,09,2022,14,34,49,0.000,0.318,46.223,46.105,CW
12,09,2022,14,34,50,0.000,0.208,46.223,46.110,CW
12,09,2022,14,34,51,0.000,0.049,46.223,46.124,CW
12,09,2022,14,34,52,0.000,359.991,46.223,46.140,CW
12,09,2022,15,03,44,358.500,359.805,46.580,46.165,CW
12,09,2022,15,05,47,358.500,359.586,46.580,46.165,CW
12,09,2022,15,05,49,358.500,359.825,46.580,46.162,CW
12,09,2022,16,39,21,358.500,359.634,46.580,46.162,CW
12,09,2022,16,39,27,358.500,359.773,46.580,46.162,CW
12,09,2022,16,39,28,358.500,359.902,46.580,46.162,CW
12,09,2022,16,54,18,358.500,359.766,46.580,46.162,CW
12,09,2022,16,54,19,358.500,359.474,46.580,46.160,CW
12,09,2022,16,54,22,358.500,359.623,46.580,46.157,CW
12,09,2022,16,54,23,358.500,359.910,46.580,46.154,CW
