18,09,2022,09,13,15,0000,0000,0000,0000,OFF,OFF
18,09,2022,09,13,59,0000,0000,0000,0000,ON,OFF
18,09,2022,09,14,10,0000,0000,0000,0000,OFF,ON
18,09,2022,09,17,37,0000,0000,0000,0000,OFF,OFF
18,09,2022,09,17,45,0000,0000,0000,0000,ON,OFF
18,09,2022,09,17,46,0000,0000,0000,0000,ON,ON
18,09,2022,09,27,13,0000,0000,0034,0000,ON,ON
18,09,2022,09,27,15,0000,0000,0000,0000,ON,ON
18,09,2022,09,27,56,0000,0000,0000,0000,OFF,ON
18,09,2022,09,27,57,0000,0000,0000,0000,OFF,OFF
18,09,2022,09,28,05,0000,0000,0000,0000,ON,OFF
18,09,2022,09,28,06,0000,0000,0000,0000,ON,ON
18,09,2022,09,36,39,0021,0000,0000,0000,ON,ON
18,09,2022,09,36,39,0021,0000,0000,0000,ON,OFF
18,09,2022,09,36,40,0021,0000,0000,0000,OFF,OFF
18,09,2022,09,36,40,0000,0000,0000,0000,OFF,OFF
18,09,2022,09,36,49,0000,0000,5006,5006,OFF,OFF
18,09,2022,09,36,56,0000,0000,5006,5006,ON,OFF
18,09,2022,09,36,57,0000,0000,5006,5006,ON,ON
18,09,2022,09,50,14,0000,0000,0029,5006,ON,ON
18,09,2022,09,50,16,0000,0000,5006,5006,ON,ON
18,09,2022,09,54,42,5006,0000,5006,5006,ON,ON
18,09,2022,09,54,42,5006,0000,5006,5006,OFF,OFF
18,09,2022,09,54,43,0000,0000,5006,5006,OFF,OFF
18,09,2022,09,55,13,0000,0000,5006,5006,ON,OFF
18,09,2022,09,55,14,0000,0000,5006,5006,ON,ON
18,09,2022,10,13,02,0000,0000,5006,0035,ON,ON
18,09,2022,10,13,04,0000,0000,5006,5006,ON,ON
18,09,2022,10,22,25,0000,0000,5006,0034,ON,ON
18,09,2022,10,22,26,0000,0000,5006,5006,ON,ON
18,09,2022,10,36,32,0000,0000,0021,5006,ON,ON
18,09,2022,10,36,34,0000,0000,5006,5006,ON,ON
18,09,2022,10,36,40,0000,0000,0030,5006,ON,ON
18,09,2022,10,36,42,0000,0000,5006,5006,ON,ON
18,09,2022,10,36,50,0000,0000,0000,5006,ON,ON
18,09,2022,10,36,51,0000,0000,5006,5006,ON,ON
18,09,2022,10,41,04,0000,5006,5006,5006,ON,ON
18,09,2022,10,41,05,0000,5006,5006,5006,OFF,ON
18,09,2022,10,41,05,0000,5006,5006,5006,OFF,OFF
18,09,2022,10,41,06,0000,0000,5006,5006,OFF,OFF
18,09,2022,10,41,31,0000,0000,5006,5006,ON,OFF
18,09,2022,10,41,32,0000,0000,5006,5006,ON,ON
18,09,2022,10,50,20,0000,5006,5006,5006,ON,ON
18,09,2022,10,50,20,0000,5006,5006,5006,OFF,ON
18,09,2022,10,50,20,0000,5006,5006,5006,OFF,OFF
18,09,2022,10,50,21,0000,0000,5006,5006,OFF,OFF
18,09,2022,10,50,32,0000,0000,5006,5006,ON,OFF
18,09,2022,10,50,36,0000,0000,5006,5006,ON,ON
18,09,2022,10,50,52,0000,0000,0000,5006,ON,ON
18,09,2022,10,50,53,0000,0000,5006,5006,ON,ON
18,09,2022,10,55,16,0000,5006,5006,5006,ON,ON
18,09,2022,10,55,17,0000,5006,5006,5006,OFF,OFF
18,09,2022,10,55,18,0000,0000,5006,5006,OFF,OFF
18,09,2022,10,56,49,0000,0000,5006,5006,ON,OFF
18,09,2022,10,56,50,0000,0000,5006,5006,ON,ON
18,09,2022,10,59,56,0000,0000,5006,0018,ON,ON
18,09,2022,10,59,58,0000,0000,5006,5006,ON,ON
18,09,2022,11,27,35,0000,0000,0025,5006,ON,ON
18,09,2022,11,27,36,0000,0000,5006,5006,ON,ON
18,09,2022,12,04,14,0000,0000,5006,0051,ON,ON
18,09,2022,12,04,16,0000,0000,5006,5006,ON,ON
18,09,2022,12,14,03,5006,0000,5006,5006,ON,ON
18,09,2022,12,14,04,5006,0000,5006,5006,OFF,ON
18,09,2022,12,14,04,5006,0000,5006,5006,OFF,OFF
18,09,2022,12,14,05,0000,0000,5006,5006,OFF,OFF
18,09,2022,12,14,33,0000,0000,7805,5006,OFF,OFF
18,09,2022,12,41,40,0000,5006,7805,5006,OFF,OFF
18,09,2022,12,41,41,0000,0000,7805,5006,OFF,OFF
18,09,2022,12,41,42,0000,0000,7805,0000,OFF,OFF
18,09,2022,12,41,43,0000,0000,7805,5006,OFF,OFF
18,09,2022,12,41,47,0000,0000,7805,5006,ON,OFF
18,09,2022,12,41,51,0000,0000,7805,5006,ON,ON
18,09,2022,13,04,42,0000,0000,7805,0000,ON,ON
18,09,2022,13,04,45,0000,0000,7805,5006,ON,ON
18,09,2022,13,09,33,0000,0000,7805,0046,ON,ON
18,09,2022,13,09,36,0000,0000,7805,5006,ON,ON
18,09,2022,13,09,50,0000,0000,7805,0000,ON,ON
18,09,2022,13,09,51,0000,0000,7805,5006,ON,ON
18,09,2022,13,10,18,0000,0000,0025,5006,ON,ON
18,09,2022,13,10,19,0000,0000,7805,5006,ON,ON
18,09,2022,13,18,42,0000,0000,7805,0040,ON,ON
18,09,2022,13,18,44,0000,0000,7805,5006,ON,ON
18,09,2022,13,18,49,0000,0000,7805,0000,ON,ON
18,09,2022,13,18,50,0000,0000,7805,5006,ON,ON
18,09,2022,13,27,58,0000,0000,7805,0051,ON,ON
18,09,2022,13,27,59,0000,0000,7805,5006,ON,ON
18,09,2022,13,28,03,0000,5006,7805,5006,ON,ON
18,09,2022,13,28,04,0000,5006,7805,5006,OFF,OFF
18,09,2022,13,28,05,0000,0000,7805,5006,OFF,OFF
18,09,2022,13,28,33,0000,0000,7805,5006,ON,OFF
18,09,2022,13,28,34,0000,0000,7805,5006,ON,ON
18,09,2022,13,35,37,0000,0000,7805,5006,OFF,ON
18,09,2022,13,35,38,0000,0000,7805,5006,OFF,OFF
18,09,2022,13,35,39,0000,0000,7805,5006,ON,OFF
18,09,2022,13,35,40,0000,0000,7805,5006,ON,ON
18,09,2022,13,37,18,0000,5006,7805,5006,ON,ON
18,09,2022,13,37,19,0000,5006,7805,5006,OFF,OFF
18,09,2022,13,37,20,0000,0000,7805,5006,OFF,OFF
18,09,2022,13,37,31,0000,5006,7805,5006,OFF,OFF
18,09,2022,13,37,32,0000,0000,7805,5006,OFF,OFF
18,09,2022,13,37,41,0000,0000,7805,5006,ON,OFF
18,09,2022,13,37,42,0000,0000,7805,5006,ON,ON
18,09,2022,13,38,01,7805,0000,7805,5006,ON,ON
18,09,2022,13,38,01,7805,0000,7805,5006,OFF,ON
18,09,2022,13,38,01,7805,0000,7805,5006,OFF,OFF
18,09,2022,13,38,02,0000,0000,7805,5006,OFF,OFF
18,09,2022,13,40,17,0000,0000,0000,0000,OFF,OFF
18,09,2022,13,41,53,0000,0000,0000,0000,OFF,OFF
18,09,2022,13,43,10,0000,0000,0000,0000,ON,OFF
18,09,2022,13,43,11,0000,0000,0000,0000,ON,ON
18,09,2022,14,07,43,0000,0000,0000,0083,ON,ON
18,09,2022,14,07,44,0000,0000,0000,0000,ON,ON
18,09,2022,14,07,48,0000,0000,0000,0081,ON,ON
18,09,2022,14,07,49,0000,0000,0000,0000,ON,ON
18,09,2022,14,10,00,0000,0000,0019,0000,ON,ON
18,09,2022,14,10,01,0000,0000,0000,0000,ON,ON
18,09,2022,14,17,05,0000,0000,0000,0081,ON,ON
18,09,2022,14,17,07,0000,0000,0000,0000,ON,ON
18,09,2022,14,17,08,0000,0000,0000,0081,ON,ON
18,09,2022,14,17,11,0000,0000,0000,0000,ON,ON
18,09,2022,14,17,13,0000,0000,0000,0081,ON,ON
18,09,2022,14,17,14,0000,0000,0000,0000,ON,ON
18,09,2022,14,19,49,0000,0000,0029,0000,ON,ON
18,09,2022,14,19,51,0000,0000,0000,0000,ON,ON
18,09,2022,14,35,18,0000,0000,0000,0095,ON,ON
18,09,2022,14,35,21,0000,0000,0000,0000,ON,ON
18,09,2022,14,35,37,0000,0000,0000,0093,ON,ON
18,09,2022,14,35,38,0000,0000,0000,0000,ON,ON
18,09,2022,14,35,40,0000,0000,0000,0093,ON,ON
18,09,2022,14,35,42,0000,0000,0000,0000,ON,ON
18,09,2022,14,47,30,0000,0000,0024,0000,ON,ON
18,09,2022,14,47,31,0000,0000,0000,0000,ON,ON
18,09,2022,14,49,35,0000,0000,0000,0080,ON,ON
18,09,2022,14,49,37,0000,0000,0000,0000,ON,ON
18,09,2022,15,12,16,0000,0000,0000,0070,ON,ON
18,09,2022,15,12,18,0000,0000,0000,0000,ON,ON
18,09,2022,15,21,49,0000,0000,0000,0078,ON,ON
18,09,2022,15,21,51,0000,0000,0000,0000,ON,ON
18,09,2022,15,26,23,0000,0000,0000,0094,ON,ON
18,09,2022,15,26,24,0000,0000,0000,0000,ON,ON
18,09,2022,15,40,09,0000,0000,0000,0094,ON,ON
18,09,2022,15,40,10,0000,0000,0000,0000,ON,ON
18,09,2022,15,42,41,0000,0000,0020,0000,ON,ON
18,09,2022,15,42,42,0000,0000,0000,0000,ON,ON
18,09,2022,15,42,48,0000,0000,0018,0000,ON,ON
18,09,2022,15,42,50,0000,0000,0000,0000,ON,ON
18,09,2022,15,52,14,0000,0000,0021,0000,ON,ON
18,09,2022,15,52,15,0000,0000,0000,0000,ON,ON
18,09,2022,15,56,32,0000,0000,0019,0000,ON,ON
18,09,2022,15,56,33,0000,0000,0000,0000,ON,ON
18,09,2022,15,58,07,0000,0000,0000,0045,ON,ON
18,09,2022,15,58,08,0000,0000,0000,0000,ON,ON
18,09,2022,15,58,18,0000,0000,0000,0095,ON,ON
18,09,2022,15,58,19,0000,0000,0000,0000,ON,ON
18,09,2022,16,07,29,0000,0000,0000,0072,ON,ON
18,09,2022,16,07,31,0000,0000,0000,0000,ON,ON
18,09,2022,16,19,31,0000,0000,0020,0000,ON,ON
18,09,2022,16,19,33,0000,0000,0000,0000,ON,ON
18,09,2022,16,39,35,0000,0000,0000,0093,ON,ON
18,09,2022,16,39,36,0000,0000,0000,0000,ON,ON
18,09,2022,16,47,16,0000,0000,0015,0000,ON,ON
18,09,2022,16,47,17,0000,0000,0000,0000,ON,ON
18,09,2022,16,49,03,0000,0000,0000,0069,ON,ON
18,09,2022,16,49,05,0000,0000,0000,0000,ON,ON
18,09,2022,16,49,11,0000,0000,0000,0069,ON,ON
18,09,2022,16,49,12,0000,0000,0000,0000,ON,ON
18,09,2022,16,57,05,0000,0000,0000,0000,OFF,ON
18,09,2022,16,57,05,0000,0000,0000,0000,OFF,OFF
